Time	Fascicle Length R1_F1	Pennation Angle R1_F1	
0.055261	57.627	0.21099
0.11052	57.6	0.21125
0.16578	57.753	0.21036
0.22104	57.889	0.20887
0.2763	58.098	0.2078
0.33156	58.422	0.20634
0.38683	58.518	0.2052
0.44209	58.44	0.20495
0.49735	58.408	0.20496
0.55261	58.145	0.20343
0.60787	58.093	0.2031
0.66313	57.999	0.20203
0.71839	57.972	0.20172
0.77365	57.872	0.20104
0.82891	57.899	0.19998
0.88417	57.933	0.19966
0.93943	57.942	0.19915
0.99469	57.966	0.1995
1.05	57.993	0.19985
1.1052	58.017	0.20034
1.1605	58.033	0.20023
1.2157	58.029	0.20001
1.271	58.101	0.19976
1.3263	58.118	0.19938
1.3815	57.968	0.19894
1.4368	57.976	0.1989
1.492	57.949	0.19878
1.5473	57.976	0.19826
1.6026	57.947	0.19742
1.6578	57.972	0.19668
1.7131	57.973	0.19634
1.7683	58.029	0.19583
1.8236	58.087	0.1951
1.8789	58.057	0.19486
1.9341	58.08	0.19474
1.9894	58.135	0.19369
2.0447	58.162	0.19361
2.0999	58.189	0.19319
2.1552	58.176	0.19324
2.2104	58.166	0.19312
2.2657	58.149	0.19312
2.321	58.181	0.19231
2.3762	58.219	0.19179
2.4315	58.248	0.19194
2.4867	58.306	0.19141
2.542	58.341	0.19142
2.5973	58.361	0.19128
2.6525	58.384	0.19104
2.7078	58.391	0.19075
2.763	58.446	0.1902
2.8183	58.464	0.18987
2.8736	58.434	0.18994
2.9288	58.448	0.18963
2.9841	58.42	0.18952
3.0393	58.424	0.18955
3.0946	58.436	0.1893
3.1499	58.46	0.18875
3.2051	58.516	0.18865
3.2604	58.534	0.18874
3.3156	58.525	0.18879
3.3709	58.575	0.18832
3.4262	58.603	0.18811
3.4814	58.641	0.18815
3.5367	58.738	0.18756
3.592	58.726	0.18763
3.6472	58.755	0.18743
3.7025	58.791	0.18683
3.7577	58.797	0.18725
3.813	58.795	0.18724
3.8683	58.828	0.18712
3.9235	58.887	0.18699
3.9788	58.933	0.18639
4.034	58.941	0.18598
4.0893	58.998	0.18586
4.1446	58.959	0.18584
4.1998	59.017	0.18555
4.2551	59.004	0.18584
4.3103	59.06	0.18575
4.3656	59.061	0.18557
4.4209	59.126	0.18554
4.4761	59.119	0.18575
4.5314	59.178	0.18542
4.5866	59.23	0.18558
4.6419	59.248	0.18537
4.6972	59.268	0.18546
4.7524	59.319	0.18551
4.8077	59.363	0.18503
4.863	59.399	0.18483
4.9182	59.422	0.18503
4.9735	59.429	0.18486
5.0287	59.455	0.1849
5.084	59.409	0.18508
5.1393	59.476	0.1846
5.1945	59.55	0.18442
5.2498	59.523	0.18428
5.305	59.599	0.18405
5.3603	59.588	0.18405
5.4156	59.597	0.18382
5.4708	59.587	0.18385
5.5261	59.608	0.18389
5.5813	59.67	0.18338
5.6366	59.734	0.1831
5.6919	59.74	0.18308
5.7471	59.762	0.18279
5.8024	59.793	0.18267
5.8576	59.791	0.1827
5.9129	59.777	0.1829
5.9682	59.774	0.18264
6.0234	59.777	0.18275
6.0787	59.751	0.18216
6.134	59.777	0.18154
6.1892	59.734	0.18128
6.2445	59.761	0.18087
6.2997	59.773	0.18086
6.355	59.825	0.18081
6.4103	59.886	0.18071
6.4655	59.899	0.18055
6.5208	59.878	0.18058
6.576	59.947	0.18031
6.6313	59.947	0.18018
6.6866	59.967	0.17988
6.7418	60.011	0.17956
6.7971	59.949	0.1795
6.8523	60.002	0.17932
6.9076	60.022	0.17928
6.9629	60.06	0.17918
7.0181	60.077	0.17882
7.0734	60.112	0.17891
7.1286	60.132	0.179
7.1839	60.159	0.17921
7.2392	60.207	0.17863
7.2944	60.213	0.17859
7.3497	60.209	0.17885
7.405	60.232	0.17882
7.4602	60.242	0.17859
7.5155	60.256	0.17911
7.5707	60.329	0.17848
7.626	60.326	0.17911
7.6813	60.307	0.17918
7.7365	60.314	0.17917
7.7918	60.262	0.17923
7.847	60.204	0.17882
7.9023	60.2	0.17901
7.9576	60.158	0.1792
8.0128	60.18	0.1792
8.0681	60.238	0.17922
8.1233	60.189	0.1792
8.1786	60.124	0.17982
8.2339	60.177	0.17954
8.2891	60.177	0.17958
8.3444	60.177	0.17985
8.3996	60.157	0.17979
8.4549	60.134	0.17982
8.5102	60.118	0.17984
8.5654	60.105	0.18005
8.6207	60.084	0.18003
8.676	60.143	0.17982
8.7312	60.146	0.18005
8.7865	60.121	0.17998
8.8417	60.138	0.17999
8.897	60.142	0.18023
8.9523	60.154	0.17994
9.0075	60.148	0.18008
9.0628	60.187	0.17998
9.118	60.179	0.18028
9.1733	60.181	0.18022
9.2286	60.22	0.18027
9.2838	60.21	0.18076
9.3391	60.23	0.18038
9.3943	60.149	0.18066
9.4496	60.162	0.18017
9.5049	60.174	0.17997
9.5601	60.165	0.17954
9.6154	60.13	0.17955
9.6706	60.171	0.17931
9.7259	60.117	0.17897
9.7812	60.116	0.17865
9.8364	60.128	0.17874
9.8917	60.141	0.17867
9.9469	60.118	0.17873
10.002	60.168	0.17837
10.057	60.166	0.1784
10.113	60.134	0.17846
10.168	60.206	0.17804
10.223	60.18	0.17833
10.279	60.219	0.17814
10.334	60.221	0.17799
10.389	60.257	0.17805
10.444	60.214	0.17806
10.5	60.285	0.17794
10.555	60.299	0.17812
10.61	60.313	0.17819
10.665	60.396	0.17815
10.721	60.4	0.17836
10.776	60.43	0.17826
10.831	60.354	0.17861
10.886	60.31	0.17868
10.942	60.235	0.17897
10.997	60.257	0.17926
11.052	60.253	0.17972
11.107	60.232	0.17959
11.163	60.243	0.17934
11.218	60.268	0.17931
11.273	60.256	0.17923
11.328	60.317	0.17941
11.384	60.309	0.17958
11.439	60.401	0.17905
11.494	60.392	0.17951
11.55	60.469	0.17963
11.605	60.429	0.17957
11.66	60.47	0.17943
11.715	60.474	0.17963
11.771	60.506	0.17951
11.826	60.551	0.17948
11.881	60.565	0.17978
11.936	60.5	0.17964
11.992	60.512	0.17932
12.047	60.505	0.17918
12.102	60.442	0.17955
12.157	60.422	0.17957
12.213	60.392	0.17995
12.268	60.389	0.18023
12.323	60.347	0.18091
12.378	60.291	0.18117
12.434	60.238	0.18236
12.489	60.293	0.18265
12.544	60.33	0.18315
12.599	60.332	0.18376
12.655	60.359	0.18391
12.71	60.303	0.18406
12.765	60.303	0.18408
12.821	60.308	0.18366
12.876	60.212	0.18385
12.931	60.183	0.18385
12.986	60.161	0.18403
13.042	60.169	0.18438
13.097	60.233	0.18395
13.152	60.227	0.184
13.207	60.213	0.18431
13.263	60.199	0.18436
13.318	60.163	0.18432
13.373	60.188	0.18429
13.428	60.175	0.18419
13.484	60.3	0.18394
13.539	60.33	0.1841
13.594	60.312	0.18452
13.649	60.313	0.18439
13.705	60.34	0.18429
13.76	60.313	0.1846
13.815	60.33	0.18467
13.87	60.328	0.18469
13.926	60.357	0.18463
13.981	60.369	0.18461
14.036	60.376	0.18462
14.092	60.41	0.1848
14.147	60.402	0.18485
14.202	60.438	0.18491
14.257	60.422	0.18482
14.313	60.438	0.1846
14.368	60.48	0.18465
14.423	60.505	0.18474
14.478	60.526	0.18528
14.534	60.538	0.18471
14.589	60.539	0.18492
14.644	60.58	0.18486
14.699	60.561	0.185
14.755	60.576	0.18459
14.81	60.602	0.18465
14.865	60.641	0.18436
14.92	60.64	0.18445
14.976	60.639	0.18458
15.031	60.64	0.18467
15.086	60.693	0.18459
15.141	60.715	0.18448
15.197	60.753	0.18454
15.252	60.785	0.18446
15.307	60.825	0.18455
15.363	60.85	0.18446
15.418	60.919	0.18403
15.473	60.914	0.18447
15.528	60.925	0.18478
15.584	60.94	0.18505
15.639	60.97	0.18498
15.694	60.992	0.18535
15.749	61.01	0.18526
15.805	61.029	0.1854
15.86	61.113	0.18533
15.915	61.14	0.1855
15.97	61.131	0.1858
16.026	61.141	0.18581
16.081	61.198	0.18592
16.136	61.167	0.1864
16.191	61.188	0.1865
16.247	61.196	0.18649
16.302	61.256	0.18629
16.357	61.254	0.18686
16.412	61.25	0.18706
16.468	61.241	0.18736
16.523	61.21	0.18807
16.578	61.246	0.1881
16.634	61.239	0.18794
16.689	61.25	0.18825
16.744	61.235	0.18798
16.799	61.312	0.18832
16.855	61.25	0.18812
16.91	61.305	0.18822
16.965	61.342	0.18862
17.02	61.281	0.18873
17.076	61.248	0.18924
17.131	61.221	0.18877
17.186	61.199	0.18893
17.241	61.166	0.18843
17.297	61.159	0.18876
17.352	61.135	0.18894
17.407	61.13	0.18979
17.462	61.109	0.18981
17.518	61.113	0.19079
17.573	61.125	0.19127
17.628	61.096	0.19132
17.683	61.096	0.19116
17.739	61.123	0.19089
17.794	61.175	0.19076
17.849	61.13	0.19122
17.905	61.148	0.19091
17.96	61.151	0.19081
18.015	61.227	0.1902
18.07	61.215	0.19054
18.126	61.196	0.19103
18.181	61.223	0.19168
18.236	61.195	0.19162
18.291	61.221	0.19187
18.347	61.246	0.19152
18.402	61.284	0.19189
18.457	61.291	0.192
18.512	61.278	0.19244
18.568	61.26	0.19248
18.623	61.18	0.18985
18.678	61.219	0.18685
18.733	61.169	0.18304
18.789	60.912	0.18327
18.844	60.55	0.18291
18.899	60.345	0.18044
18.954	60.23	0.17949
19.01	59.785	0.17811
19.065	59.368	0.17758
19.12	58.987	0.17703
19.176	58.799	0.17622
19.231	58.586	0.17635
19.286	58.519	0.17367
19.341	58.401	0.17237
19.397	57.753	0.17243
19.452	57.691	0.17216
19.507	57.681	0.17304
19.562	57.59	0.17262
19.618	57.575	0.17138
19.673	57.53	0.17094
19.728	57.542	0.17006
19.783	57.431	0.16943
19.839	57.438	0.16975
19.894	57.425	0.16982
19.949	57.458	0.17
20.004	57.367	0.16937
20.06	57.385	0.16962
20.115	57.284	0.16998
20.17	57.255	0.17045
20.225	57.344	0.17116
20.281	57.372	0.17186
20.336	57.462	0.17254
20.391	57.4	0.17232
20.447	57.323	0.17046
20.502	57.318	0.17092
20.557	57.222	0.17148
20.612	57.383	0.1714
20.668	57.496	0.17036
20.723	57.541	0.16989
20.778	57.637	0.16953
20.833	57.497	0.17208
20.889	57.446	0.17488
20.944	57.392	0.175
20.999	57.367	0.17397
21.054	57.387	0.17632
21.11	57.369	0.17863
21.165	57.36	0.17846
21.22	57.43	0.17888
21.275	57.458	0.1792
21.331	57.413	0.17889
21.386	57.421	0.179
21.441	57.473	0.17876
21.496	57.533	0.17864
21.552	57.515	0.17878
21.607	57.514	0.17875
21.662	57.511	0.17869
21.718	57.533	0.17927
21.773	57.449	0.17974
21.828	57.449	0.17975
21.883	57.441	0.17912
21.939	57.481	0.17897
