SOLend			SOLext		
t	x	y	t	x	y
0	4.423357568	8.452554561	0	-11.6934304	14.14598509
0.059612519	4.445696629	8.454786664	0.059612519	-11.69907241	14.14527221
0.119225037	4.563552879	8.468715486	0.119225037	-11.80456244	14.14609063
0.178837556	4.6244961	8.482693944	0.178837556	-11.8684265	14.14755147
0.238450075	4.786739004	8.50014068	0.238450075	-11.97302746	14.14877164
0.298062593	4.865681988	8.524837025	0.298062593	-12.0847046	14.14753743
0.357675112	4.963756018	8.534387778	0.357675112	-12.15323545	14.14528374
0.41728763	5.039840256	8.540781803	0.41728763	-12.23509212	14.14565295
0.476900149	5.062670356	8.551966291	0.476900149	-12.34061741	14.14586347
0.536512668	5.222194189	8.576180685	0.536512668	-12.51185166	14.14663726
0.596125186	5.388039038	8.603914695	0.596125186	-12.68528282	14.14685665
0.655737705	5.529022404	8.63606534	0.655737705	-12.93088454	14.1470846
0.715350224	5.654588517	8.651946614	0.715350224	-13.16080009	14.14704439
0.774962742	5.562049578	8.674268944	0.774962742	-13.28132361	14.14608735
0.834575261	5.566637599	8.681465294	0.834575261	-13.32596802	14.14629301
0.894187779	5.547925252	8.684288591	0.894187779	-13.35442895	14.14703875
0.953800298	5.556643695	8.687609796	0.953800298	-13.35423544	14.14698047
1.013412817	5.474475985	8.689111975	1.013412817	-13.34291074	14.14661049
1.073025335	5.327527939	8.683447285	1.073025335	-13.33355454	14.1466948
1.132637854	5.298208855	8.686637562	1.132637854	-13.33600652	14.14585495
1.192250373	5.160115181	8.686322014	1.192250373	-13.3382732	14.14540529
1.251862891	4.964330962	8.684959391	1.251862891	-13.33954731	14.14515518
1.31147541	4.811105821	8.686123953	1.31147541	-13.34174619	14.14493439
1.371087928	4.711507812	8.688418937	1.371087928	-13.34228236	14.14454898
1.430700447	4.586154635	8.681785056	1.430700447	-13.34243529	14.14466544
1.490312966	4.518892428	8.681715808	1.490312966	-13.34135512	14.1449794
1.549925484	4.446799722	8.682358425	1.549925484	-13.33933514	14.14497864
1.609538003	4.383381637	8.681993985	1.609538003	-13.33907213	14.14504422
1.669150522	4.259300069	8.678992303	1.669150522	-13.33868422	14.14546393
1.72876304	4.152156595	8.674859179	1.72876304	-13.3388607	14.14544704
1.788375559	4.048964528	8.673759557	1.788375559	-13.34051703	14.14540486
1.847988077	4.060502855	8.674478031	1.847988077	-13.33846809	14.1452421
1.907600596	4.038023573	8.674661966	1.907600596	-13.33971055	14.14518337
1.967213115	3.972326996	8.673452451	1.967213115	-13.34227047	14.14507278
2.026825633	3.800003714	8.670400841	2.026825633	-13.34150038	14.14516057
2.086438152	3.701139589	8.669219054	2.086438152	-13.34123787	14.14525586
2.146050671	3.622211318	8.669808391	2.146050671	-13.34202057	14.14538363
2.205663189	3.470280312	8.669097332	2.205663189	-13.34199197	14.14524618
2.265275708	3.307520914	8.666890393	2.265275708	-13.34272431	14.14546602
2.324888227	3.173968435	8.665476158	2.324888227	-13.34188893	14.14540587
2.384500745	3.022524343	8.662012968	2.384500745	-13.34277067	14.14544053
2.444113264	2.964441119	8.661564371	2.444113264	-13.3405525	14.14526898
2.503725782	2.976832336	8.6679546	2.503725782	-13.34083746	14.14538271
2.563338301	2.875610522	8.6697656	2.563338301	-13.34122294	14.14544269
2.62295082	2.799908876	8.670076515	2.62295082	-13.34219147	14.14534458
2.682563338	2.728136372	8.667715418	2.682563338	-13.34162558	14.14546613
2.742175857	2.636464049	8.665634085	2.742175857	-13.33990059	14.14540972
2.801788376	2.491197297	8.661223353	2.801788376	-13.34009146	14.14549363
2.861400894	2.458849117	8.662559703	2.861400894	-13.33983928	14.14549231
2.921013413	2.342566358	8.662077783	2.921013413	-13.33922491	14.1454688
2.980625931	2.294118918	8.666898567	2.980625931	-13.33955075	14.14551204
3.04023845	2.241108327	8.668141473	3.04023845	-13.34073777	14.14538097
3.099850969	2.09717535	8.668406854	3.099850969	-13.34083531	14.14546236
3.159463487	2.022782714	8.66926076	3.159463487	-13.34054399	14.1453165
3.219076006	1.89186642	8.667595004	3.219076006	-13.34085054	14.14538413
3.278688525	1.714178476	8.665698319	3.278688525	-13.34214291	14.14537672
3.338301043	1.723085955	8.669533793	3.338301043	-13.34187997	14.145405
3.397913562	1.654995565	8.670474341	3.397913562	-13.3423874	14.14546936
3.45752608	1.558336202	8.67102704	3.45752608	-13.34163254	14.14526676
3.517138599	1.440671674	8.6680331	3.517138599	-13.34130753	14.1453495
3.576751118	1.334931103	8.66706912	3.576751118	-13.34129987	14.14531607
3.636363636	1.32507223	8.667443279	3.636363636	-13.34271171	14.14535993
3.695976155	1.303429451	8.667829824	3.695976155	-13.34091106	14.14538377
3.755588674	1.24243151	8.671791586	3.755588674	-13.34218385	14.14540367
3.815201192	1.204989337	8.673449786	3.815201192	-13.34372536	14.14538284
3.874813711	1.175901543	8.674426388	3.874813711	-13.34277843	14.14557963
3.93442623	1.166678731	8.675994966	3.93442623	-13.34234576	14.14567146
3.994038748	1.108004226	8.674412971	3.994038748	-13.34401867	14.14557282
4.053651267	1.131623794	8.674754183	4.053651267	-13.34304734	14.1456253
4.113263785	1.128562541	8.675572789	4.113263785	-13.3428663	14.14566864
4.172876304	1.140867203	8.675595258	4.172876304	-13.3424296	14.14538441
4.232488823	1.131087816	8.675918182	4.232488823	-13.3436791	14.14551416
4.292101341	1.123054837	8.676005594	4.292101341	-13.34354939	14.14562731
4.35171386	1.130441572	8.676418137	4.35171386	-13.34339477	14.14556903
4.411326379	1.12093453	8.676991295	4.411326379	-13.34312486	14.1455788
4.470938897	1.134947178	8.677771413	4.470938897	-13.34194873	14.14571185
4.530551416	1.12638234	8.678815863	4.530551416	-13.34271946	14.14560283
4.590163934	1.139545083	8.679439867	4.590163934	-13.34255312	14.14550189
4.649776453	1.13077355	8.681626742	4.649776453	-13.34230484	14.14545671
4.709388972	1.114040235	8.681330618	4.709388972	-13.34298839	14.14547195
4.76900149	1.068356741	8.680818504	4.76900149	-13.34345721	14.14577886
4.828614009	1.04459771	8.680883032	4.828614009	-13.34526445	14.14564217
4.888226528	1.098609781	8.68116774	4.888226528	-13.34531972	14.14556088
4.947839046	1.173196033	8.682034037	4.947839046	-13.34427839	14.14567767
5.007451565	1.215222612	8.676586339	5.007451565	-13.34437089	14.14571058
5.067064083	1.232736064	8.667828667	5.067064083	-13.34662554	14.14579148
5.126676602	1.220368075	8.666088364	5.126676602	-13.34844075	14.14590008
5.186289121	1.264752375	8.6683913	5.186289121	-13.34918549	14.14587466
5.245901639	1.272743264	8.671685294	5.245901639	-13.34961809	14.14562158
5.305514158	1.346164124	8.675438276	5.305514158	-13.34935543	14.14545398
5.365126677	1.467061892	8.679280282	5.365126677	-13.3482001	14.14568549
5.424739195	1.62221723	8.685275252	5.424739195	-13.34815458	14.14546332
5.484351714	1.745903992	8.685559754	5.484351714	-13.34712639	14.14576014
5.543964232	1.815172973	8.685284287	5.543964232	-13.34671768	14.14561556
5.603576751	1.901383914	8.68510349	5.603576751	-13.34711584	14.14573455
5.66318927	1.994411308	8.686101351	5.66318927	-13.34586491	14.14553978
5.722801788	2.134906751	8.68805819	5.722801788	-13.34601972	14.14550474
5.782414307	2.147679321	8.685855571	5.782414307	-13.34571121	14.14551218
5.842026826	2.202293617	8.684012156	5.842026826	-13.34508368	14.14572637
5.901639344	2.295012986	8.680851153	5.901639344	-13.3444042	14.14611642
5.961251863	2.355552353	8.684862369	5.961251863	-13.34486102	14.14590132
6.020864382	2.426738706	8.686801463	6.020864382	-13.3454429	14.1459742
6.0804769	2.494011249	8.691415714	6.0804769	-13.34747883	14.14580259
6.140089419	2.573351351	8.698970159	6.140089419	-13.34681307	14.14594329
6.199701937	2.670004844	8.696236273	6.199701937	-13.34670284	14.1458671
6.259314456	2.734340548	8.69340052	6.259314456	-13.34899037	14.14578123
6.318926975	2.765790264	8.689389532	6.318926975	-13.35366702	14.14564864
6.378539493	2.84008135	8.689902584	6.378539493	-13.35756988	14.14582815
6.438152012	2.89171893	8.690727262	6.438152012	-13.37225757	14.14596608
6.497764531	2.965429445	8.688092297	6.497764531	-13.41206874	14.14705464
6.557377049	3.002314778	8.687493071	6.557377049	-13.46242392	14.14759595
6.616989568	3.036973453	8.689749275	6.616989568	-13.49960347	14.14793721
6.676602086	3.170158996	8.691066624	6.676602086	-13.51179546	14.14759283
6.736214605	3.185729227	8.694275885	6.736214605	-13.565302	14.14625101
6.795827124	3.265155877	8.698260033	6.795827124	-13.62159098	14.14573253
6.855439642	3.310659564	8.703052525	6.855439642	-13.67526023	14.14668271
6.915052161	3.353583768	8.705362912	6.915052161	-13.7351345	14.14605759
6.97466468	3.333533383	8.695981662	6.97466468	-13.808091	14.14566261
7.034277198	3.314344795	8.691993684	7.034277198	-13.88002294	14.14616174
7.093889717	3.340905762	8.693223184	7.093889717	-13.94425801	14.14493421
7.153502235	3.47873957	8.703128911	7.153502235	-13.98752315	14.14456593
7.213114754	3.614979125	8.703800619	7.213114754	-14.04511108	14.14514014
7.272727273	3.625826534	8.698783025	7.272727273	-14.10157754	14.14549223
7.332339791	3.595075564	8.695857268	7.332339791	-14.18867238	14.14491011
7.39195231	3.613734202	8.695025316	7.39195231	-14.23793052	14.14647869
7.451564829	3.699334112	8.700553287	7.451564829	-14.30166983	14.1458066
7.511177347	3.731570488	8.702066157	7.511177347	-14.34255312	14.14519424
7.570789866	3.7160327	8.695448327	7.570789866	-14.35868706	14.14482559
7.630402385	3.744318162	8.684847239	7.630402385	-14.38470194	14.14569638
7.690014903	3.763609299	8.679040187	7.690014903	-14.39478559	14.14583443
7.749627422	3.805742207	8.678811476	7.749627422	-14.3964944	14.14599182
7.80923994	3.847304714	8.677144304	7.80923994	-14.39810563	14.14586963
7.868852459	3.861737993	8.679453863	7.868852459	-14.39792432	14.14585537
7.928464978	3.911283013	8.68071952	7.928464978	-14.39809507	14.14596063
7.988077496	3.927828792	8.681397804	7.988077496	-14.39573967	14.14587122
8.047690015	3.99637636	8.685723823	8.047690015	-14.39635451	14.14585776
8.107302534	4.073920898	8.690548663	8.107302534	-14.39445055	14.1459003
8.166915052	4.140340071	8.689333486	8.166915052	-14.39588187	14.14599846
8.226527571	4.127529907	8.685506003	8.226527571	-14.39554348	14.14587976
8.286140089	4.13294341	8.683367437	8.286140089	-14.39572989	14.14584458
8.345752608	4.123209721	8.681769501	8.345752608	-14.39486424	14.14587788
8.405365127	4.12870515	8.681092141	8.405365127	-14.39487688	14.14586381
8.464977645	4.122076576	8.679846731	8.464977645	-14.39455473	14.14577994
8.524590164	4.103389613	8.680652607	8.524590164	-14.39473198	14.1457898
8.584202683	4.072978251	8.678044061	8.584202683	-14.39428567	14.14584515
8.643815201	4.060626942	8.67771218	8.643815201	-14.39535444	14.14580075
8.70342772	4.033737796	8.67542717	8.70342772	-14.39512661	14.1458196
8.763040238	3.98790625	8.673347741	8.763040238	-14.39464133	14.14591131
8.822652757	3.894936934	8.670546548	8.822652757	-14.39413563	14.14573032
8.882265276	3.895028616	8.669049096	8.882265276	-14.39262874	14.14589154
8.941877794	3.870781458	8.671544153	8.941877794	-14.39318283	14.1457924
9.001490313	3.870988109	8.671711474	9.001490313	-14.39085562	14.14561051
9.061102832	3.807977491	8.670513297	9.061102832	-14.3920673	14.14559179
9.12071535	3.787348283	8.668916768	9.12071535	-14.39048349	14.14558087
9.180327869	3.766105616	8.669305951	9.180327869	-14.38997832	14.14548555
9.239940387	3.711697546	8.668814886	9.239940387	-14.39136152	14.14564584
9.299552906	3.659691379	8.668229927	9.299552906	-14.39166966	14.14572106
9.359165425	3.563595443	8.66684012	9.359165425	-14.39037536	14.14557977
9.418777943	3.580867772	8.669232028	9.418777943	-14.38756872	14.14560069
9.478390462	3.590175714	8.669395187	9.478390462	-14.38467562	14.1453083
9.538002981	3.517957258	8.668683386	9.538002981	-14.38614007	14.14523758
9.597615499	3.37267395	8.666613415	9.597615499	-14.38719808	14.14540355
9.657228018	3.329665622	8.663958869	9.657228018	-14.38433572	14.14512294
9.716840537	3.304509812	8.667954698	9.716840537	-14.38189416	14.14502454
9.776453055	3.259702197	8.67005381	9.776453055	-14.38041943	14.14477773
9.836065574	3.334379946	8.669731139	9.836065574	-14.37956052	14.1449492
9.895678092	3.31417966	8.672695279	9.895678092	-14.37759822	14.14484168
9.955290611	3.320430673	8.671847628	9.955290611	-14.37680561	14.14481821
10.01490313	3.245105337	8.670529892	10.01490313	-14.38282205	14.14508181
10.07451565	3.075061857	8.665843199	10.07451565	-14.3844571	14.14517209
10.13412817	3.013050345	8.662479907	10.13412817	-14.38450276	14.14532463
10.19374069	2.972676451	8.665646823	10.19374069	-14.38232619	14.1453079
10.2533532	2.972734986	8.664061568	10.2533532	-14.37888034	14.14531787
10.31296572	2.892189441	8.654132184	10.31296572	-14.38357305	14.14577574
10.37257824	2.800557265	8.649135973	10.37257824	-14.38507876	14.14584675
10.43219076	2.698188753	8.654301392	10.43219076	-14.38576372	14.14575547
10.49180328	2.670603498	8.655982358	10.49180328	-14.38254121	14.14531675
10.5514158	2.654891158	8.65928508	10.5514158	-14.37747892	14.14507091
10.61102832	2.629954178	8.664111884	10.61102832	-14.37311059	14.1449705
10.67064083	2.638882281	8.664171206	10.67064083	-14.36886392	14.14488767
10.73025335	2.61066839	8.663498378	10.73025335	-14.37160419	14.14482513
10.78986587	2.567731124	8.662220609	10.78986587	-14.37737851	14.14499626
10.84947839	2.607272828	8.662057124	10.84947839	-14.37679883	14.14467214
10.90909091	2.675624007	8.662165976	10.90909091	-14.38191149	14.14476642
10.96870343	2.737400712	8.662153538	10.96870343	-14.38012242	14.14463467
11.02831595	2.69010332	8.66067804	11.02831595	-14.38443904	14.14495144
11.08792846	2.671719098	8.659586355	11.08792846	-14.38820295	14.14517399
11.14754098	2.655630568	8.658297826	11.14754098	-14.38603702	14.14500016
11.2071535	2.683159219	8.662442109	11.2071535	-14.38914681	14.14503052
11.26676602	2.664221451	8.663397321	11.26676602	-14.39082425	14.14503928
11.32637854	2.609788737	8.6638823	11.32637854	-14.38677302	14.14508747
11.38599106	2.618384996	8.668268906	11.38599106	-14.38109409	14.14487355
11.44560358	2.608438202	8.670218455	11.44560358	-14.38482594	14.1450912
11.5052161	2.535118072	8.670490796	11.5052161	-14.38634735	14.14524592
11.56482861	2.47609167	8.671271419	11.56482861	-14.38866537	14.14512315
11.62444113	2.454928824	8.670500914	11.62444113	-14.38873228	14.14532834
11.68405365	2.369038118	8.673811353	11.68405365	-14.39073196	14.14551908
11.74366617	2.384349074	8.674669019	11.74366617	-14.39062746	14.14550187
11.80327869	2.391754472	8.675979301	11.80327869	-14.38977916	14.14534874
11.86289121	2.400342554	8.675955832	11.86289121	-14.39047448	14.14559953
11.92250373	2.392919679	8.675528626	11.92250373	-14.39150226	14.14566894
11.98211624	2.349499154	8.67464904	11.98211624	-14.39175539	14.14563056
12.04172876	2.269385846	8.67265429	12.04172876	-14.39082014	14.14557273
12.10134128	2.251597871	8.672122757	12.10134128	-14.39030213	14.14565833
12.1609538	2.190900086	8.673788121	12.1609538	-14.39026012	14.14552024
12.22056632	2.173464521	8.674621399	12.22056632	-14.39123917	14.14561343
12.28017884	2.159008036	8.674381086	12.28017884	-14.39235134	14.14557797
12.33979136	2.14481837	8.674004704	12.33979136	-14.39193085	14.14563814
12.39940387	2.147716466	8.67525766	12.39940387	-14.39211541	14.14554686
12.45901639	2.184974929	8.676902835	12.45901639	-14.39088104	14.14558416
12.51862891	2.182180958	8.679165071	12.51862891	-14.39329656	14.14568801
12.57824143	2.187020812	8.682002143	12.57824143	-14.39312511	14.14555317
12.63785395	2.080644591	8.679960724	12.63785395	-14.39339585	14.14569876
12.69746647	2.038049686	8.679303502	12.69746647	-14.39499595	14.1457905
12.75707899	1.975884786	8.680834619	12.75707899	-14.39501544	14.14591729
12.81669151	1.984301678	8.680575044	12.81669151	-14.39668644	14.14565305
12.87630402	1.975749428	8.681480754	12.87630402	-14.3970304	14.14564806
12.93591654	1.946792021	8.681130076	12.93591654	-14.3992056	14.14574688
12.99552906	1.862527292	8.679969319	12.99552906	-14.40057152	14.14558543
13.05514158	1.836152511	8.680857356	13.05514158	-14.40223402	14.14553363
13.1147541	1.877039813	8.681498494	13.1147541	-14.39979264	14.14572212
13.17436662	1.894153156	8.68659884	13.17436662	-14.40094642	14.14571749
13.23397914	1.987780677	8.689797108	13.23397914	-14.39957065	14.14565977
13.29359165	2.011796475	8.690386111	13.29359165	-14.39800841	14.14561247
13.35320417	1.984018655	8.693993285	13.35320417	-14.40224118	14.1453609
13.41281669	1.943571556	8.690668652	13.41281669	-14.40268403	14.14569178
13.47242921	1.925328288	8.689438188	13.47242921	-14.40695442	14.14552518
13.53204173	1.992521248	8.689940936	13.53204173	-14.40645697	14.14564828
13.59165425	2.157109136	8.697746377	13.59165425	-14.40473465	14.1455133
13.65126677	2.168460425	8.695823114	13.65126677	-14.40759962	14.14563152
13.71087928	2.168594719	8.692844946	13.71087928	-14.40622153	14.14581691
13.7704918	2.188663718	8.689336927	13.7704918	-14.40740468	14.14604669
13.83010432	2.270267834	8.692192329	13.83010432	-14.40462282	14.14629157
13.88971684	2.367124309	8.692096896	13.88971684	-14.40404375	14.14596716
13.94932936	2.451466236	8.692546715	13.94932936	-14.4033015	14.14603801
14.00894188	2.466719302	8.688352259	14.00894188	-14.40180422	14.14621405
14.0685544	2.473931476	8.687445507	14.0685544	-14.4032532	14.14618987
14.12816692	2.475498363	8.685715475	14.12816692	-14.4051549	14.14605531
14.18777943	2.490672824	8.68526993	14.18777943	-14.40698182	14.14600528
14.24739195	2.552589996	8.686491013	14.24739195	-14.40909517	14.14600257
14.30700447	2.746969028	8.691250874	14.30700447	-14.4059263	14.14639694
14.36661699	2.867739729	8.692073618	14.36661699	-14.40539838	14.14620639
14.42622951	2.845220819	8.68642372	14.42622951	-14.40689867	14.14587257
14.48584203	2.286379461	8.657336688	14.48584203	-14.39849946	14.14561377
14.54545455	1.67575196	8.597591044	14.54545455	-14.37309298	14.14494426
14.60506706	1.684622241	8.539604211	14.60506706	-14.36245129	14.14460657
14.66467958	1.954423183	8.459316836	14.66467958	-14.37587441	14.14409924
14.7242921	2.001113518	8.382916178	14.7242921	-14.02535748	14.14391357
14.78390462	1.817781684	8.231724038	14.78390462	-12.90439744	14.14113604
14.84351714	1.424596932	8.087202508	14.84351714	-11.84499276	14.14434474
14.90312966	0.471574642	8.059044387	14.90312966	-11.63035469	14.14094572
14.96274218	0.461645458	8.107675961	14.96274218	-11.64357305	14.14240374
15.02235469	0.094654911	8.067247449	15.02235469	-11.64332247	14.14324621
15.08196721	0.093661879	8.031443763	15.08196721	-11.62507904	14.14388306
15.14157973	0.21386866	8.000307852	15.14157973	-11.60598848	14.14390862
15.20119225	-0.063941567	7.967925724	15.20119225	-11.58184895	14.14430919
15.26080477	-0.078225523	7.994189607	15.26080477	-11.605046	14.14485826
15.32041729	-0.252331506	7.989044306	15.32041729	-11.61277076	14.14478016
15.38002981	-0.205168008	7.918161681	15.38002981	-11.58909021	14.14486557
15.43964232	-0.640365148	7.809127645	15.43964232	-11.59148918	14.14407426
15.49925484	-0.315268879	7.432367343	15.49925484	-11.59708749	14.1441252
15.55886736	0.0833653	6.933582474	15.55886736	-11.46062454	14.14680866
