MTJ_BEST			mass_A		
t	x	y	t	x	y
0.00000000000000	22.01610990000000	1.71428447400000	0.00000000000000	11.19001135000000	8.07065565200000
0.05961251863000	22.01984146000000	1.71506242600000	0.05961251863000	11.18949152000000	8.07024520500000
0.11922503730000	22.10529873000000	1.70739753200000	0.11922503730000	11.19076851000000	8.07005488300000
0.17883755590000	22.15013369000000	1.70537724300000	0.17883755590000	11.19171598000000	8.07016277900000
0.23845007450000	22.17552759000000	1.70129650200000	0.23845007450000	11.18997423000000	8.07019269200000
0.29806259310000	22.23395085000000	1.69636437900000	0.29806259310000	11.19140235000000	8.07028232300000
0.35767511180000	22.29752930000000	1.68992559100000	0.35767511180000	11.19517722000000	8.06985862100000
0.41728763040000	22.36838250000000	1.68163374200000	0.41728763040000	11.19453600000000	8.07000661700000
0.47690014900000	22.41563815000000	1.67988314600000	0.47690014900000	11.19364683000000	8.07026925700000
0.53651266770000	22.47591288000000	1.67360320400000	0.53651266770000	11.19855086000000	8.06948799000000
0.59612518630000	22.57716054000000	1.66550161100000	0.59612518630000	11.20199031000000	8.06917772000000
0.65573770490000	22.64666058000000	1.65755098100000	0.65573770490000	11.20789643000000	8.06956744600000
0.71535022350000	22.79425833000000	1.64390709400000	0.71535022350000	11.21625620000000	8.06971975400000
0.77496274220000	22.85759972000000	1.64046262900000	0.77496274220000	11.21059058000000	8.06991393600000
0.83457526080000	22.95567565000000	1.63144155100000	0.83457526080000	11.20813936000000	8.06960918300000
0.89418777940000	22.99158420000000	1.62628734000000	0.89418777940000	11.20444699000000	8.07004594300000
0.95380029810000	23.08740116000000	1.61976749500000	0.95380029810000	11.20238529000000	8.07000803700000
1.01341281700000	23.13341003000000	1.61104108700000	1.01341281700000	11.19948497000000	8.07002513700000
1.07302533500000	23.25080621000000	1.59710574900000	1.07302533500000	11.20312816000000	8.07010967200000
1.13263785400000	23.41199039000000	1.57625766200000	1.13263785400000	11.20084409000000	8.06987800000000
1.19225037300000	23.40962584000000	1.58468311600000	1.19225037300000	11.19604448000000	8.07014315600000
1.25186289100000	23.41429720000000	1.58955533700000	1.25186289100000	11.19236608000000	8.07076678600000
1.31147541000000	23.52341641000000	1.58184541700000	1.31147541000000	11.19535946000000	8.07070623500000
1.37108792800000	23.57309020000000	1.57913389900000	1.37108792800000	11.19415570000000	8.07068546300000
1.43070044700000	23.65651746000000	1.57035251100000	1.43070044700000	11.19464406000000	8.07059349900000
1.49031296600000	23.69559905000000	1.56819074700000	1.49031296600000	11.19543335000000	8.07021963400000
1.54992548400000	23.77178328000000	1.56170001600000	1.54992548400000	11.19402292000000	8.07043753800000
1.60953800300000	23.81037759000000	1.55700274200000	1.60953800300000	11.19359715000000	8.07010246300000
1.66915052200000	23.88076138000000	1.54826238800000	1.66915052200000	11.19326121000000	8.07042855200000
1.72876304000000	23.92538861000000	1.54204072500000	1.72876304000000	11.19196644000000	8.07049334400000
1.78837555900000	23.95387987000000	1.54308497100000	1.78837555900000	11.19203882000000	8.07049929600000
1.84798807700000	24.02301647000000	1.53427844900000	1.84798807700000	11.19071186000000	8.07055099800000
1.90760059600000	24.12194602000000	1.52672919000000	1.90760059600000	11.19139743000000	8.07038702000000
1.96721311500000	24.17283752000000	1.52381149000000	1.96721311500000	11.19090242000000	8.07018552500000
2.02682563300000	24.25254148000000	1.51548230900000	2.02682563300000	11.19085475000000	8.07056501600000
2.08643815200000	24.31341167000000	1.51079310100000	2.08643815200000	11.18974320000000	8.07047580000000
2.14605067100000	24.31649920000000	1.51303743300000	2.14605067100000	11.19007144000000	8.07045903300000
2.20566318900000	24.40031916000000	1.50665018200000	2.20566318900000	11.19035562000000	8.07048400700000
2.26527570800000	24.42897167000000	1.50366554700000	2.26527570800000	11.18975038000000	8.07045492900000
2.32488822700000	24.47432587000000	1.50157750500000	2.32488822700000	11.18915938000000	8.07055661800000
2.38450074500000	24.52077733000000	1.49545712400000	2.38450074500000	11.18841801000000	8.07038733600000
2.44411326400000	24.56724765000000	1.49186269500000	2.44411326400000	11.18863591000000	8.07049203800000
2.50372578200000	24.60334348000000	1.49040729700000	2.50372578200000	11.18903950000000	8.07040488800000
2.56333830100000	24.61989347000000	1.48871354200000	2.56333830100000	11.18981330000000	8.07058559900000
2.62295082000000	24.66788361000000	1.48436981500000	2.62295082000000	11.18987855000000	8.07025479500000
2.68256333800000	24.69580036000000	1.48181260400000	2.68256333800000	11.18920009000000	8.07034708500000
2.74217585700000	24.75883359000000	1.47702102800000	2.74217585700000	11.18990179000000	8.07046230700000
2.80178837600000	24.78927291000000	1.47456741000000	2.80178837600000	11.18766903000000	8.07047095100000
2.86140089400000	24.82390909000000	1.47081892200000	2.86140089400000	11.18976638000000	8.07056546100000
2.92101341300000	24.86773147000000	1.46834658000000	2.92101341300000	11.18823257000000	8.07067453600000
2.98062593100000	24.90932183000000	1.46551185800000	2.98062593100000	11.18991336000000	8.07072179000000
3.04023845000000	24.93498874000000	1.46310294400000	3.04023845000000	11.18844041000000	8.07057270400000
3.09985096900000	24.96132733000000	1.46127939800000	3.09985096900000	11.18886543000000	8.07032274500000
3.15946348700000	24.99454056000000	1.45895488300000	3.15946348700000	11.18788674000000	8.07065086800000
3.21907600600000	25.04400859000000	1.45352598200000	3.21907600600000	11.18937110000000	8.07024266200000
3.27868852500000	25.06751819000000	1.45244658800000	3.27868852500000	11.18895841000000	8.07038522800000
3.33830104300000	25.15220003000000	1.44511400900000	3.33830104300000	11.18858080000000	8.07055369700000
3.39791356200000	25.14691400000000	1.44604562200000	3.39791356200000	11.18806470000000	8.07031067000000
3.45752608000000	25.16462535000000	1.44315924200000	3.45752608000000	11.18724079000000	8.07060258500000
3.51713859900000	25.17140538000000	1.44105259800000	3.51713859900000	11.18775136000000	8.07034621500000
3.57675111800000	25.17153013000000	1.44188950600000	3.57675111800000	11.18580580000000	8.07069094900000
3.63636363600000	25.17509330000000	1.44268670100000	3.63636363600000	11.18782721000000	8.07067122300000
3.69597615500000	25.17922005000000	1.44349314800000	3.69597615500000	11.18703477000000	8.07042962400000
3.75558867400000	25.22884703000000	1.43866648300000	3.75558867400000	11.18779619000000	8.07031202800000
3.81520119200000	25.22238113000000	1.43858907700000	3.81520119200000	11.18718544000000	8.07002325100000
3.87481371100000	25.21003956000000	1.43914361400000	3.87481371100000	11.18355132000000	8.07034853800000
3.93442623000000	25.22509741000000	1.43966130600000	3.93442623000000	11.18625664000000	8.06988153200000
3.99403874800000	25.25502188000000	1.43942904400000	3.99403874800000	11.18797598000000	8.06995317100000
4.05365126700000	25.26064197000000	1.44157999500000	4.05365126700000	11.19081205000000	8.06930477600000
4.11326378500000	25.25699571000000	1.43943619800000	4.11326378500000	11.19218688000000	8.06952747100000
4.17287630400000	25.26818164000000	1.43518356800000	4.17287630400000	11.19078676000000	8.06964069500000
4.23248882300000	25.29412945000000	1.43316902500000	4.23248882300000	11.19076158000000	8.06997371000000
4.29210134100000	25.37071838000000	1.42655143000000	4.29210134100000	11.19076639000000	8.06993378800000
4.35171386000000	25.40902272000000	1.42199378100000	4.35171386000000	11.19202256000000	8.07030493000000
4.41132637900000	25.41960180000000	1.42171700500000	4.41132637900000	11.19208850000000	8.07023619500000
4.47093889700000	25.44986184000000	1.41926063200000	4.47093889700000	11.19150030000000	8.07019192800000
4.53055141600000	25.47903148000000	1.41704356600000	4.53055141600000	11.19148028000000	8.07027139300000
4.59016393400000	25.52955164000000	1.41164883900000	4.59016393400000	11.19221912000000	8.07046738700000
4.64977645300000	25.56154700000000	1.40773886200000	4.64977645300000	11.19107120000000	8.07044299200000
4.70938897200000	25.56797774000000	1.40900268600000	4.70938897200000	11.19010104000000	8.07073580800000
4.76900149000000	25.62745359000000	1.40383951800000	4.76900149000000	11.18946406000000	8.07072512700000
4.82861400900000	25.63566881000000	1.40311043100000	4.82861400900000	11.18964700000000	8.07057098700000
4.88822652800000	25.63745380000000	1.40293867400000	4.88822652800000	11.18796612000000	8.07074546700000
4.94783904600000	25.69858239000000	1.39579136400000	4.94783904600000	11.18752832000000	8.07087764300000
5.00745156500000	25.74330879000000	1.39300257700000	5.00745156500000	11.18826462000000	8.07093837900000
5.06706408300000	25.78567622000000	1.39003366700000	5.06706408300000	11.18824381000000	8.07079756200000
5.12667660200000	25.88534631000000	1.38102404700000	5.12667660200000	11.18923040000000	8.07065944800000
5.18628912100000	25.95290933000000	1.37731607000000	5.18628912100000	11.18821983000000	8.07077006600000
5.24590163900000	25.97923626000000	1.37446287700000	5.24590163900000	11.18919081000000	8.07069869200000
5.30551415800000	25.99409688000000	1.37175298800000	5.30551415800000	11.18882666000000	8.07048044700000
5.36512667700000	26.04226499000000	1.37005601200000	5.36512667700000	11.18619123000000	8.07103199300000
5.42473919500000	26.07635901000000	1.36732361700000	5.42473919500000	11.18557367000000	8.07107452700000
5.48435171400000	26.11555589000000	1.36540302300000	5.48435171400000	11.18616099000000	8.07086661800000
5.54396423200000	26.13485245000000	1.36581544800000	5.54396423200000	11.18484215000000	8.07118816800000
5.60357675100000	26.17477965000000	1.36207776500000	5.60357675100000	11.18573872000000	8.07142814800000
5.66318927000000	26.19564360000000	1.35896710100000	5.66318927000000	11.18462821000000	8.07102714400000
5.72280178800000	26.20557186000000	1.35743591300000	5.72280178800000	11.18254442000000	8.07173384100000
5.78241430700000	26.20456598000000	1.35617203300000	5.78241430700000	11.18372371000000	8.07140856400000
5.84202682600000	26.22105548000000	1.35571913700000	5.84202682600000	11.18328433000000	8.07156809100000
5.90163934400000	26.29351989000000	1.34706743300000	5.90163934400000	11.18581390000000	8.07126169600000
5.96125186300000	26.29945695000000	1.34981511500000	5.96125186300000	11.18438363000000	8.07181376700000
6.02086438200000	26.33873008000000	1.34607123700000	6.02086438200000	11.18371040000000	8.07174297100000
6.08047690000000	26.32774781000000	1.34817215700000	6.08047690000000	11.18170753000000	8.07200729500000
6.14008941900000	26.34114431000000	1.34504163700000	6.14008941900000	11.18025765000000	8.07195600400000
6.19970193700000	26.36679938000000	1.34117649900000	6.19970193700000	11.18167201000000	8.07184804800000
6.25931445600000	26.39554284000000	1.34095030200000	6.25931445600000	11.18374834000000	8.07136042500000
6.31892697500000	26.44823391000000	1.33579732500000	6.31892697500000	11.18497630000000	8.07123257400000
6.37853949300000	26.48897279000000	1.33078147500000	6.37853949300000	11.18913171000000	8.07042994600000
6.43815201200000	26.49796846000000	1.32958329200000	6.43815201200000	11.18939517000000	8.07050848600000
6.49776453100000	26.50104389000000	1.32879084000000	6.49776453100000	11.18974085000000	8.07062681000000
6.55737704900000	26.49458320000000	1.32917145200000	6.55737704900000	11.18858099000000	8.07095397000000
6.61698956800000	26.50700845000000	1.32649903500000	6.61698956800000	11.19068167000000	8.07149058100000
6.67660208600000	26.53524028000000	1.32489603800000	6.67660208600000	11.19226286000000	8.07102314100000
6.73621460500000	26.58038937000000	1.31918367100000	6.73621460500000	11.19206060000000	8.07257742900000
6.79582712400000	26.61015026000000	1.31794060300000	6.79582712400000	11.19138620000000	8.07216947600000
6.85543964200000	26.64649021000000	1.31266788200000	6.85543964200000	11.18968718000000	8.07141551300000
6.91505216100000	26.67570308000000	1.31308443600000	6.91505216100000	11.19105470000000	8.07162166900000
6.97466468000000	26.73011470000000	1.30633373500000	6.97466468000000	11.18806618000000	8.07168507700000
7.03427719800000	26.75100115000000	1.30550720600000	7.03427719800000	11.18900941000000	8.07127628100000
7.09388971700000	26.79320856000000	1.30159194400000	7.09388971700000	11.18984003000000	8.07096633400000
7.15350223500000	26.80366096000000	1.30065580300000	7.15350223500000	11.18723021000000	8.07106497100000
7.21311475400000	26.80241473000000	1.30103198700000	7.21311475400000	11.18764291000000	8.07144340700000
7.27272727300000	26.86898730000000	1.29801911900000	7.27272727300000	11.19057010000000	8.07162943600000
7.33233979100000	26.86948346000000	1.29726939800000	7.33233979100000	11.18984774000000	8.07115141400000
7.39195231000000	26.87818035000000	1.29653096400000	7.39195231000000	11.18948148000000	8.07156302500000
7.45156482900000	26.94178889000000	1.29333768300000	7.45156482900000	11.19203862000000	8.07182351900000
7.51117734700000	26.97540157000000	1.29370570100000	7.51117734700000	11.19243253000000	8.07180255600000
7.57078986600000	26.97317701000000	1.29320048800000	7.57078986600000	11.18994233000000	8.07143414900000
7.63040238500000	26.97387431000000	1.29314688400000	7.63040238500000	11.18759214000000	8.07193627100000
7.69001490300000	26.97640669000000	1.29261903500000	7.69001490300000	11.18448484000000	8.07300921200000
7.74962742200000	26.98728106000000	1.29114907900000	7.74962742200000	11.18593427000000	8.07406373900000
7.80923994000000	27.00779388000000	1.28759092000000	7.80923994000000	11.18146553000000	8.07423739100000
7.86885245900000	27.01665457000000	1.28541182500000	7.86885245900000	11.18487903000000	8.07408332400000
7.92846497800000	27.01659653000000	1.28462857600000	7.92846497800000	11.18595328000000	8.07352415700000
7.98807749600000	27.06314485000000	1.28186271000000	7.98807749600000	11.18702924000000	8.07250157900000
8.04769001500000	27.10632616000000	1.27976913300000	8.04769001500000	11.18719080000000	8.07222741200000
8.10730253400000	27.14630710000000	1.27541196900000	8.10730253400000	11.18671618000000	8.07228394800000
8.16691505200000	27.13922787000000	1.27530802600000	8.16691505200000	11.18698707000000	8.07185474500000
8.22652757100000	27.14667399000000	1.27361338700000	8.22652757100000	11.18733073000000	8.07226286100000
8.28614008900000	27.15100566000000	1.27217180700000	8.28614008900000	11.18493272000000	8.07243470000000
8.34575260800000	27.15012307000000	1.27137032100000	8.34575260800000	11.18373518000000	8.07310723400000
8.40536512700000	27.14918882000000	1.27103975500000	8.40536512700000	11.18415692000000	8.07305242100000
8.46497764500000	27.16626011000000	1.26930872700000	8.46497764500000	11.18138355000000	8.07284196900000
8.52459016400000	27.17021842000000	1.26904441500000	8.52459016400000	11.18049862000000	8.07278030700000
8.58420268300000	27.16293937000000	1.27157398600000	8.58420268300000	11.18446910000000	8.07204452900000
8.64381520100000	27.17057827000000	1.27187492600000	8.64381520100000	11.18658682000000	8.07221060700000
8.70342772000000	27.18996027000000	1.27227341800000	8.70342772000000	11.18658285000000	8.07181055100000
8.76304023800000	27.20798188000000	1.27120369600000	8.76304023800000	11.18696223000000	8.07105598200000
8.82265275700000	27.23609192000000	1.26867343700000	8.82265275700000	11.18956561000000	8.07123103400000
8.88226527600000	27.26242121000000	1.26768551800000	8.88226527600000	11.19204824000000	8.07043562500000
8.94187779400000	27.28755662000000	1.26498045900000	8.94187779400000	11.19152559000000	8.07025904400000
9.00149031300000	27.31542452000000	1.25975688400000	9.00149031300000	11.19026789000000	8.07020532400000
9.06110283200000	27.33333374000000	1.26278556400000	9.06110283200000	11.19079673000000	8.06971773700000
9.12071535000000	27.35703156000000	1.26075247600000	9.12071535000000	11.19010587000000	8.06811411700000
9.18032786900000	27.38617174000000	1.25784658000000	9.18032786900000	11.18956434000000	8.06854234000000
9.23994038700000	27.38549376000000	1.25483002100000	9.23994038700000	11.18667515000000	8.06909292600000
9.29955290600000	27.38015354000000	1.25690838100000	9.29955290600000	11.18603409000000	8.06755540400000
9.35916542500000	27.38168656000000	1.25607950700000	9.35916542500000	11.18821775000000	8.06689492100000
9.41877794300000	27.38028872000000	1.25553657600000	9.41877794300000	11.18857167000000	8.06716280000000
9.47839046200000	27.40095906000000	1.25556727100000	9.47839046200000	11.18843122000000	8.06564050200000
9.53800298100000	27.44617643000000	1.25075952700000	9.53800298100000	11.19020269000000	8.06512524700000
9.59761549900000	27.44554708000000	1.24991513500000	9.59761549900000	11.19050112000000	8.06636044900000
9.65722801800000	27.46516660000000	1.25047647300000	9.65722801800000	11.19174898000000	8.06703271500000
9.71684053700000	27.50617065000000	1.24538083800000	9.71684053700000	11.19176858000000	8.06749076600000
9.77645305500000	27.52048958000000	1.24206204700000	9.77645305500000	11.19038916000000	8.06710251400000
9.83606557400000	27.55041175000000	1.23962190800000	9.83606557400000	11.18826058000000	8.06639001800000
9.89567809200000	27.57111708000000	1.23633408400000	9.89567809200000	11.19108862000000	8.06637547200000
9.95529061100000	27.57577169000000	1.23585474500000	9.95529061100000	11.18676279000000	8.06731531200000
10.01490313000000	27.59212610000000	1.23530088500000	10.01490313000000	11.18955099000000	8.06774948800000
10.07451565000000	27.61517998000000	1.23315518400000	10.07451565000000	11.18998811000000	8.06781053300000
10.13412817000000	27.66467914000000	1.22924838100000	10.13412817000000	11.19099140000000	8.06838073300000
10.19374069000000	27.69594268000000	1.22768690700000	10.19374069000000	11.18964755000000	8.06949673500000
10.25335320000000	27.74229519000000	1.22209393100000	10.25335320000000	11.19115194000000	8.06976079500000
10.31296572000000	27.79140086000000	1.21861496200000	10.31296572000000	11.19071747000000	8.07067508000000
10.37257824000000	27.77842071000000	1.21934695900000	10.37257824000000	11.19026490000000	8.06994582300000
10.43219076000000	27.78211024000000	1.21848327500000	10.43219076000000	11.18842289000000	8.07021987300000
10.49180328000000	27.80479812000000	1.21702981700000	10.49180328000000	11.18873226000000	8.07056036000000
10.55141580000000	27.85343346000000	1.21178167100000	10.55141580000000	11.19075359000000	8.07072504300000
10.61102832000000	27.87040924000000	1.21162279500000	10.61102832000000	11.18987351000000	8.07088835900000
10.67064083000000	27.87412841000000	1.21316082600000	10.67064083000000	11.18952746000000	8.07082610700000
10.73025335000000	27.88949169000000	1.21102745700000	10.73025335000000	11.18919464000000	8.07094687100000
10.78986587000000	27.88816171000000	1.20986846700000	10.78986587000000	11.18800406000000	8.07094355000000
10.84947839000000	27.88349834000000	1.20997836200000	10.84947839000000	11.18741838000000	8.07065305700000
10.90909091000000	27.89050720000000	1.20911280800000	10.90909091000000	11.18844438000000	8.07086483400000
10.96870343000000	27.96734664000000	1.20514886100000	10.96870343000000	11.19135570000000	8.07114705800000
11.02831595000000	28.00280786000000	1.20457331100000	11.02831595000000	11.19226797000000	8.07107180800000
11.08792846000000	28.02769074000000	1.20284751400000	11.08792846000000	11.19160760000000	8.07104505500000
11.14754098000000	28.02880156000000	1.20085025500000	11.14754098000000	11.18923797000000	8.07121790000000
11.20715350000000	28.01619183000000	1.20087019800000	11.20715350000000	11.18885452000000	8.07084276000000
11.26676602000000	28.01906567000000	1.20142701600000	11.26676602000000	11.18816188000000	8.07084168700000
11.32637854000000	28.03110221000000	1.19982149300000	11.32637854000000	11.18768016000000	8.07099548500000
11.38599106000000	28.03172720000000	1.19963551100000	11.38599106000000	11.18644654000000	8.07067825000000
11.44560358000000	28.02158837000000	1.19996937000000	11.44560358000000	11.18519548000000	8.07057981800000
11.50521610000000	28.03330118000000	1.19806116400000	11.50521610000000	11.17968672000000	8.07110048400000
11.56482861000000	28.03235991000000	1.19753585500000	11.56482861000000	11.18178940000000	8.07133349400000
11.62444113000000	28.03228162000000	1.19814219200000	11.62444113000000	11.18461585000000	8.07087058700000
11.68405365000000	28.03516478000000	1.19697601900000	11.68405365000000	11.18471022000000	8.07090424600000
11.74366617000000	28.06316738000000	1.19785088000000	11.74366617000000	11.18694569000000	8.07102985400000
11.80327869000000	28.11120354000000	1.19353825400000	11.80327869000000	11.18815171000000	8.07122842000000
11.86289121000000	28.12108299000000	1.19246640700000	11.86289121000000	11.18903070000000	8.07081373800000
11.92250373000000	28.11539398000000	1.19074036200000	11.92250373000000	11.18857942000000	8.07076581300000
11.98211624000000	28.10118018000000	1.19369060900000	11.98211624000000	11.18800112000000	8.07094089500000
12.04172876000000	28.10847926000000	1.19214162300000	12.04172876000000	11.18936572000000	8.07059605500000
12.10134128000000	28.14557380000000	1.19046869700000	12.10134128000000	11.18863397000000	8.07077623700000
12.16095380000000	28.16681493000000	1.18933975700000	12.16095380000000	11.18835496000000	8.07075815100000
12.22056632000000	28.17293281000000	1.18726800300000	12.22056632000000	11.18893075000000	8.07050757700000
12.28017884000000	28.17655694000000	1.18619753900000	12.28017884000000	11.18734851000000	8.06996400900000
12.33979136000000	28.18913397000000	1.18365198300000	12.33979136000000	11.18827240000000	8.06980098100000
12.39940387000000	28.19007213000000	1.18358942200000	12.39940387000000	11.19331119000000	8.06904427100000
12.45901639000000	28.18520081000000	1.18407805700000	12.45901639000000	11.19230712000000	8.06950715300000
12.51862891000000	28.18278460000000	1.18414414700000	12.51862891000000	11.20172888000000	8.06837535800000
12.57824143000000	28.19327919000000	1.18328824900000	12.57824143000000	11.20551875000000	8.06865301900000
12.63785395000000	28.18084307000000	1.18379749000000	12.63785395000000	11.20517967000000	8.06811457300000
12.69746647000000	28.17584734000000	1.18315321600000	12.69746647000000	11.21030867000000	8.06761949900000
12.75707899000000	28.16723068000000	1.18338438200000	12.75707899000000	11.21600415000000	8.06801994400000
12.81669151000000	28.16640281000000	1.18430914700000	12.81669151000000	11.21648473000000	8.06858285200000
12.87630402000000	28.17763748000000	1.18316816200000	12.87630402000000	11.21465745000000	8.06974164300000
12.93591654000000	28.19123760000000	1.18171542700000	12.93591654000000	11.20901569000000	8.07051129800000
12.99552906000000	28.20095132000000	1.18317199500000	12.99552906000000	11.20199324000000	8.07150294700000
13.05514158000000	28.22821714000000	1.18114943300000	13.05514158000000	11.19783958000000	8.07171373200000
13.11475410000000	28.22715904000000	1.18099961000000	13.11475410000000	11.19749511000000	8.07129628800000
13.17436662000000	28.22852802000000	1.17974072900000	13.17436662000000	11.19026901000000	8.07176552400000
13.23397914000000	28.23403317000000	1.17878877900000	13.23397914000000	11.18542509000000	8.07195073300000
13.29359165000000	28.23630010000000	1.17895792200000	13.29359165000000	11.18553955000000	8.07125652700000
13.35320417000000	28.23972699000000	1.17904026900000	13.35320417000000	11.18726123000000	8.07127054400000
13.41281669000000	28.24240624000000	1.17894418800000	13.41281669000000	11.18838627000000	8.07121876700000
13.47242921000000	28.25583698000000	1.17737937400000	13.47242921000000	11.18785771000000	8.07108223100000
13.53204173000000	28.24321953000000	1.17815628700000	13.53204173000000	11.18627324000000	8.07125779500000
13.59165425000000	28.23641687000000	1.18005127200000	13.59165425000000	11.18570218000000	8.07129001500000
13.65126677000000	28.23320429000000	1.18059848200000	13.65126677000000	11.18446337000000	8.07091138900000
13.71087928000000	28.23716993000000	1.18051268800000	13.71087928000000	11.18616295000000	8.07063245000000
13.77049180000000	28.24418649000000	1.18047471300000	13.77049180000000	11.18826893000000	8.07137092900000
13.83010432000000	28.23397319000000	1.18162570200000	13.83010432000000	11.18704264000000	8.07106320100000
13.88971684000000	28.22794786000000	1.18291427000000	13.88971684000000	11.18826398000000	8.07114267700000
13.94932936000000	28.22367388000000	1.18326900100000	13.94932936000000	11.18801667000000	8.07107082200000
14.00894188000000	28.22330720000000	1.18275948400000	14.00894188000000	11.18811388000000	8.07124444200000
14.06855440000000	28.23049350000000	1.18139580100000	14.06855440000000	11.18764290000000	8.07101585200000
14.12816692000000	28.22760910000000	1.18122188300000	14.12816692000000	11.18827129000000	8.07111501200000
14.18777943000000	28.23315687000000	1.18043066400000	14.18777943000000	11.18913609000000	8.07018266100000
14.24739195000000	28.23805262000000	1.17879582000000	14.24739195000000	11.18746956000000	8.07025642400000
14.30700447000000	28.24136411000000	1.17649783600000	14.30700447000000	11.19159227000000	8.07015209000000
14.36661699000000	28.25401139000000	1.17280794400000	14.36661699000000	11.19642727000000	8.06934051400000
14.42622951000000	28.25444475000000	1.17153267800000	14.42622951000000	11.19757840000000	8.06998447800000
14.48584203000000	28.24606079000000	1.17264099800000	14.48584203000000	11.19474101000000	8.07033250500000
14.54545455000000	28.24595214000000	1.17408287400000	14.54545455000000	11.19889426000000	8.07015786700000
14.60506706000000	28.23411545000000	1.17792964600000	14.60506706000000	11.19554874000000	8.07056919200000
14.66467958000000	28.24126560000000	1.17910276100000	14.66467958000000	11.19858248000000	8.07065199500000
14.72429210000000	28.24098688000000	1.17943018900000	14.72429210000000	11.19940938000000	8.07092266800000
14.78390462000000	28.23065271000000	1.18087903400000	14.78390462000000	11.19823978000000	8.07115337000000
14.84351714000000	28.23670939000000	1.17962292700000	14.84351714000000	11.19844957000000	8.07195398800000
14.90312966000000	28.24273488000000	1.17922333000000	14.90312966000000	11.19794444000000	8.07190530900000
14.96274218000000	28.23612125000000	1.18005213100000	14.96274218000000	11.19640487000000	8.07302180800000
15.02235469000000	28.23045701000000	1.18121123800000	15.02235469000000	11.19655481000000	8.07294788800000
15.08196721000000	28.22810376000000	1.18159573800000	15.08196721000000	11.19410895000000	8.07281398500000
15.14157973000000	28.22958146000000	1.18182015700000	15.14157973000000	11.19478422000000	8.07132671100000
15.20119225000000	28.23238952000000	1.18211514300000	15.20119225000000	11.19695197000000	8.07022060700000
15.26080477000000	28.23103007000000	1.18324148600000	15.26080477000000	11.19804473000000	8.06999327000000
15.32041729000000	28.22884030000000	1.18411897100000	15.32041729000000	11.19904055000000	8.07020929500000
15.38002981000000	28.23144859000000	1.18303893900000	15.38002981000000	11.19680155000000	8.06903276400000
15.43964232000000	28.22714182000000	1.18462290000000	15.43964232000000	11.19919354000000	8.06911622700000
15.49925484000000	28.22588358000000	1.18616414800000	15.49925484000000	11.20098688000000	8.06853050500000
15.55886736000000	28.22671153000000	1.18629694000000	15.55886736000000	11.19428326000000	8.06777611600000
15.61847988000000	28.21915529000000	1.18667784800000	15.61847988000000	11.19121336000000	8.06848607100000
15.67809240000000	28.21302469000000	1.18753232200000	15.67809240000000	11.18909270000000	8.06864517700000
15.73770492000000	28.21520193000000	1.18651337000000	15.73770492000000	11.18654920000000	8.06948001700000
15.79731744000000	28.21174518000000	1.19064265800000	15.79731744000000	11.18764928000000	8.06946254200000
15.85692996000000	28.21245369000000	1.18949212600000	15.85692996000000	11.18564260000000	8.07115257300000
15.91654247000000	28.21424552000000	1.18804405300000	15.91654247000000	11.18370822000000	8.07224716900000
15.97615499000000	28.21703132000000	1.18618331700000	15.97615499000000	11.18090204000000	8.07362478000000
16.03576751000000	28.22844737000000	1.18374536900000	16.03576751000000	11.18241479000000	8.07344505700000
16.09538003000000	28.22445022000000	1.18319629400000	16.09538003000000	11.18521166000000	8.07339420500000
16.15499255000000	28.23093873000000	1.18197832800000	16.15499255000000	11.18416922000000	8.07385712500000
16.21460507000000	28.23331883000000	1.18074138900000	16.21460507000000	11.18970887000000	8.07313254900000
16.27421759000000	28.23840362000000	1.18022317100000	16.27421759000000	11.19326668000000	8.07193730200000
16.33383010000000	28.23909583000000	1.18005590800000	16.33383010000000	11.19191192000000	8.07144664200000
16.39344262000000	28.23428786000000	1.18043306300000	16.39344262000000	11.19263180000000	8.06966010000000
16.45305514000000	28.23227599000000	1.18025456800000	16.45305514000000	11.19150158000000	8.06955723600000
16.51266766000000	28.23240201000000	1.17899901800000	16.51266766000000	11.19194298000000	8.06874665900000
16.57228018000000	28.23285650000000	1.17913951000000	16.57228018000000	11.19676701000000	8.07014492500000
16.63189270000000	28.22872759000000	1.18001929900000	16.63189270000000	11.19294164000000	8.07202020700000
16.69150522000000	28.23268847000000	1.18004041900000	16.69150522000000	11.19117022000000	8.07164137800000
16.75111773000000	28.23194699000000	1.18030718200000	16.75111773000000	11.19626697000000	8.07087511800000
16.81073025000000	28.23690542000000	1.17954016500000	16.81073025000000	11.19845287000000	8.07104351000000
16.87034277000000	28.24193254000000	1.17945380400000	16.87034277000000	11.19959248000000	8.07145811600000
16.92995529000000	28.24217665000000	1.17948756200000	16.92995529000000	11.19617408000000	8.07218606900000
16.98956781000000	28.25179939000000	1.18148783200000	16.98956781000000	11.19620346000000	8.07192704800000
17.04918033000000	28.26186371000000	1.17830994000000	17.04918033000000	11.19489518000000	8.07235798000000
17.10879285000000	28.26405076000000	1.17806964200000	17.10879285000000	11.19527249000000	8.07195527000000
17.16840537000000	28.25234832000000	1.17994241900000	17.16840537000000	11.19263506000000	8.07218406500000
17.22801788000000	28.23660787000000	1.18233059100000	17.22801788000000	11.18965638000000	8.07235679200000
17.28763040000000	28.21430810000000	1.18532322200000	17.28763040000000	11.18494327000000	8.07299803600000
17.34724292000000	28.21543279000000	1.18482591100000	17.34724292000000	11.18255552000000	8.07320905300000
17.40685544000000	28.23937143000000	1.18080913600000	17.40685544000000	11.18661933000000	8.07279852600000
17.46646796000000	28.25161083000000	1.17820554000000	17.46646796000000	11.18741740000000	8.07244585300000
17.52608048000000	28.28627553000000	1.17853581300000	17.52608048000000	11.19076925000000	8.07154474100000
17.58569300000000	28.34194413000000	1.17599492100000	17.58569300000000	11.19000315000000	8.07137444400000
17.64530551000000	28.36899886000000	1.17154110400000	17.64530551000000	11.19268594000000	8.07151098800000
17.70491803000000	28.39068907000000	1.16818734300000	17.70491803000000	11.19322243000000	8.07176603800000
17.76453055000000	28.39673243000000	1.16654812200000	17.76453055000000	11.19464883000000	8.07206669800000
17.82414307000000	28.39945271000000	1.16649774200000	17.82414307000000	11.19552795000000	8.07144884900000
17.88375559000000	28.40173190000000	1.16672420100000	17.88375559000000	11.19655486000000	8.07204041600000
17.94336811000000	28.39613745000000	1.16714166000000	17.94336811000000	11.19703290000000	8.07221631700000
18.00298063000000	28.39286910000000	1.16732065900000	18.00298063000000	11.19418083000000	8.07109954600000
18.06259314000000	28.39517193000000	1.16745638800000	18.06259314000000	11.19396674000000	8.07065885300000
18.12220566000000	28.40024599000000	1.16805616200000	18.12220566000000	11.19245269000000	8.07111613900000
18.18181818000000	28.39658277000000	1.16719123200000	18.18181818000000	11.18983657000000	8.07122425900000
18.24143070000000	28.38462146000000	1.16865950700000	18.24143070000000	11.18900128000000	8.07153902200000
18.30104322000000	28.37921097000000	1.16856390100000	18.30104322000000	11.18895289000000	8.07015509500000
18.36065574000000	28.37458218000000	1.16871238800000	18.36065574000000	11.18939163000000	8.06963638300000
18.42026826000000	28.38717694000000	1.16634853800000	18.42026826000000	11.19612049000000	8.06819594100000
18.47988077000000	28.38958550000000	1.16501233800000	18.47988077000000	11.20068856000000	8.06808748000000
18.53949329000000	28.39094159000000	1.16541632000000	18.53949329000000	11.19846823000000	8.06867811900000
18.59910581000000	28.39715970000000	1.16505872900000	18.59910581000000	11.20040036000000	8.06824535500000
18.65871833000000	28.38334501000000	1.16578196900000	18.65871833000000	11.19423465000000	8.06982614200000
18.71833085000000	28.37596108000000	1.16600551900000	18.71833085000000	11.19698153000000	8.06948808500000
18.77794337000000	28.37404448000000	1.16584127500000	18.77794337000000	11.19062629000000	8.07080848500000
18.83755589000000	28.36709931000000	1.16727832300000	18.83755589000000	11.18847000000000	8.07165505500000
18.89716841000000	28.37031795000000	1.16721246600000	18.89716841000000	11.18761063000000	8.07189696100000
18.95678092000000	28.36413381000000	1.16971149900000	18.95678092000000	11.18476625000000	8.07197886300000
19.01639344000000	28.36198317000000	1.16969199800000	19.01639344000000	11.18212286000000	8.07291927800000
19.07600596000000	28.35545555000000	1.17083926200000	19.07600596000000	11.18102119000000	8.07241792000000
19.13561848000000	28.38575794000000	1.16541736100000	19.13561848000000	11.18430309000000	8.07167941200000
19.19523100000000	28.38900985000000	1.16484548900000	19.19523100000000	11.18278729000000	8.07158347900000
19.25484352000000	28.37728212000000	1.16667880200000	19.25484352000000	11.18368299000000	8.07187210900000
19.31445604000000	28.36314005000000	1.16917914800000	19.31445604000000	11.18438528000000	8.07174525200000
19.37406855000000	28.35264440000000	1.17089012200000	19.37406855000000	11.18744278000000	8.07118050400000
19.43368107000000	28.34285333000000	1.17237686700000	19.43368107000000	11.18866299000000	8.07069325200000
19.49329359000000	28.36673888000000	1.16907596400000	19.49329359000000	11.18811334000000	8.07089455000000
19.55290611000000	28.36587051000000	1.16907237500000	19.55290611000000	11.18957132000000	8.07086456800000
19.61251863000000	28.35936372000000	1.16964461900000	19.61251863000000	11.18873554000000	8.07049703000000
19.67213115000000	28.36887799000000	1.16822460300000	19.67213115000000	11.18736805000000	8.07090872500000
19.73174367000000	28.36251040000000	1.16883421200000	19.73174367000000	11.18781216000000	8.07055428900000
19.79135618000000	28.36118942000000	1.16889931200000	19.79135618000000	11.18748857000000	8.07057120200000
19.85096870000000	28.34295793000000	1.17047029000000	19.85096870000000	11.18585597000000	8.07057799300000
19.91058122000000	28.25993771000000	1.17627802700000	19.91058122000000	11.18228725000000	8.07115169500000
19.97019374000000	28.25413936000000	1.17650773200000	19.97019374000000	11.18346498000000	8.07088455900000
20.02980626000000	28.25930984000000	1.17589804100000	20.02980626000000	11.18201965000000	8.07120655800000
20.08941878000000	28.24668283000000	1.17798260400000	20.08941878000000	11.18448991000000	8.07123077800000
20.14903130000000	28.23519804000000	1.17941312300000	20.14903130000000	11.18525354000000	8.07114825500000
20.20864382000000	28.23532312000000	1.17935298900000	20.20864382000000	11.18468629000000	8.07064408900000
20.26825633000000	28.23482658000000	1.18018501700000	20.26825633000000	11.18816854000000	8.07039609100000
20.32786885000000	28.23863857000000	1.17986083600000	20.32786885000000	11.18862923000000	8.07018967600000
20.38748137000000	28.24489797000000	1.17963865800000	20.38748137000000	11.18887921000000	8.07058249100000
20.44709389000000	28.25089459000000	1.17929710400000	20.44709389000000	11.18896365000000	8.07023619000000
20.50670641000000	28.24344152000000	1.18026223400000	20.50670641000000	11.18889944000000	8.07024200600000
20.56631893000000	28.23712401000000	1.18122512300000	20.56631893000000	11.18890570000000	8.07047800600000
20.62593145000000	28.22808928000000	1.18333068800000	20.62593145000000	11.18809222000000	8.07026515200000
20.68554396000000	28.21360116000000	1.18475059100000	20.68554396000000	11.18749144000000	8.07036192700000
20.74515648000000	28.21408722000000	1.18488536200000	20.74515648000000	11.18666655000000	8.07038072300000
20.80476900000000	28.21614516000000	1.18406827800000	20.80476900000000	11.18774779000000	8.07028299200000
20.86438152000000	28.21388957000000	1.18452199900000	20.86438152000000	11.18706998000000	8.07065294100000
20.92399404000000	28.21024419000000	1.18460764300000	20.92399404000000	11.18618904000000	8.07019713600000
20.98360656000000	28.18351445000000	1.18547451700000	20.98360656000000	11.18475496000000	8.07079426900000
21.04321908000000	28.17877610000000	1.18438429000000	21.04321908000000	11.18501129000000	8.07022288500000
21.10283159000000	28.16575817000000	1.18585756700000	21.10283159000000	11.18647690000000	8.07051109800000
21.16244411000000	28.13255685000000	1.18981089700000	21.16244411000000	11.18416615000000	8.07037863500000
21.22205663000000	28.15720455000000	1.18671685900000	21.22205663000000	11.18854251000000	8.07019501200000
21.28166915000000	28.16156967000000	1.18615920600000	21.28166915000000	11.18873765000000	8.07021090000000
21.34128167000000	28.15598639000000	1.18671330800000	21.34128167000000	11.18981857000000	8.07012585100000
21.40089419000000	28.15408435000000	1.18627028000000	21.40089419000000	11.18780559000000	8.07037181100000
21.46050671000000	28.15040896000000	1.18656391100000	21.46050671000000	11.18830486000000	8.07030387300000
21.52011923000000	28.15303435000000	1.18642629100000	21.52011923000000	11.18855139000000	8.07007057500000
21.57973174000000	28.14577660000000	1.18748517400000	21.57973174000000	11.18741491000000	8.07013933800000
21.63934426000000	28.14542129000000	1.18736592800000	21.63934426000000	11.18768319000000	8.07025191600000
21.69895678000000	28.12842038000000	1.18899833000000	21.69895678000000	11.18756802000000	8.07024478300000
21.75856930000000	28.12274582000000	1.18969500200000	21.75856930000000	11.18749699000000	8.07031551500000
21.81818182000000	28.13610889000000	1.18815037400000	21.81818182000000	11.18721410000000	8.07022737000000
21.87779434000000	28.11263203000000	1.18913909300000	21.87779434000000	11.18710334000000	8.07013472500000
21.93740686000000	28.07897067000000	1.19270856400000	21.93740686000000	11.18684049000000	8.07030915500000
21.99701937000000	28.06623547000000	1.19415014300000	21.99701937000000	11.18733346000000	8.07006691100000
22.05663189000000	28.06339103000000	1.19471476800000	22.05663189000000	11.18824042000000	8.07000720700000
22.11624441000000	28.05288714000000	1.19580942400000	22.11624441000000	11.18605171000000	8.07003533600000
22.17585693000000	28.05796423000000	1.19467632300000	22.17585693000000	11.18765090000000	8.06997277700000
22.23546945000000	28.00504972000000	1.19900886200000	22.23546945000000	11.18678694000000	8.06990010000000
22.29508197000000	27.99078083000000	1.20097920300000	22.29508197000000	11.18804568000000	8.06933978200000
22.35469449000000	27.97000738000000	1.20099013200000	22.35469449000000	11.18447153000000	8.07034236500000
22.41430700000000	27.92971947000000	1.20611198800000	22.41430700000000	11.18476682000000	8.06972269900000
22.47391952000000	27.92584519000000	1.20654853600000	22.47391952000000	11.18408604000000	8.06959301300000
22.53353204000000	27.87619088000000	1.21008643300000	22.53353204000000	11.18406753000000	8.06952196700000
22.59314456000000	27.85892453000000	1.21116661200000	22.59314456000000	11.18392576000000	8.06988475500000
22.65275708000000	27.84958942000000	1.21240530400000	22.65275708000000	11.18632165000000	8.06944680100000
22.71236960000000	27.83882290000000	1.21334750100000	22.71236960000000	11.18688158000000	8.06941976100000
22.77198212000000	27.84393303000000	1.21321843900000	22.77198212000000	11.18922215000000	8.06990570300000
22.83159463000000	27.81420563000000	1.21500372300000	22.83159463000000	11.18784387000000	8.06957501100000
22.89120715000000	27.79852098000000	1.21641029300000	22.89120715000000	11.18833648000000	8.06961946700000