mass_B			extmarkMMM															
t	x	y	t	x	y													
0.00000000000	32.60848320000	-1.47455567100	0.00000000000	43.70196684000	3.94871413200													
0.02389886002	32.60798449000	-1.47445815300	0.02389886002	43.70314956000	3.94800242100													
0.04779772005	32.60763294000	-1.47484117800	0.04779772005	43.70262381000	3.94806262700													
0.07169658007	32.60745898000	-1.47489090800	0.07169658007	43.70287791000	3.94803215900													
0.09559544010	32.60811926000	-1.47472243900	0.09559544010	43.70324211000	3.94789101400													
0.11949430010	32.60859717000	-1.47474433500	0.11949430010	43.70222861000	3.94800038600													
0.14339316010	32.60838236000	-1.47458759600	0.14339316010	43.70304873000	3.94808481100													
0.16729202020	32.60844573000	-1.47474403400	0.16729202020	43.70268875000	3.94802081300													
0.19119088020	32.60760414000	-1.47435932400	0.19119088020	43.70265239000	3.94811086200													
0.21508974020	32.60823765000	-1.47449098300	0.21508974020	43.70278879000	3.94807397000													
0.23898860020	32.60777961000	-1.47432718500	0.23898860020	43.70302000000	3.94800329500													
0.26288746030	32.60823236000	-1.47457063100	0.26288746030	43.70236189000	3.94804889100													
0.28678632030	32.60773043000	-1.47444072100	0.28678632030	43.70227601000	3.94812577900													
0.31068518030	32.60834126000	-1.47450525600	0.31068518030	43.70300026000	3.94796094600													
0.33458404030	32.60880192000	-1.47460119300	0.33458404030	43.70286160000	3.94802696400													
0.35848290040	32.60821498000	-1.47444170000	0.35848290040	43.70283501000	3.94800328800													
0.38238176040	32.60826615000	-1.47442119700	0.38238176040	43.70263934000	3.94812906200													
0.40628062040	32.60812699000	-1.47462978200	0.40628062040	43.70299884000	3.94795147600													
0.43017948040	32.60820961000	-1.47435406400	0.43017948040	43.70299463000	3.94798149900													
0.45407834050	32.60845067000	-1.47464344300	0.45407834050	43.70271267000	3.94790785600													
0.47797720050	32.60945152000	-1.47487357100	0.47797720050	43.70254205000	3.94802247500													
0.50187606050	32.60838130000	-1.47473761800	0.50187606050	43.70290370000	3.94802778300													
0.52577492050	32.60872155000	-1.47461545900	0.52577492050	43.70309339000	3.94790451400													
0.54967378060	32.60921710000	-1.47467811500	0.54967378060	43.70283629000	3.94802960600													
0.57357264060	32.60844626000	-1.47477993700	0.57357264060	43.70301981000	3.94799704100													
0.59747150060	32.60837078000	-1.47472996800	0.59747150060	43.70366244000	3.94797991700													
0.62137036060	32.60881719000	-1.47446504000	0.62137036060	43.70336456000	3.94795570900													
0.64526922070	32.60895777000	-1.47455458000	0.64526922070	43.70300248000	3.94794754800													
0.66916808070	32.60866740000	-1.47462660800	0.66916808070	43.70254884000	3.94802728600													
0.69306694070	32.60909248000	-1.47485261700	0.69306694070	43.70275143000	3.94797257400													
0.71696580070	32.60828803000	-1.47467439100	0.71696580070	43.70302215000	3.94801941700													
0.74086466080	32.60856966000	-1.47487046500	0.74086466080	43.70304659000	3.94795983200													
0.76476352080	32.60861918000	-1.47465824200	0.76476352080	43.70264534000	3.94799522400													
0.78866238080	32.60856494000	-1.47456215200	0.78866238080	43.70263969000	3.94797631500													
0.81256124080	32.60882700000	-1.47464820400	0.81256124080	43.70264410000	3.94795380200													
0.83646010090	32.60868236000	-1.47467313600	0.83646010090	43.70292600000	3.94798759400													
0.86035896090	32.60838132000	-1.47468474300	0.86035896090	43.70248811000	3.94800558400													
0.88425782090	32.60780823000	-1.47448187900	0.88425782090	43.70259695000	3.94792203300													
0.90815668090	32.60862832000	-1.47454817800	0.90815668090	43.70282426000	3.94793188100													
0.93205554100	32.60813373000	-1.47453730500	0.93205554100	43.70270037000	3.94799128200													
0.95595440100	32.60864770000	-1.47454413300	0.95595440100	43.70281819000	3.94799365600													
0.97985326100	32.60813596000	-1.47440835600	0.97985326100	43.70188190000	3.94801890100													
1.00375212100	32.60808113000	-1.47465505300	1.00375212100	43.70372525000	3.94798869600													
1.02765098100	32.60890892000	-1.47461520600	1.02765098100	43.70259930000	3.94788558100													
1.05154984100	32.60873950000	-1.47450008400	1.05154984100	43.70299377000	3.94789420600													
1.07544870100	32.60856674000	-1.47471015800	1.07544870100	43.70230755000	3.94792809200													
1.09934756100	32.60895364000	-1.47478727400	1.09934756100	43.70269789000	3.94796615600													
1.12324642100	32.60876903000	-1.47450415100	1.12324642100	43.70310932000	3.94799098800													
1.14714528100	32.60962772000	-1.47484503000	1.14714528100	43.70242837000	3.94798771200													
1.17104414100	32.60982919000	-1.47495038400	1.17104414100	43.70157744000	3.94783207400													
1.19494300100	32.60894816000	-1.47477161300	1.19494300100	43.70228792000	3.94792144400													
1.21884186100	32.60904384000	-1.47473545900	1.21884186100	43.70220762000	3.94783586700													
1.24274072100	32.60975377000	-1.47492050100	1.24274072100	43.70241452000	3.94793158200													
1.26663958100	32.60918845000	-1.47488930300	1.26663958100	43.70241182000	3.94788923600													
1.29053844100	32.60950613000	-1.47463461900	1.29053844100	43.70325102000	3.94810287900													
1.31443730100	32.60936844000	-1.47466958200	1.31443730100	43.70182952000	3.94802837100													
1.33833616100	32.60986066000	-1.47487554500	1.33833616100	43.70252202000	3.94804766100													
1.36223502100	32.60979668000	-1.47490179600	1.36223502100	43.70269317000	3.94788156700													
1.38613388100	32.60982502000	-1.47480359400	1.38613388100	43.70298298000	3.94793059300													
1.41003274100	32.60969625000	-1.47484490600	1.41003274100	43.70201802000	3.94808747600													
1.43393160100	32.61012514000	-1.47482989200	1.43393160100	43.70302485000	3.94787052700													
1.45783046100	32.60991161000	-1.47481353900	1.45783046100	43.70242732000	3.94811374100													
1.48172932200	32.60890352000	-1.47455747200	1.48172932200	43.70261849000	3.94785116100													
1.50562818200	32.61034997000	-1.47465983500	1.50562818200	43.70217261000	3.94785242300													
1.52952704200	32.60899377000	-1.47479571600	1.52952704200	43.70227538000	3.94796026000													
1.55342590200	32.60963123000	-1.47463414200	1.55342590200	43.70274835000	3.94802937100													
1.57732476200	32.60880007000	-1.47468360300	1.57732476200	43.70258846000	3.94783363800													
1.60122362200	32.60909522000	-1.47467553600	1.60122362200	43.70275928000	3.94792944500													
1.62512248200	32.60875793000	-1.47468157500	1.62512248200	43.70251211000	3.94792202900													
1.64902134200	32.60929890000	-1.47466839600	1.64902134200	43.70222995000	3.94781547800													
1.67292020200	32.60943817000	-1.47479511800	1.67292020200	43.70311628000	3.94802490600													
1.69681906200	32.60963033000	-1.47484599400	1.69681906200	43.70165829000	3.94775252900													
1.72071792200	32.60716360000	-1.47418216000	1.72071792200	43.70317477000	3.94791629700													
1.74461678200	32.45025802000	-1.47213080200	1.74461678200	43.70029995000	3.94774291100													
1.76851564200	32.29731339000	-1.47169654100	1.76851564200	43.69638850000	3.94748545600													
1.79241450200	32.05440141000	-1.46697337300	1.79241450200	43.69131190000	3.94690687700													
1.81631336200	32.02601035000	-1.46565393500	1.81631336200	43.69127737000	3.94699617600													
1.84021222200	31.91059192000	-1.46054094900	1.84021222200	43.68938290000	3.94677876500													
1.86411108200	31.82028833000	-1.46053120300	1.86411108200	43.68683203000	3.94731991700													
1.88800994200	31.71055789000	-1.45718491300	1.88800994200	43.68953383000	3.94672185800													
1.91190880200	31.53747971000	-1.45466014100	1.91190880200	43.69571901000	3.94673914100													
1.93580766200	31.40959787000	-1.45197997900	1.93580766200	43.69643858000	3.94648118300													
1.95970652200	31.26956946000	-1.44964160700	1.95970652200	43.70055474000	3.94618618900													
1.98360538200	31.09218565000	-1.44554021300	1.98360538200	43.70611418000	3.94628961700													
2.00750424200	30.80438123000	-1.45064033500	2.00750424200	43.70972650000	3.94648027000													
2.03140310200	30.60407430000	-1.44138717700	2.03140310200	43.70438647000	3.94659121800													
2.05530196200	30.33157344000	-1.43257087200	2.05530196200	43.70120911000	3.94721669000													
2.07920082200	29.93052466000	-1.42475351500	2.07920082200	43.69394884000	3.94805607200													
2.10309968200	29.67860675000	-1.41154561200	2.10309968200	43.69681734000	3.94810594000													
2.12699854200	29.46382135000	-1.40540392600	2.12699854200	43.69513112000	3.94820197900													
2.15089740200	29.23968087000	-1.39823754900	2.15089740200	43.70038952000	3.94789748900													
2.17479626200	29.13882563000	-1.38998403400	2.17479626200	43.69911187000	3.94778002200													
2.19869512200	28.69184908000	-1.38719692000	2.19869512200	43.69851568000	3.94788403800													
2.22259398200	28.45757505000	-1.37715870800	2.22259398200	43.69087621000	3.94838620200													
2.24649284200	28.23855310000	-1.36523947800	2.24649284200	43.68673581000	3.94841156200													
2.27039170200	28.02017805000	-1.35964323700	2.27039170200	43.68916740000	3.94835656500													
2.29429056200	27.90237390000	-1.35338114800	2.29429056200	43.68935521000	3.94842737400													
2.31818942200	27.67560296000	-1.34883467300	2.31818942200	43.68157816000	3.94865945900													
2.34208828200	27.45836190000	-1.33886258700	2.34208828200	43.67900441000	3.94842838600													
2.36598714200	27.11635260000	-1.33419072300	2.36598714200	43.69211825000	3.94823845400													
2.38988600200	26.88474145000	-1.33159267400	2.38988600200	43.70015125000	3.94827257100													
2.41378486200	26.43557873000	-1.32440088700	2.41378486200	43.71240900000	3.94802641300													
2.43768372200	26.33234400000	-1.31509291000	2.43768372200	43.71626370000	3.94817665800													
2.46158258300	25.90039767000	-1.30995511700	2.46158258300	43.73778951000	3.94770270400													
2.48548144300	25.70068243000	-1.29664047400	2.48548144300	43.74455404000	3.94705249900													
2.50938030300	25.50659314000	-1.28911172700	2.50938030300	43.74970799000	3.94679529500													
2.53327916300	25.39214678000	-1.28260848100	2.53327916300	43.74948287000	3.94662005000													
2.55717802300	25.19151406000	-1.28026365600	2.55717802300	43.76105052000	3.94644924700													
2.58107688300	24.79673657000	-1.28069562300	2.58107688300	43.75307557000	3.94619378700													
2.60497574300	24.61365337000	-1.27063043900	2.60497574300	43.77180904000	3.94581999500													
2.62887460300	24.31317253000	-1.26441864700	2.62887460300	43.77639937000	3.94520846300													
2.65277346300	24.12507369000	-1.25611832100	2.65277346300	43.77655080000	3.94578961000													
2.67667232300	23.97314167000	-1.24471881200	2.67667232300	43.79488197000	3.94496931200													
2.70057118300	23.89923136000	-1.23620218800	2.70057118300	43.79338560000	3.94507776800													
2.72447004300	23.76373065000	-1.22939993600	2.72447004300	43.78242778000	3.94544390700													
2.74836890300	23.54349577000	-1.22378140200	2.74836890300	43.79528390000	3.94509450400													
2.77226776300	23.44113762000	-1.21816717000	2.77226776300	43.79083861000	3.94549945900													
2.79616662300	23.39348705000	-1.21459532400	2.79616662300	43.78928193000	3.94545057300													
2.82006548300	23.16242673000	-1.20807635200	2.82006548300	43.78373197000	3.94557918000													
2.84396434300	22.96438027000	-1.20163514600	2.84396434300	43.77833666000	3.94586002500													
2.86786320300	22.91673390000	-1.19736319200	2.86786320300	43.77843938000	3.94589564900													
2.89176206300	22.71461963000	-1.19154985700	2.89176206300	43.77727312000	3.94592000400													
2.91566092300	22.46134063000	-1.18442604800	2.91566092300	43.77329678000	3.94576319000													
2.93955978300	22.38913703000	-1.18146230300	2.93955978300	43.77599019000	3.94537756300													
2.96345864300	22.25222926000	-1.17636067700	2.96345864300	43.77578900000	3.94527409500													
2.98735750300	22.10783421000	-1.17206896300	2.98735750300	43.77968617000	3.94456777500													
3.01125636300	21.90500071000	-1.16518347200	3.01125636300	43.77878455000	3.94455653700													
3.03515522300	21.65642283000	-1.15891307600	3.03515522300	43.77291808000	3.94471832000													
3.05905408300	21.52260449000	-1.15385251900	3.05905408300	43.77229975000	3.94457303600													
3.08295294300	21.39063842000	-1.15002821300	3.08295294300	43.77514443000	3.94480903900													
3.10685180300	21.33243971000	-1.14772665100	3.10685180300	43.76973238000	3.94511326600													
3.13075066300	21.06774939000	-1.14014704200	3.13075066300	43.76899882000	3.94500504700													
3.15464952300	20.92044242000	-1.13605101700	3.15464952300	43.77043797000	3.94465590900													
3.17854838300	20.70192808000	-1.12950346400	3.17854838300	43.77358709000	3.94462451100													
3.20244724300	20.53919161000	-1.12480273400	3.20244724300	43.77034524000	3.94432587700													
3.22634610300	20.23834073000	-1.11382002300	3.22634610300	43.76898977000	3.94453722600													
3.25024496300	20.16208552000	-1.11228519700	3.25024496300	43.77271065000	3.94448620900													
3.27414382300	19.89198436000	-1.10640810000	3.27414382300	43.77619971000	3.94483250900													
3.29804268300	19.81527504000	-1.10214766500	3.29804268300	43.77388720000	3.94489489900													
3.32194154300	19.66982259000	-1.09786822400	3.32194154300	43.77693133000	3.94474538400													
3.34584040300	19.52551353000	-1.09273180700	3.34584040300	43.78117473000	3.94486310600													
3.36973926300	19.27193243000	-1.08059947900	3.36973926300	43.79159806000	3.94470619600													
3.39363812300	19.13053863000	-1.07416955300	3.39363812300	43.79317950000	3.94434548900													
3.41753698300	18.92422045000	-1.06809087800	3.41753698300	43.79737407000	3.94430033700													
3.44143584400	18.78870575000	-1.06613287900	3.44143584400	43.80088835000	3.94443357900													
3.46533470400	18.62758989000	-1.05918928900	3.46533470400	43.80106705000	3.94472652000													
3.48923356400	18.52039969000	-1.05749981400	3.48923356400	43.80040684000	3.94504779400													
3.51313242400	18.44469404000	-1.05630736400	3.51313242400	43.80173678000	3.94487048200													
3.53703128400	18.36946524000	-1.05551846200	3.53703128400	43.80207752000	3.94462470900													
3.56093014400	18.33599139000	-1.05387778400	3.56093014400	43.80075728000	3.94493643900													
3.58482900400	18.32550477000	-1.05449204200	3.58482900400	43.80089655000	3.94505537900													
3.60872786400	18.22264199000	-1.04784028300	3.60872786400	43.79625947000	3.94575026100													
3.63262672400	18.17980306000	-1.04558352800	3.63262672400	43.79781278000	3.94529973800													
3.65652558400	18.07013585000	-1.04246248300	3.65652558400	43.79791822000	3.94669353200													
3.68042444400	17.99473824000	-1.04282306800	3.68042444400	43.79876110000	3.94647730700													
3.70432330400	17.90930363000	-1.04054541200	3.70432330400	43.79721732000	3.94616298100													
3.72822216400	17.77045564000	-1.03794784100	3.72822216400	43.79664194000	3.94629622600													
3.75212102400	17.68546125000	-1.03552247100	3.75212102400	43.79380908000	3.94665664100													
3.77601988400	17.59944154000	-1.03435089600	3.77601988400	43.78774359000	3.94689247100													
3.79991874400	17.50438971000	-1.03123460400	3.79991874400	43.78546269000	3.94733329400													
3.82381760400	17.37473530000	-1.02736725000	3.82381760400	43.78494405000	3.94680530700													
3.84771646400	17.29642787000	-1.02507888800	3.84771646400	43.78535192000	3.94657243200													
3.87161532400	17.21664945000	-1.02328534200	3.87161532400	43.79320923000	3.94621687600													
3.89551418400	17.13406015000	-1.02030766600	3.89551418400	43.79316051000	3.94621860400													
3.91941304400	17.01054722000	-1.01509279400	3.91941304400	43.79810494000	3.94617359400													
3.94331190400	16.94743401000	-1.01467513100	3.94331190400	43.80057631000	3.94587077700													
3.96721076400	16.88658419000	-1.01401426100	3.96721076400	43.80088782000	3.94618807200													
3.99110962400	16.83385375000	-1.01117822400	3.99110962400	43.80429605000	3.94585923700													
4.01500848400	16.77791359000	-1.00893982500	4.01500848400	43.80571425000	3.94593407000													
4.03890734400	16.75529136000	-1.00806979000	4.03890734400	43.80714953000	3.94563162500													
4.06280620400	16.70517717000	-1.00693490000	4.06280620400	43.80848510000	3.94555352400													
4.08670506400	16.67172399000	-1.00648344900	4.08670506400	43.80891026000	3.94541133000													
4.11060392400	16.62841481000	-1.00618538300	4.11060392400	43.80382176000	3.94545866800													
4.13450278400	16.60247212000	-1.00550298600	4.13450278400	43.80698045000	3.94529043600													
4.15840164400	16.56364795000	-1.00534794300	4.15840164400	43.80248725000	3.94531908000													
4.18230050400	16.53239120000	-1.00431973200	4.18230050400	43.80192111000	3.94540731300													
4.20619936400	16.40754993000	-1.00118365300	4.20619936400	43.80255895000	3.94532436600													
4.23009822400	16.35470564000	-0.99978044290	4.23009822400	43.80169274000	3.94520668800													
4.25399708400	16.25060985000	-0.99687391510	4.25399708400	43.80369589000	3.94554834700													
4.27789594400	16.16954744000	-0.99430804380	4.27789594400	43.80591766000	3.94545753000													
4.30179480400	15.99158019000	-0.99239359690	4.30179480400	43.80841365000	3.94555463000													
4.32569366400	15.94166294000	-0.98987860190	4.32569366400	43.81093971000	3.94551292600													
4.34959252400	15.85535960000	-0.98774758430	4.34959252400	43.81026169000	3.94508369900													
4.37349138400	15.73005036000	-0.98800854840	4.37349138400	43.81476814000	3.94534396600													
4.39739024400	15.71276215000	-0.98610782030	4.39739024400	43.82486002000	3.94494232800													
4.42128910500	15.64923012000	-0.98473816070	4.42128910500	43.82520430000	3.94502731800													
4.44518796500	15.59187441000	-0.98279537780	4.44518796500	43.83798430000	3.94493215200													
4.46908682500	15.47789274000	-0.97894757280	4.46908682500	43.83774850000	3.94581487400													
4.49298568500	15.43668013000	-0.97779945870	4.49298568500	43.84327003000	3.94492892200													
4.51688454500	15.39172800000	-0.97719239480	4.51688454500	43.84914259000	3.94453300800													
4.54078340500	15.34300748000	-0.97468249240	4.54078340500	43.84898984000	3.94481185000													
4.56468226500	15.28124734000	-0.97339650590	4.56468226500	43.85273725000	3.94456275900													
4.58858112500	15.23457489000	-0.97149662730	4.58858112500	43.85389674000	3.94465947600													
4.61247998500	15.18427837000	-0.96880690780	4.61247998500	43.85136375000	3.94440983000													
4.63637884500	15.13601513000	-0.96775845460	4.63637884500	43.85589426000	3.94417155600													
4.66027770500	15.03909090000	-0.96500764640	4.66027770500	43.85949687000	3.94399595600													
4.68417656500	14.97388210000	-0.96333755870	4.68417656500	43.86049846000	3.94364973800													
4.70807542500	14.86034320000	-0.95917945620	4.70807542500	43.86182816000	3.94346585800													
4.73197428500	14.81352684000	-0.95726464080	4.73197428500	43.85525413000	3.94387390100													
4.75587314500	14.80602514000	-0.95711075990	4.75587314500	43.85551556000	3.94421378500													
4.77977200500	14.78306193000	-0.95670825400	4.77977200500	43.85723469000	3.94460560000													
4.80367086500	14.68913713000	-0.95308185790	4.80367086500	43.85054471000	3.94498883000													
4.82756972500	14.67493701000	-0.95173411060	4.82756972500	43.85282820000	3.94449938300													
4.85146858500	14.62237046000	-0.94985219350	4.85146858500	43.85499935000	3.94389267900													
4.87536744500	14.53784461000	-0.94766544320	4.87536744500	43.86083052000	3.94414581400													
4.89926630500	14.51252799000	-0.94538541970	4.89926630500	43.87012301000	3.94368864700													
4.92316516500	14.49056064000	-0.94489342640	4.92316516500	43.86699020000	3.94393095200													
4.94706402500	14.42899715000	-0.94203213750	4.94706402500	43.87143715000	3.94385484200													
4.97096288500	14.41311395000	-0.94261311740	4.97096288500	43.87546488000	3.94351290400													
4.99486174500	14.39113490000	-0.94267729910	4.99486174500	43.88066233000	3.94315346800													
5.01876060500	14.38613568000	-0.94248374480	5.01876060500	43.87318186000	3.94289525000													
5.04265946500	14.38740221000	-0.94341936280	5.04265946500	43.87091695000	3.94301064900													
5.06655832500	14.38476266000	-0.94327592750	5.06655832500	43.87125192000	3.94293764200													
5.09045718500	14.38364786000	-0.94369754870	5.09045718500	43.87419613000	3.94273971400													
5.11435604500	14.37182638000	-0.94318544120	5.11435604500	43.86790204000	3.94283700300													
5.13825490500	14.37140962000	-0.94329377530	5.13825490500	43.86862446000	3.94276163900													
5.16215376500	14.28705822000	-0.94061872800	5.16215376500	43.87149379000	3.94240107500													
5.18605262500	14.26237575000	-0.94076126380	5.18605262500	43.86778357000	3.94264303300													
5.20995148500	14.24648678000	-0.94035427040	5.20995148500	43.86680059000	3.94278287000													
5.23385034500	14.23674400000	-0.94034428480	5.23385034500	43.86917211000	3.94267570000													
5.25774920500	14.18522412000	-0.93839408370	5.25774920500	43.86728041000	3.94273272700													
5.28164806500	14.14779196000	-0.93740540960	5.28164806500	43.86955273000	3.94282560900													
5.30554692500	14.14189463000	-0.93688286610	5.30554692500	43.86385305000	3.94360129000													
5.32944578500	14.13842240000	-0.93664907750	5.32944578500	43.86607820000	3.94322657700													
5.35334464500	14.11160521000	-0.93591474140	5.35334464500	43.86275835000	3.94381505800													
5.37724350500	14.10135161000	-0.93639242840	5.37724350500	43.86461697000	3.94323276300													
5.40114236600	14.09510351000	-0.93648030410	5.40114236600	43.86488811000	3.94323808000													
5.42504122600	14.10004293000	-0.93651197180	5.42504122600	43.86564370000	3.94290170700													
5.44894008600	14.10413930000	-0.93671211280	5.44894008600	43.86499929000	3.94252735800													
5.47283894600	14.10024664000	-0.93686125500	5.47283894600	43.86086667000	3.94289227600													
5.49673780600	14.09436173000	-0.93643662420	5.49673780600	43.86115060000	3.94277669800													
5.52063666600	14.08809130000	-0.93577540140	5.52063666600	43.85898520000	3.94267528800													
5.54453552600	14.08693120000	-0.93598633600	5.54453552600	43.86000989000	3.94274527000													
5.56843438600	14.07578729000	-0.93467136320	5.56843438600	43.85940576000	3.94299235000													
5.59233324600	14.05812279000	-0.93317425020	5.59233324600	43.85637986000	3.94283807800													
5.61623210600	14.06730826000	-0.93498334190	5.61623210600	43.85846905000	3.94306344300													
5.64013096600	14.07890275000	-0.93444842630	5.64013096600	43.85898852000	3.94311646700													
5.66402982600	14.08969755000	-0.93555741110	5.66402982600	43.85828073000	3.94270342000													
5.68792868600	14.09177568000	-0.93563480580	5.68792868600	43.85807085000	3.94316082100													
5.71182754600	14.09202227000	-0.93551812390	5.71182754600	43.85769651000	3.94333149500													
5.73572640600	14.09279704000	-0.93573859800	5.73572640600	43.85942855000	3.94295157100													
5.75962526600	14.10278429000	-0.93622915900	5.75962526600	43.86128917000	3.94264556700													
5.78352412600	14.09660316000	-0.93591042390	5.78352412600	43.86340528000	3.94304557400													
5.80742298600	14.09180886000	-0.93569016810	5.80742298600	43.85925659000	3.94338132500													
5.83132184600	14.09407308000	-0.93607880920	5.83132184600	43.86295477000	3.94340373400													
5.85522070600	14.09676857000	-0.93626524270	5.85522070600	43.85872850000	3.94351075500													
5.87911956600	14.09710295000	-0.93659718950	5.87911956600	43.86034296000	3.94326058100													
5.90301842600	14.09334217000	-0.93631225500	5.90301842600	43.86080167000	3.94335472300													
5.92691728600	14.09398427000	-0.93607382660	5.92691728600	43.85926937000	3.94329895200													
5.95081614600	14.09412800000	-0.93639779010	5.95081614600	43.85931286000	3.94354499900													
5.97471500600	14.08543410000	-0.93512958370	5.97471500600	43.85982546000	3.94328698200													
5.99861386600	14.08230887000	-0.93485897060	5.99861386600	43.85895612000	3.94323209000													
6.02251272600	14.08124088000	-0.93426268280	6.02251272600	43.86001693000	3.94277243700													
6.04641158600	14.08396757000	-0.93472268910	6.04641158600	43.85932341000	3.94287867100													
6.07031044600	14.08812068000	-0.93505816150	6.07031044600	43.86041759000	3.94277763900													
6.09420930600	14.09094401000	-0.93594300060	6.09420930600	43.85974481000	3.94270255300													
6.11810816600	14.08706031000	-0.93532972790	6.11810816600	43.85764843000	3.94322406700													
6.14200702600	14.08257867000	-0.93489127600	6.14200702600	43.85625648000	3.94314384400													
6.16590588600	14.07680310000	-0.93428999200	6.16590588600	43.85570542000	3.94339746900													
6.18980474600	14.07453308000	-0.93403056130	6.18980474600	43.85488523000	3.94306786600													
6.21370360600	14.06602953000	-0.93359314830	6.21370360600	43.85280419000	3.94316429800													
6.23760246600	14.07000229000	-0.93375811350	6.23760246600	43.85293822000	3.94315602600													
6.26150132600	14.08679475000	-0.93510922700	6.26150132600	43.85290770000	3.94343356800													
6.28540018600	14.08625899000	-0.93562567090	6.28540018600	43.85092724000	3.94293561600													
6.30929904600	14.08984523000	-0.93541010090	6.30929904600	43.85529018000	3.94318898200													
6.33319790600	14.09304490000	-0.93624927050	6.33319790600	43.85183147000	3.94328313500													
6.35709676600	14.09887361000	-0.93637617580	6.35709676600	43.85102201000	3.94315385400													
6.38099562700	14.09718209000	-0.93659244940	6.38099562700	43.85152040000	3.94360224100													
6.40489448700	14.09574050000	-0.93619740940	6.40489448700	43.85494682000	3.94308719900													
6.42879334700	14.10484359000	-0.93667629800	6.42879334700	43.85463139000	3.94342357200													
6.45269220700	14.10633888000	-0.93708935730	6.45269220700	43.85345897000	3.94365159300													
6.47659106700	14.10163211000	-0.93680901560	6.47659106700	43.85249850000	3.94349675000													
6.50048992700	14.09787653000	-0.93647628940	6.50048992700	43.85181802000	3.94336020100													
6.52438878700	14.09556088000	-0.93611657320	6.52438878700	43.85141594000	3.94324062200													
6.54828764700	14.09413887000	-0.93662818900	6.54828764700	43.85366450000	3.94310037500													
6.57218650700	14.09053234000	-0.93615736960	6.57218650700	43.85544913000	3.94336763000													
6.59608536700	14.09130145000	-0.93609573650	6.59608536700	43.85518236000	3.94318798600													
6.61998422700	14.08943512000	-0.93610814860	6.61998422700	43.85508846000	3.94316145900													
6.64388308700	14.09021921000	-0.93567862160	6.64388308700	43.85293038000	3.94312338500													
6.66778194700	14.08822223000	-0.93592839240	6.66778194700	43.85206666000	3.94318172100													
6.69168080700	14.08833422000	-0.93585086820	6.69168080700	43.85285141000	3.94340936100													
6.71557966700	14.09048439000	-0.93629266970	6.71557966700	43.85015872000	3.94336958700													
6.73947852700	14.08906927000	-0.93621608350	6.73947852700	43.85432843000	3.94329787600													
6.76337738700	14.08760107000	-0.93580437360	6.76337738700	43.85308957000	3.94359523300													
6.78727624700	14.08862779000	-0.93615358110	6.78727624700	43.85224018000	3.94343445100													
6.81117510700	14.09066820000	-0.93632198940	6.81117510700	43.85182826000	3.94350107000													
6.83507396700	14.09296551000	-0.93630295620	6.83507396700	43.85314705000	3.94347125600													
6.85897282700	14.08822072000	-0.93612438260	6.85897282700	43.85400806000	3.94320663400													
6.88287168700	14.08619237000	-0.93579718830	6.88287168700	43.85194094000	3.94335897200													
6.90677054700	14.08617506000	-0.93591585800	6.90677054700	43.85287663000	3.94303537000													
6.93066940700	14.08691183000	-0.93594013910	6.93066940700	43.85121714000	3.94327238800													
6.95456826700	14.08720426000	-0.93609056080	6.95456826700	43.85344102000	3.94304762400													
6.97846712700	14.09480180000	-0.93635279460	6.97846712700	43.85552835000	3.94279623900													
7.00236598700	14.10525164000	-0.93716950560	7.00236598700	43.85365850000	3.94312084800													
																		
