mass_D			mass_A		
t	x	y	t	x	y
0.00000000000000	16.50982184000000	-1.19172241000000	0.00000000000000	7.94157602100000	2.64334246300000
0.05961251863000	16.54176387000000	-1.19084244300000	0.05961251863000	7.94422799000000	2.64280082100000
0.11922503730000	16.61067856000000	-1.18929397500000	0.11922503730000	7.94347748800000	2.64287031900000
0.17883755590000	16.65410079000000	-1.18769476000000	0.17883755590000	7.94055917400000	2.64323010500000
0.23845007450000	16.67371543000000	-1.18481611900000	0.23845007450000	7.93824654100000	2.64382755800000
0.29806259310000	16.66387024000000	-1.18767733600000	0.29806259310000	7.92411280900000	2.64323520900000
0.35767511180000	16.66947974000000	-1.19046682400000	0.35767511180000	7.91801832700000	2.64224225300000
0.41728763040000	16.67149242000000	-1.19053918300000	0.41728763040000	7.91879297800000	2.64198747500000
0.47690014900000	16.68080913000000	-1.19195473000000	0.47690014900000	7.92013420800000	2.64184573600000
0.53651266770000	16.68038820000000	-1.19248872500000	0.53651266770000	7.91954927200000	2.64149288600000
0.59612518630000	16.67673209000000	-1.19210924400000	0.59612518630000	7.90801490600000	2.64242713400000
0.65573770490000	16.68628770000000	-1.19254482300000	0.65573770490000	7.88857873600000	2.64000389600000
0.71535022350000	16.78395370000000	-1.19279007100000	0.71535022350000	7.86883413800000	2.64008066200000
0.77496274220000	16.80554130000000	-1.19171606900000	0.77496274220000	7.85441871400000	2.64107099400000
0.83457526080000	16.83951462000000	-1.19348406000000	0.83457526080000	7.83711193500000	2.64156025300000
0.89418777940000	16.86547537000000	-1.19245154500000	0.89418777940000	7.82177357900000	2.64193784300000
0.95380029810000	16.89482035000000	-1.19291436100000	0.95380029810000	7.78626513000000	2.64215504600000
1.01341281700000	16.97427500000000	-1.19372275800000	1.01341281700000	7.78110108300000	2.64150150300000
1.07302533500000	17.01774626000000	-1.19520804300000	1.07302533500000	7.78681036400000	2.64252495600000
1.13263785400000	17.04209290000000	-1.19610956800000	1.13263785400000	7.78546647800000	2.64265387900000
1.19225037300000	17.04954347000000	-1.19581462000000	1.19225037300000	7.78273399100000	2.64212813400000
1.25186289100000	17.05331830000000	-1.19478769600000	1.25186289100000	7.77346590900000	2.64270750400000
1.31147541000000	17.15175186000000	-1.19334651500000	1.31147541000000	7.77393438000000	2.64322305500000
1.37108792800000	17.24286866000000	-1.19500295600000	1.37108792800000	7.77055170500000	2.64461461700000
1.43070044700000	17.26391126000000	-1.19821497700000	1.43070044700000	7.76071310500000	2.64473732700000
1.49031296600000	17.27679367000000	-1.20365895600000	1.49031296600000	7.74873836000000	2.64492997300000
1.54992548400000	17.27467569000000	-1.20991771800000	1.54992548400000	7.70963685500000	2.64589788000000
1.60953800300000	17.26371078000000	-1.22258696900000	1.60953800300000	7.69552149500000	2.64592079300000
1.66915052200000	17.30267074000000	-1.21439895800000	1.66915052200000	7.69453175600000	2.64539377400000
1.72876304000000	17.34777913000000	-1.21040731100000	1.72876304000000	7.69940462700000	2.64491287400000
1.78837555900000	17.33529473000000	-1.20380516900000	1.78837555900000	7.69118874500000	2.64547337200000
1.84798807700000	17.33513124000000	-1.20102909000000	1.84798807700000	7.67118951500000	2.64575935700000
1.90760059600000	17.33433571000000	-1.19920561200000	1.90760059600000	7.64460464200000	2.64531494000000
1.96721311500000	17.33767550000000	-1.19803069700000	1.96721311500000	7.63316833200000	2.64474591300000
2.02682563300000	17.32061081000000	-1.19583211700000	2.02682563300000	7.59324268100000	2.64400893300000
2.08643815200000	17.32661096000000	-1.19321416600000	2.08643815200000	7.52522878800000	2.64616912600000
2.14605067100000	17.35941980000000	-1.19412172400000	2.14605067100000	7.48483108100000	2.64557436200000
2.20566318900000	17.41391070000000	-1.19802312100000	2.20566318900000	7.48181461700000	2.64544548400000
2.26527570800000	17.49181484000000	-1.19740813600000	2.26527570800000	7.48426591500000	2.64586230800000
2.32488822700000	17.50902949000000	-1.19961553600000	2.32488822700000	7.47950278300000	2.64704656900000
2.38450074500000	17.54797971000000	-1.19806794600000	2.38450074500000	7.47523834800000	2.64709844800000
2.44411326400000	17.54208516000000	-1.19817990800000	2.44411326400000	7.44916614900000	2.64637232700000
2.50372578200000	17.53921360000000	-1.19807217100000	2.50372578200000	7.39681094500000	2.64636781600000
2.56333830100000	17.52347404000000	-1.19959525500000	2.56333830100000	7.37299286600000	2.64628016500000
2.62295082000000	17.52625600000000	-1.19921660000000	2.62295082000000	7.33936930400000	2.64747322500000
2.68256333800000	17.53629679000000	-1.19606955300000	2.68256333800000	7.32950325000000	2.64737714300000
2.74217585700000	17.52004794000000	-1.19588069800000	2.74217585700000	7.30894593100000	2.64723587600000
2.80178837600000	17.52738020000000	-1.19945700800000	2.80178837600000	7.25557967500000	2.64729439800000
2.86140089400000	17.54058247000000	-1.19807373200000	2.86140089400000	7.23519186400000	2.64768088300000
2.92101341300000	17.65644998000000	-1.19726800700000	2.92101341300000	7.20775525900000	2.64875454600000
2.98062593100000	17.71300454000000	-1.19598477800000	2.98062593100000	7.20041172300000	2.64897062800000
3.04023845000000	17.72256534000000	-1.19745451100000	3.04023845000000	7.18875055700000	2.64931531900000
3.09985096900000	17.77143485000000	-1.19993546800000	3.09985096900000	7.18576236400000	2.64940605800000
3.15946348700000	17.79323863000000	-1.20052015300000	3.15946348700000	7.17840843800000	2.64989729900000
3.21907600600000	17.82940974000000	-1.20068790300000	3.21907600600000	7.17934744900000	2.64992415500000
3.27868852500000	17.88204489000000	-1.20242681000000	3.27868852500000	7.17822760700000	2.65001032900000
3.33830104300000	17.91132855000000	-1.20155329000000	3.33830104300000	7.17141460500000	2.64938085000000
3.39791356200000	17.93892515000000	-1.20213790400000	3.39791356200000	7.16660722100000	2.64910448000000
3.45752608000000	17.93697882000000	-1.20601403500000	3.45752608000000	7.15468003400000	2.64953416000000
3.51713859900000	17.94660036000000	-1.20887770100000	3.51713859900000	7.12418276000000	2.64923297500000
3.57675111800000	17.95465175000000	-1.20876635700000	3.57675111800000	7.11645117800000	2.64959795500000
3.63636363600000	17.98584367000000	-1.20785420800000	3.63636363600000	7.10386528200000	2.64924883100000
3.69597615500000	18.01816629000000	-1.20726984700000	3.69597615500000	7.10488387500000	2.64928438100000
3.75558867400000	18.02818291000000	-1.20779700400000	3.75558867400000	7.09945518500000	2.65004173700000
3.81520119200000	17.98937356000000	-1.20496438200000	3.81520119200000	7.07168183000000	2.64846765300000
3.87481371100000	18.00696495000000	-1.20313440800000	3.87481371100000	7.01680965100000	2.65014101600000
3.93442623000000	18.02197152000000	-1.20396550400000	3.93442623000000	6.99824027500000	2.65041884500000
3.99403874800000	18.04314243000000	-1.20149853900000	3.99403874800000	6.97075525300000	2.65014877200000
4.05365126700000	18.10034213000000	-1.20211572100000	4.05365126700000	6.97202213100000	2.65007777800000
4.11326378500000	18.11973411000000	-1.19613258600000	4.11326378500000	6.96688466500000	2.64972501600000
4.17287630400000	18.15027694000000	-1.19468619000000	4.17287630400000	6.95990372400000	2.64992733500000
4.23248882300000	18.15783336000000	-1.19996206000000	4.23248882300000	6.95774053100000	2.64966893300000
4.29210134100000	18.14949420000000	-1.20242041000000	4.29210134100000	6.95983596000000	2.64934465300000
4.35171386000000	18.16104189000000	-1.20464980300000	4.35171386000000	6.95162043200000	2.64957255200000
4.41132637900000	18.18627203000000	-1.20313151600000	4.41132637900000	6.94997747000000	2.65012736000000
4.47093889700000	18.20948214000000	-1.20330780600000	4.47093889700000	6.92923610400000	2.65108078700000
4.53055141600000	18.23292325000000	-1.20327791700000	4.53055141600000	6.89860456500000	2.65179830500000
4.59016393400000	18.24684522000000	-1.20399357800000	4.59016393400000	6.87735386800000	2.65166027700000
4.64977645300000	18.28377200000000	-1.20646680600000	4.64977645300000	6.86768652500000	2.65091928800000
4.70938897200000	18.29628449000000	-1.20622398700000	4.70938897200000	6.86063843300000	2.65227771400000
4.76900149000000	18.32017950000000	-1.20664580600000	4.76900149000000	6.83411481000000	2.65070482900000
4.82861400900000	18.34844184000000	-1.20449709100000	4.82861400900000	6.82701806100000	2.65094694700000
4.88822652800000	18.39408727000000	-1.20424523600000	4.88822652800000	6.81782883900000	2.65129214800000
4.94783904600000	18.42148691000000	-1.20413090300000	4.94783904600000	6.81363172000000	2.65150080000000
5.00745156500000	18.44098989000000	-1.20409758500000	5.00745156500000	6.79764195200000	2.65147033100000
5.06706408300000	18.43786401000000	-1.20367455700000	5.06706408300000	6.77213535500000	2.65202999600000
5.12667660200000	18.44105914000000	-1.20559752300000	5.12667660200000	6.74224411100000	2.65193995900000
5.18628912100000	18.46875635000000	-1.20665033400000	5.18628912100000	6.73369609300000	2.65232499100000
5.24590163900000	18.46459395000000	-1.20755963700000	5.24590163900000	6.73526264100000	2.65184214500000
5.30551415800000	18.47465784000000	-1.20734450000000	5.30551415800000	6.73517976100000	2.65168174700000
5.36512667700000	18.48989354000000	-1.20817849100000	5.36512667700000	6.72954200100000	2.65151354900000
5.42473919500000	18.52990358000000	-1.20673419200000	5.42473919500000	6.73213070500000	2.65131430000000
5.48435171400000	18.52436175000000	-1.20731905700000	5.48435171400000	6.72003414900000	2.65072136400000
5.54396423200000	18.60204896000000	-1.21181415700000	5.54396423200000	6.72241060000000	2.65087507900000
5.60357675100000	18.60127849000000	-1.21408645000000	5.60357675100000	6.72569983600000	2.65340272800000
5.66318927000000	18.61186291000000	-1.21602157200000	5.66318927000000	6.71917430200000	2.65323852300000
5.72280178800000	18.62064628000000	-1.21782550000000	5.72280178800000	6.71041963800000	2.65156640000000
5.78241430700000	18.61570934000000	-1.22073484200000	5.78241430700000	6.67569072500000	2.65201786100000
5.84202682600000	18.60710141000000	-1.21519001500000	5.84202682600000	6.66555520500000	2.65180111900000
5.90163934400000	18.61474199000000	-1.21097510800000	5.90163934400000	6.66424043100000	2.65167703300000
5.96125186300000	18.58785634000000	-1.20904549100000	5.96125186300000	6.66236462300000	2.65157131900000
6.02086438200000	18.59082300000000	-1.20853179700000	6.02086438200000	6.65628522800000	2.65344794500000
6.08047690000000	18.59422227000000	-1.20788502900000	6.08047690000000	6.63360247200000	2.65166197200000
6.14008941900000	18.62462499000000	-1.20831766200000	6.14008941900000	6.58556939200000	2.65260260200000
6.19970193700000	18.61222445000000	-1.20846656400000	6.19970193700000	6.55400008800000	2.65491569800000
6.25931445600000	18.60046984000000	-1.21168181100000	6.25931445600000	6.50391119300000	2.65300757500000
6.31892697500000	18.60062094000000	-1.21123908700000	6.31892697500000	6.50182662200000	2.65148769600000
6.37853949300000	18.61205029000000	-1.21127398300000	6.37853949300000	6.50044560500000	2.65471657200000
6.43815201200000	18.60801833000000	-1.21072139400000	6.43815201200000	6.50152608300000	2.65280296200000
6.49776453100000	18.64718625000000	-1.20864384400000	6.49776453100000	6.50734303900000	2.65366628400000
6.55737704900000	18.68499227000000	-1.20972155700000	6.55737704900000	6.50775158600000	2.65436462300000
6.61698956800000	18.72225560000000	-1.20882280700000	6.61698956800000	6.50801178400000	2.65466944800000
6.67660208600000	18.77269641000000	-1.20960195500000	6.67660208600000	6.51504447900000	2.65506247900000
6.73621460500000	18.76796013000000	-1.20967100600000	6.73621460500000	6.51827410000000	2.65602601000000
6.79582712400000	18.76361910000000	-1.20986400600000	6.79582712400000	6.52129989000000	2.65609564800000
6.85543964200000	18.75411123000000	-1.20881742600000	6.85543964200000	6.51650350700000	2.65682949800000
6.91505216100000	18.75873872000000	-1.20980237000000	6.91505216100000	6.51262909500000	2.65707419200000
6.97466468000000	18.78245343000000	-1.20860427100000	6.97466468000000	6.50356085500000	2.65678134600000
7.03427719800000	18.83279103000000	-1.21195468700000	7.03427719800000	6.49623080200000	2.65653889300000
7.09388971700000	18.87400999000000	-1.21199944500000	7.09388971700000	6.48676203500000	2.65639524900000
7.15350223500000	18.89774819000000	-1.21502151200000	7.15350223500000	6.45227805300000	2.65594517400000
7.21311475400000	18.88678006000000	-1.21261697900000	7.21311475400000	6.43813152400000	2.65583259300000
7.27272727300000	18.92456738000000	-1.21359930800000	7.27272727300000	6.44106860000000	2.65555722200000
7.33233979100000	18.92986093000000	-1.21126815100000	7.33233979100000	6.44155353200000	2.65540298900000
7.39195231000000	18.94679563000000	-1.21225809000000	7.39195231000000	6.43689878500000	2.65637471700000
7.45156482900000	18.96105918000000	-1.21141355400000	7.45156482900000	6.43793905200000	2.65571577500000
7.51117734700000	18.96325441000000	-1.21089105700000	7.51117734700000	6.43555509000000	2.65574609100000
7.57078986600000	18.96981547000000	-1.21030192700000	7.57078986600000	6.42837909700000	2.65657289600000
7.63040238500000	18.96129753000000	-1.21128808500000	7.63040238500000	6.41940362000000	2.65670057700000
7.69001490300000	18.96607400000000	-1.21147894000000	7.69001490300000	6.40623205700000	2.65633392700000
7.74962742200000	18.97483223000000	-1.21120571300000	7.74962742200000	6.37154465900000	2.65596097600000
7.80923994000000	18.97593513000000	-1.21183264200000	7.80923994000000	6.35186231000000	2.65517065200000
7.86885245900000	18.97461846000000	-1.21208682200000	7.86885245900000	6.33902568800000	2.65452787900000
7.92846497800000	18.97567278000000	-1.21236902900000	7.92846497800000	6.31308374500000	2.65525101400000
7.98807749600000	18.98372408000000	-1.21246796300000	7.98807749600000	6.30848837200000	2.65634455900000
8.04769001500000	18.97898815000000	-1.21177758000000	8.04769001500000	6.29667635800000	2.65760920500000
8.10730253400000	18.98685617000000	-1.21035544400000	8.10730253400000	6.27154524400000	2.65850209600000
8.16691505200000	18.96301566000000	-1.20814858100000	8.16691505200000	6.24704374300000	2.65879569000000
8.22652757100000	18.96394487000000	-1.20775765400000	8.22652757100000	6.21401671400000	2.65821248100000
8.28614008900000	18.96544580000000	-1.20870854900000	8.28614008900000	6.20225862000000	2.65748980300000
8.34575260800000	18.96001371000000	-1.20868995000000	8.34575260800000	6.18945005300000	2.65648403800000
8.40536512700000	18.95689815000000	-1.20975040900000	8.40536512700000	6.16153132600000	2.65792605300000
8.46497764500000	18.94191087000000	-1.20896011800000	8.46497764500000	6.14621345100000	2.65858849500000
8.52459016400000	18.94950465000000	-1.21023048500000	8.52459016400000	6.13584775200000	2.65797970600000
8.58420268300000	18.95824385000000	-1.20920433200000	8.58420268300000	6.13126469400000	2.65725619800000
8.64381520100000	18.97264803000000	-1.21116262400000	8.64381520100000	6.12407703300000	2.65799044200000
8.70342772000000	18.96312358000000	-1.20618983200000	8.70342772000000	6.09856366800000	2.65528967400000
8.76304023800000	18.95190252000000	-1.19985803700000	8.76304023800000	6.04755927600000	2.65383393500000
8.82265275700000	18.93294257000000	-1.20468622900000	8.82265275700000	6.01293999400000	2.65441109700000
8.88226527600000	18.93750631000000	-1.20973119000000	8.88226527600000	6.00187407200000	2.65728737300000
8.94187779400000	18.93916529000000	-1.20935457400000	8.94187779400000	6.01971866800000	2.65944133500000
9.00149031300000	18.95654642000000	-1.21263205600000	9.00149031300000	6.01460122600000	2.65977268700000
9.06110283200000	18.96211653000000	-1.21192296500000	9.06110283200000	6.01041973200000	2.65914042800000
9.12071535000000	18.96938022000000	-1.21286811100000	9.12071535000000	5.99885212500000	2.65905280200000
9.18032786900000	18.97409664000000	-1.21185156900000	9.18032786900000	6.00026496900000	2.65696206000000
9.23994038700000	18.98663016000000	-1.21320298500000	9.23994038700000	5.99226862400000	2.65634437200000
9.29955290600000	19.01561788000000	-1.21008917700000	9.29955290600000	5.99684332100000	2.65604450400000
9.35916542500000	19.03600943000000	-1.21252455400000	9.35916542500000	5.99787255900000	2.65634255500000
9.41877794300000	19.04566272000000	-1.21421097100000	9.41877794300000	5.99315892500000	2.65750607900000
9.47839046200000	19.03561286000000	-1.21354691200000	9.47839046200000	5.98393988300000	2.65980293100000
9.53800298100000	19.04493215000000	-1.21521424500000	9.53800298100000	5.97817353200000	2.66008583300000
9.59761549900000	19.04428887000000	-1.21540149300000	9.59761549900000	5.95922075700000	2.66006973000000
9.65722801800000	19.03529384000000	-1.21434530100000	9.65722801800000	5.94592667000000	2.66038647500000
9.71684053700000	19.04030125000000	-1.21460207400000	9.71684053700000	5.94694414100000	2.65872788900000
9.77645305500000	19.05067786000000	-1.21477110900000	9.77645305500000	5.93592798300000	2.65847958700000
9.83606557400000	19.04684338000000	-1.21443956800000	9.83606557400000	5.92401036300000	2.65795827400000
9.89567809200000	19.04061198000000	-1.21377502500000	9.89567809200000	5.91939007700000	2.65777637400000
9.95529061100000	19.05054268000000	-1.21447647100000	9.95529061100000	5.92375865400000	2.65968940900000
10.01490313000000	19.07112949000000	-1.21612326100000	10.01490313000000	5.92591859300000	2.66028589300000
10.07451565000000	19.05669147000000	-1.21489663200000	10.07451565000000	5.91870608100000	2.66035219900000
10.13412817000000	19.05685352000000	-1.21484463700000	10.13412817000000	5.91701593900000	2.66003854100000
10.19374069000000	19.05938415000000	-1.21463337600000	10.19374069000000	5.91274953000000	2.66108173400000
10.25335320000000	19.06870800000000	-1.21553007900000	10.25335320000000	5.91378821800000	2.66129393400000
10.31296572000000	19.06951784000000	-1.21480294100000	10.31296572000000	5.90912872200000	2.66137765000000
10.37257824000000	19.07771395000000	-1.21313308500000	10.37257824000000	5.91186656700000	2.66079382600000
10.43219076000000	19.12061416000000	-1.21455307400000	10.43219076000000	5.91387419300000	2.66023264200000
10.49180328000000	19.14280804000000	-1.21466428500000	10.49180328000000	5.92064785400000	2.66050809200000
10.55141580000000	19.12915049000000	-1.21453284600000	10.55141580000000	5.91326655200000	2.66032441100000
10.61102832000000	19.11321947000000	-1.21353160500000	10.61102832000000	5.89920711700000	2.66134280800000
10.67064083000000	19.10325777000000	-1.21324631300000	10.67064083000000	5.88498566400000	2.66144987500000
10.73025335000000	19.09997921000000	-1.21290283500000	10.73025335000000	5.84774844600000	2.66300349200000
10.78986587000000	19.10626700000000	-1.21267543100000	10.78986587000000	5.83493327600000	2.66230586600000
10.84947839000000	19.11037385000000	-1.21374671200000	10.84947839000000	5.82609184400000	2.66207194000000
10.90909091000000	19.11464400000000	-1.21312724600000	10.90909091000000	5.81632481000000	2.66262495200000
10.96870343000000	19.12256956000000	-1.21229954800000	10.96870343000000	5.78759262700000	2.66258257400000
11.02831595000000	19.12207305000000	-1.21162124500000	11.02831595000000	5.78019286500000	2.66196133700000
11.08792846000000	19.12515965000000	-1.21271650700000	11.08792846000000	5.78357099900000	2.66115709900000
11.14754098000000	19.13502404000000	-1.21270926500000	11.14754098000000	5.78390522200000	2.66087849000000
11.20715350000000	19.14227373000000	-1.21341791400000	11.20715350000000	5.78594013200000	2.66127697400000
11.26676602000000	19.17821379000000	-1.21325989700000	11.26676602000000	5.79182586400000	2.66054403800000
11.32637854000000	19.19384371000000	-1.21257774100000	11.32637854000000	5.78824516700000	2.66088516500000
11.38599106000000	19.20254576000000	-1.21261474000000	11.38599106000000	5.78397105000000	2.66105425600000
11.44560358000000	19.21144353000000	-1.21211955700000	11.44560358000000	5.78378088300000	2.66179155200000
11.50521610000000	19.19759075000000	-1.21297977000000	11.50521610000000	5.78398675500000	2.66213003400000
11.56482861000000	19.20480956000000	-1.21316041500000	11.56482861000000	5.78116060200000	2.66183158200000
11.62444113000000	19.19827670000000	-1.21281663000000	11.62444113000000	5.78170185900000	2.66195124300000
11.68405365000000	19.19175506000000	-1.21227583500000	11.68405365000000	5.78135548900000	2.66181764700000
11.74366617000000	19.19852758000000	-1.21203862600000	11.74366617000000	5.77887640300000	2.66172814500000
11.80327869000000	19.20265564000000	-1.21288353200000	11.80327869000000	5.78280155500000	2.66174633100000
11.86289121000000	19.21015487000000	-1.21383181800000	11.86289121000000	5.77929856500000	2.66118589700000
11.92250373000000	19.21634244000000	-1.21574294100000	11.92250373000000	5.78059149400000	2.66112539600000
11.98211624000000	19.20375738000000	-1.21484253000000	11.98211624000000	5.77780343900000	2.66129684200000
12.04172876000000	19.20411988000000	-1.21590673900000	12.04172876000000	5.78035294000000	2.66080411000000
12.10134128000000	19.20275866000000	-1.21588318300000	12.10134128000000	5.77342029000000	2.66081396300000
12.16095380000000	19.21321710000000	-1.21715813600000	12.16095380000000	5.77586747300000	2.66039934500000
12.22056632000000	19.20129742000000	-1.21626335100000	12.22056632000000	5.76852744200000	2.65972919900000
12.28017884000000	19.19354120000000	-1.21595082300000	12.28017884000000	5.75685717200000	2.66126150200000
12.33979136000000	19.18787710000000	-1.21538360500000	12.33979136000000	5.75216327200000	2.66142345600000
12.39940387000000	19.18764314000000	-1.21535118700000	12.39940387000000	5.74616213700000	2.65961104700000
12.45901639000000	19.18784796000000	-1.21597595200000	12.45901639000000	5.70844264600000	2.65964954500000
12.51862891000000	19.18365496000000	-1.21557609300000	12.51862891000000	5.69110169700000	2.66043163900000
12.57824143000000	19.19560697000000	-1.21596834100000	12.57824143000000	5.68939929900000	2.66147590100000
12.63785395000000	19.19409288000000	-1.21528437300000	12.63785395000000	5.69637434800000	2.66161303300000
12.69746647000000	19.22030727000000	-1.21630604600000	12.69746647000000	5.68916526100000	2.66215577500000
12.75707899000000	19.20439612000000	-1.21535078400000	12.75707899000000	5.68325526100000	2.66285476900000
12.81669151000000	19.20826876000000	-1.21380064800000	12.81669151000000	5.68577728000000	2.66362600600000
12.87630402000000	19.24991528000000	-1.21536153300000	12.87630402000000	5.69393779900000	2.66306303800000
12.93591654000000	19.27699224000000	-1.21546214400000	12.93591654000000	5.69604809400000	2.66308651700000
12.99552906000000	19.27130752000000	-1.21563648900000	12.99552906000000	5.70375497800000	2.66245978500000
13.05514158000000	19.26783845000000	-1.21641658200000	13.05514158000000	5.70377751500000	2.66201270700000
13.11475410000000	19.27453050000000	-1.21685362000000	13.11475410000000	5.70302403600000	2.66133779700000
13.17436662000000	19.27967760000000	-1.21730582100000	13.17436662000000	5.70181452500000	2.66147861100000
13.23397914000000	19.27911766000000	-1.21947550100000	13.23397914000000	5.70069275300000	2.66108274000000
13.29359165000000	19.27409125000000	-1.21751508600000	13.29359165000000	5.70243542600000	2.66158232200000
13.35320417000000	19.28163565000000	-1.21774604800000	13.35320417000000	5.70006307100000	2.66205384600000
13.41281669000000	19.28511904000000	-1.21669697500000	13.41281669000000	5.70200820000000	2.66231228400000
13.47242921000000	19.28438986000000	-1.21399651900000	13.47242921000000	5.70353068200000	2.66251296000000
13.53204173000000	19.26787224000000	-1.21503296100000	13.53204173000000	5.70514479800000	2.66327616000000
13.59165425000000	19.27997918000000	-1.21532238100000	13.59165425000000	5.69744606000000	2.66259382900000
13.65126677000000	19.27233741000000	-1.21674892500000	13.65126677000000	5.69548607600000	2.66230537400000
13.71087928000000	19.30772671000000	-1.21993503100000	13.71087928000000	5.70053417400000	2.66252742600000
13.77049180000000	19.34662953000000	-1.21928055100000	13.77049180000000	5.70526999900000	2.66262427700000
13.83010432000000	19.33258634000000	-1.21873972800000	13.83010432000000	5.70336943100000	2.66274334100000
13.88971684000000	19.33091117000000	-1.21810958500000	13.88971684000000	5.70207018900000	2.66274804000000
13.94932936000000	19.33771161000000	-1.21754687100000	13.94932936000000	5.70150926900000	2.66317785700000
14.00894188000000	19.32843272000000	-1.21727028500000	14.00894188000000	5.69648212000000	2.66357797300000
14.06855440000000	19.33339071000000	-1.21735055900000	14.06855440000000	5.69882588500000	2.66343973500000
14.12816692000000	19.33691813000000	-1.21728107600000	14.12816692000000	5.69043713900000	2.66358613600000
14.18777943000000	19.33694615000000	-1.21733717300000	14.18777943000000	5.69295856600000	2.66369238100000
14.24739195000000	19.32896289000000	-1.21697557000000	14.24739195000000	5.68507233800000	2.66374161800000
14.30700447000000	19.33386415000000	-1.21727820400000	14.30700447000000	5.69523974400000	2.66354206600000
14.36661699000000	19.33778484000000	-1.21636268500000	14.36661699000000	5.70071430800000	2.66374260000000
14.42622951000000	19.33663477000000	-1.21697148500000	14.42622951000000	5.69841670500000	2.66389046200000
14.48584203000000	19.33692498000000	-1.21755225700000	14.48584203000000	5.69818471200000	2.66363886800000
14.54545455000000	19.33680930000000	-1.21775675900000	14.54545455000000	5.70250158600000	2.66268382700000
14.60506706000000	19.33130756000000	-1.21723778700000	14.60506706000000	5.69582989300000	2.66272723400000
14.66467958000000	19.33887821000000	-1.21880263200000	14.66467958000000	5.69687597300000	2.66209858100000
14.72429210000000	19.32226824000000	-1.21687429100000	14.72429210000000	5.67624844900000	2.66333920700000
14.78390462000000	19.32738727000000	-1.21800325700000	14.78390462000000	5.66590626200000	2.66213465200000
14.84351714000000	19.32682578000000	-1.21755250600000	14.84351714000000	5.63908120400000	2.66195470100000
14.90312966000000	19.32914983000000	-1.21872801800000	14.90312966000000	5.61799325300000	2.66323182500000
14.96274218000000	19.32119374000000	-1.21864503000000	14.96274218000000	5.60329052000000	2.66424606100000
15.02235469000000	19.32159253000000	-1.21869472900000	15.02235469000000	5.60359337100000	2.66416560600000
15.08196721000000	19.33079178000000	-1.21831370400000	15.08196721000000	5.61316959500000	2.66427639400000
15.14157973000000	19.32740017000000	-1.21759141900000	15.14157973000000	5.60411984800000	2.66441640800000
15.20119225000000	19.32750147000000	-1.21634256000000	15.20119225000000	5.60060347700000	2.66441964800000
15.26080477000000	19.31824695000000	-1.21416736700000	15.26080477000000	5.58307818800000	2.66301826600000
15.32041729000000	19.32032027000000	-1.21493206500000	15.32041729000000	5.57091208600000	2.66384918200000
15.38002981000000	19.32984842000000	-1.21633273100000	15.38002981000000	5.56258614100000	2.66410282200000
15.43964232000000	19.32802447000000	-1.21661469000000	15.43964232000000	5.54327046700000	2.66449280400000
15.49925484000000	19.32734323000000	-1.21677003500000	15.49925484000000	5.55219797100000	2.66496412200000
15.55886736000000	19.33397331000000	-1.21768333300000	15.55886736000000	5.55717391900000	2.66440603300000
15.61847988000000	19.33562673000000	-1.21724985500000	15.61847988000000	5.55411756500000	2.66517489800000
15.67809240000000	19.33409441000000	-1.21862095800000	15.67809240000000	5.55122196400000	2.66499094300000
15.73770492000000	19.32980729000000	-1.21832762400000	15.73770492000000	5.54764851200000	2.66616962400000
15.79731744000000	19.33812265000000	-1.22001614900000	15.79731744000000	5.53810207800000	2.66564980700000
15.85692996000000	19.33292780000000	-1.22030465300000	15.85692996000000	5.53522832200000	2.66572042800000
15.91654247000000	19.33286696000000	-1.22056949800000	15.91654247000000	5.53931668200000	2.66496687200000
15.97615499000000	19.32698923000000	-1.22331246000000	15.97615499000000	5.52162007900000	2.66392300700000
16.03576751000000	19.32898497000000	-1.22211652100000	16.03576751000000	5.49326236400000	2.66494761700000
16.09538003000000	19.33802565000000	-1.22134172900000	16.09538003000000	5.48341214500000	2.66643263200000
16.15499255000000	19.34473138000000	-1.21959313800000	16.15499255000000	5.48028035900000	2.66656924900000
16.21460507000000	19.34783158000000	-1.21795387600000	16.21460507000000	5.48226117900000	2.66584647000000
16.27421759000000	19.36493406000000	-1.22298345500000	16.27421759000000	5.47866159000000	2.66627378500000
16.33383010000000	19.38205812000000	-1.21960069000000	16.33383010000000	5.47571600800000	2.66567746400000
16.39344262000000	19.40467744000000	-1.22137198400000	16.39344262000000	5.48241193100000	2.66527329700000
16.45305514000000	19.41506608000000	-1.22118985700000	16.45305514000000	5.48282061400000	2.66495901000000
16.51266766000000	19.41782216000000	-1.22116775000000	16.51266766000000	5.48006217700000	2.66560560400000
16.57228018000000	19.42252961000000	-1.22045281600000	16.57228018000000	5.48069342400000	2.66501284800000
16.63189270000000	19.41877588000000	-1.22038506200000	16.63189270000000	5.47747292800000	2.66503602100000
16.69150522000000	19.41607046000000	-1.22057128400000	16.69150522000000	5.46980178000000	2.66552015700000
16.75111773000000	19.41973161000000	-1.21994253300000	16.75111773000000	5.47074535000000	2.66539850900000
16.81073025000000	19.41536904000000	-1.21954859900000	16.81073025000000	5.47061524400000	2.66537318800000
16.87034277000000	19.41344436000000	-1.21937048500000	16.87034277000000	5.46963757500000	2.66525881300000
16.92995529000000	19.41164299000000	-1.21904193400000	16.92995529000000	5.47183946200000	2.66415817500000
16.98956781000000	19.41217320000000	-1.21862396500000	16.98956781000000	5.47254176300000	2.66464694400000
17.04918033000000	19.41399971000000	-1.21844477400000	17.04918033000000	5.47099992500000	2.66470528800000
17.10879285000000	19.41094648000000	-1.21815606500000	17.10879285000000	5.46261008800000	2.66517055900000
17.16840537000000	19.41171031000000	-1.21773491700000	17.16840537000000	5.45706995800000	2.66516848000000
17.22801788000000	19.40820945000000	-1.21689817900000	17.22801788000000	5.42076059900000	2.66527510700000
17.28763040000000	19.40805946000000	-1.21754878100000	17.28763040000000	5.40527840500000	2.66594876400000
17.34724292000000	19.40217123000000	-1.21587717300000	17.34724292000000	5.36936098000000	2.66527946900000
17.40685544000000	19.38697871000000	-1.21401910700000	17.40685544000000	5.34118705000000	2.66552951600000
17.46646796000000	19.38786556000000	-1.21447699500000	17.46646796000000	5.33554699500000	2.66539149200000
17.52608048000000	19.38424010000000	-1.21287538200000	17.52608048000000	5.32559394000000	2.66492311600000
17.58569300000000	19.34325151000000	-1.21029848200000	17.58569300000000	5.30889989200000	2.66539993900000
17.64530551000000	19.30076891000000	-1.20751955100000	17.64530551000000	5.27674087300000	2.66492418800000
17.70491803000000	19.30912461000000	-1.20680397900000	17.70491803000000	5.25528878400000	2.66613627500000
17.76453055000000	19.32664956000000	-1.21164668700000	17.76453055000000	5.25809361800000	2.66627360000000
17.82414307000000	19.32779559000000	-1.21351088100000	17.82414307000000	5.25506408000000	2.66629880300000
17.88375559000000	19.33041966000000	-1.21485588700000	17.88375559000000	5.24731519100000	2.66637926900000
17.94336811000000	19.32876433000000	-1.21462279900000	17.94336811000000	5.23235319400000	2.66633941500000
18.00298063000000	19.32586324000000	-1.21354591400000	18.00298063000000	5.21899330000000	2.66591710600000
18.06259314000000	19.32604362000000	-1.21367711700000	18.06259314000000	5.18670056600000	2.66718650100000
18.12220566000000	19.32877572000000	-1.21279616200000	18.12220566000000	5.17983018900000	2.66820774400000
18.18181818000000	19.33406330000000	-1.21317750800000	18.18181818000000	5.17187364200000	2.66836728000000
18.24143070000000	19.33759239000000	-1.21683770300000	18.24143070000000	5.17555113600000	2.66826609200000
18.30104322000000	19.34407110000000	-1.21781805900000	18.30104322000000	5.17375421900000	2.66832649100000
18.36065574000000	19.33646217000000	-1.21527556300000	18.36065574000000	5.16695241500000	2.66896556900000
18.42026826000000	19.33767417000000	-1.21491859000000	18.42026826000000	5.16465732600000	2.66905515300000
18.47988077000000	19.33715967000000	-1.21515430100000	18.47988077000000	5.16826232800000	2.66838548500000
18.53949329000000	19.34119254000000	-1.21698685000000	18.53949329000000	5.17011515400000	2.66816257500000
18.59910581000000	19.33993400000000	-1.21631941800000	18.59910581000000	5.16920366200000	2.66803404100000
18.65871833000000	19.34135764000000	-1.21457868400000	18.65871833000000	5.16153739000000	2.66753577800000
18.71833085000000	19.34460461000000	-1.21459419900000	18.71833085000000	5.14305809800000	2.66650782500000
18.77794337000000	19.33878959000000	-1.21531160900000	18.77794337000000	5.10615605100000	2.66722528800000
18.83755589000000	19.34306275000000	-1.21605600600000	18.83755589000000	5.09715329300000	2.66722127200000
18.89716841000000	19.34400906000000	-1.21589001400000	18.89716841000000	5.09639978800000	2.66709246100000
18.95678092000000	19.33814491000000	-1.21460907100000	18.95678092000000	5.08502711100000	2.66742575500000
19.01639344000000	19.33537687000000	-1.21589897800000	19.01639344000000	5.07733806700000	2.66413331600000
19.07600596000000	19.33907260000000	-1.21597434700000	19.07600596000000	5.04044964000000	2.66518328500000
19.13561848000000	19.33798341000000	-1.21601547200000	19.13561848000000	5.03444562400000	2.66539558700000
19.19523100000000	19.33712709000000	-1.21625695300000	19.19523100000000	5.02798875600000	2.66590369600000
19.25484352000000	19.33556513000000	-1.21597685000000	19.25484352000000	5.01246321700000	2.66840806600000
19.31445604000000	19.32813206000000	-1.21593631100000	19.31445604000000	4.99916153000000	2.66759302400000
19.37406855000000	19.31758822000000	-1.21622931300000	19.37406855000000	4.95630132500000	2.66828756700000
19.43368107000000	19.31866880000000	-1.21607569700000	19.43368107000000	4.94833688700000	2.66945007400000
19.49329359000000	19.33058950000000	-1.21720959300000	19.49329359000000	4.94718786100000	2.66793365500000
19.55290611000000	19.33443489000000	-1.21756576200000	19.55290611000000	4.94364943300000	2.66802535900000
19.61251863000000	19.34086532000000	-1.21666545400000	19.61251863000000	4.95212751800000	2.66782241800000
19.67213115000000	19.35118966000000	-1.21681806800000	19.67213115000000	4.94874434000000	2.66932030700000
19.73174367000000	19.34982055000000	-1.21642842800000	19.73174367000000	4.95707244200000	2.66820441800000
19.79135618000000	19.34723520000000	-1.21693528600000	19.79135618000000	4.95152331500000	2.66961792400000
19.85096870000000	19.34013759000000	-1.21744344600000	19.85096870000000	4.95064813600000	2.66851896500000
19.91058122000000	19.34155020000000	-1.21734083200000	19.91058122000000	4.95291770400000	2.66858121600000
19.97019374000000	19.34016546000000	-1.21733329400000	19.97019374000000	4.95033754700000	2.66900997000000
20.02980626000000	19.33927762000000	-1.21879437800000	20.02980626000000	4.94067206000000	2.66941780300000
20.08941878000000	19.33449476000000	-1.22000759700000	20.08941878000000	4.93689582300000	2.66919652300000
20.14903130000000	19.33327431000000	-1.21972333300000	20.14903130000000	4.93296297400000	2.66971021000000
20.20864382000000	19.32930729000000	-1.21926831400000	20.20864382000000	4.91299582600000	2.66891988500000
20.26825633000000	19.31516151000000	-1.21798014100000	20.26825633000000	4.89183265300000	2.66865704300000
20.32786885000000	19.32076052000000	-1.21639128700000	20.32786885000000	4.88334016100000	2.66916773600000
20.38748137000000	19.33246859000000	-1.21625613200000	20.38748137000000	4.88470149000000	2.66947362900000
20.44709389000000	19.33197483000000	-1.21520598600000	20.44709389000000	4.88230797300000	2.67001784300000
20.50670641000000	19.32490025000000	-1.21567476900000	20.50670641000000	4.87494246600000	2.67055977000000
20.56631893000000	19.32500384000000	-1.21513227700000	20.56631893000000	4.87730343500000	2.67043185500000
20.62593145000000	19.33071867000000	-1.21609589800000	20.62593145000000	4.87085791400000	2.66923987700000
20.68554396000000	19.32609281000000	-1.21572394000000	20.68554396000000	4.87300497600000	2.66894150500000
20.74515648000000	19.30824045000000	-1.21370461600000	20.74515648000000	4.84476542200000	2.67124308600000
20.80476900000000	19.27627040000000	-1.21166431800000	20.80476900000000	4.81279081400000	2.67305248700000
20.86438152000000	19.23944630000000	-1.21065955300000	20.86438152000000	4.80164011400000	2.67217697400000
20.92399404000000	19.23278413000000	-1.20922609300000	20.92399404000000	4.80136593400000	2.67204619500000
20.98360656000000	19.25125607000000	-1.21130337500000	20.98360656000000	4.79436224600000	2.67164952300000
21.04321908000000	19.25283785000000	-1.21158871700000	21.04321908000000	4.80278519400000	2.67136378200000
21.10283159000000	19.24781007000000	-1.21091539800000	21.10283159000000	4.79906444300000	2.67084380000000
21.16244411000000	19.24108708000000	-1.20916896300000	21.16244411000000	4.78871397000000	2.67110368400000
21.22205663000000	19.23929565000000	-1.20704886600000	21.22205663000000	4.78980687500000	2.67023713600000
21.28166915000000	19.23270089000000	-1.20456643400000	21.28166915000000	4.78700399500000	2.67111859900000
21.34128167000000	19.24137585000000	-1.20579704200000	21.34128167000000	4.79576003200000	2.67164476500000
21.40089419000000	19.24084068000000	-1.20399670800000	21.40089419000000	4.78850628100000	2.67200003200000
21.46050671000000	19.23528289000000	-1.20412400000000	21.46050671000000	4.78837731000000	2.67210333500000
21.52011923000000	19.23282465000000	-1.20716938400000	21.52011923000000	4.79743912100000	2.67241522500000
21.57973174000000	19.24707403000000	-1.20986458700000	21.57973174000000	4.79534231000000	2.67178057700000
21.63934426000000	19.24976082000000	-1.21072526000000	21.63934426000000	4.80206785300000	2.67174458700000
21.69895678000000	19.24216767000000	-1.21211909100000	21.69895678000000	4.80262169200000	2.67223099900000
21.75856930000000	19.24664473000000	-1.21260969300000	21.75856930000000	4.80355610700000	2.67181802700000
21.81818182000000	19.24987561000000	-1.21377401700000	21.81818182000000	4.80845573700000	2.67178904900000
21.87779434000000	19.24812256000000	-1.21462652100000	21.87779434000000	4.81122659200000	2.67130973700000
21.93740686000000	19.24803934000000	-1.21581908600000	21.93740686000000	4.80970153800000	2.67110650100000
21.99701937000000	19.24794817000000	-1.21671516500000	21.99701937000000	4.80982032600000	2.67076760700000
22.05663189000000	19.25774048000000	-1.21680081900000	22.05663189000000	4.81385677200000	2.67090773400000
22.11624441000000	19.25451415000000	-1.21741164700000	22.11624441000000	4.81475690300000	2.67090015200000
22.17585693000000	19.25496441000000	-1.21786794100000	22.17585693000000	4.81605525700000	2.67084314900000
22.23546945000000	19.25042274000000	-1.21879473200000	22.23546945000000	4.80953438600000	2.67067635500000
22.29508197000000	19.25102017000000	-1.22017218800000	22.29508197000000	4.80866658600000	2.67016864800000
22.35469449000000	19.25430055000000	-1.21875643500000	22.35469449000000	4.81313261100000	2.67060525900000
22.41430700000000	19.25053409000000	-1.21782458400000	22.41430700000000	4.81260583500000	2.67079341000000
22.47391952000000	19.25433222000000	-1.21674144300000	22.47391952000000	4.81739381600000	2.67111463000000
22.53353204000000	19.25354338000000	-1.21638794800000	22.53353204000000	4.81590105900000	2.67120395100000
22.59314456000000	19.24757336000000	-1.21702910300000	22.59314456000000	4.81574213700000	2.67101056800000
22.65275708000000	19.24410831000000	-1.21710223600000	22.65275708000000	4.81731409500000	2.67120563700000
22.71236960000000	19.24736153000000	-1.21750423300000	22.71236960000000	4.81738240400000	2.67100301200000
22.77198212000000	19.25155336000000	-1.21780410700000	22.77198212000000	4.81730830500000	2.67091582300000
22.83159463000000	19.23951531000000	-1.22062432900000	22.83159463000000	4.81629695400000	2.67012598600000
22.89120715000000	19.23662056000000	-1.22237267500000	22.89120715000000	4.81008085400000	2.67030096100000
22.95081967000000	19.23680661000000	-1.22201905900000	22.95081967000000	4.80966997300000	2.66971837400000