GMend			GExt		
t	x	y	t	x	y
0.00000000000000	20.41616767000000	3.20346418100000	0.00000000000000	8.56858691800000	10.97395447000000
0.05961251863000	20.42982829000000	3.20104196100000	0.05961251863000	8.57090671800000	10.97342913000000
0.11922503730000	20.50606903000000	3.18812943600000	0.11922503730000	8.57136790600000	10.97348334000000
0.17883755590000	20.54375719000000	3.18192018100000	0.17883755590000	8.57502256100000	10.97294282000000
0.23845007450000	20.57295537000000	3.17901836800000	0.23845007450000	8.57727602800000	10.97271848000000
0.29806259310000	20.64373428000000	3.16848839000000	0.29806259310000	8.57827019100000	10.97240765000000
0.35767511180000	20.69493968000000	3.16179177000000	0.35767511180000	8.57943663500000	10.97223283000000
0.41728763040000	20.75193533000000	3.15224555500000	0.41728763040000	8.58362638700000	10.97159896000000
0.47690014900000	20.83891471000000	3.13851852700000	0.47690014900000	8.58507337000000	10.97153278000000
0.53651266770000	20.93400377000000	3.12482398600000	0.53651266770000	8.59779145800000	10.96944327000000
0.59612518630000	20.95509876000000	3.12246558400000	0.59612518630000	8.59092827900000	10.97063023000000
0.65573770490000	20.95982538000000	3.12221574200000	0.65573770490000	8.58689335000000	10.97142080000000
0.71535022350000	21.03300831000000	3.11258734600000	0.71535022350000	8.58403060500000	10.97157067000000
0.77496274220000	21.07420428000000	3.10666432800000	0.77496274220000	8.58041079800000	10.97215771000000
0.83457526080000	21.14121854000000	3.09668406200000	0.83457526080000	8.57703122300000	10.97269636000000
0.89418777940000	21.20868178000000	3.08863919000000	0.89418777940000	8.57522429400000	10.97294404000000
0.95380029810000	21.25868785000000	3.07959677300000	0.95380029810000	8.57482344900000	10.97304999000000
1.01341281700000	21.32091811000000	3.07066772000000	1.01341281700000	8.57969989400000	10.97237242000000
1.07302533500000	21.38481806000000	3.06071653700000	1.07302533500000	8.57956654700000	10.97250377000000
1.13263785400000	21.41846755000000	3.05512371100000	1.13263785400000	8.57981400700000	10.97256181000000
1.19225037300000	21.53323851000000	3.03495859100000	1.19225037300000	8.57918777100000	10.97286617000000
1.25186289100000	21.60773009000000	3.02288644100000	1.25186289100000	8.58584121200000	10.97220249000000
1.31147541000000	21.68009900000000	3.01398470000000	1.31147541000000	8.59750741700000	10.97021054000000
1.37108792800000	21.72547415000000	3.00660805000000	1.37108792800000	8.59347877100000	10.97044729000000
1.43070044700000	21.78167709000000	2.99932914400000	1.43070044700000	8.59147484200000	10.97068568000000
1.49031296600000	21.86785187000000	2.98569755400000	1.49031296600000	8.59438505300000	10.97021169000000
1.54992548400000	21.92423721000000	2.97871982500000	1.54992548400000	8.60067065200000	10.96954979000000
1.60953800300000	21.93484175000000	2.97788740000000	1.60953800300000	8.59664474000000	10.96999395000000
1.66915052200000	21.95154138000000	2.97500195600000	1.66915052200000	8.59366689000000	10.97043530000000
1.72876304000000	21.98810123000000	2.97110829000000	1.72876304000000	8.58585910700000	10.97153950000000
1.78837555900000	22.03019057000000	2.96596546900000	1.78837555900000	8.58184403800000	10.97206802000000
1.84798807700000	22.05338116000000	2.96342863800000	1.84798807700000	8.57913323600000	10.97238330000000
1.90760059600000	22.09772005000000	2.95627475700000	1.90760059600000	8.57786972600000	10.97262031000000
1.96721311500000	22.16170055000000	2.94744186600000	1.96721311500000	8.57758637900000	10.97275132000000
2.02682563300000	22.23585138000000	2.93577802000000	2.02682563300000	8.58029833900000	10.97220505000000
2.08643815200000	22.26984023000000	2.92994137900000	2.08643815200000	8.58046503100000	10.97221647000000
2.14605067100000	22.28846107000000	2.92630580400000	2.14605067100000	8.58049088200000	10.97222807000000
2.20566318900000	22.31132398000000	2.92133877700000	2.20566318900000	8.58204418000000	10.97193352000000
2.26527570800000	22.38811753000000	2.90931901700000	2.26527570800000	8.58281789000000	10.97185742000000
2.32488822700000	22.44695421000000	2.90095120100000	2.32488822700000	8.58690546900000	10.97124535000000
2.38450074500000	22.47738222000000	2.89520099600000	2.38450074500000	8.58442918000000	10.97151910000000
2.44411326400000	22.52474698000000	2.88755633000000	2.44411326400000	8.58820267800000	10.97082333000000
2.50372578200000	22.56198152000000	2.88134776200000	2.50372578200000	8.58447548900000	10.97139633000000
2.56333830100000	22.60175813000000	2.87487428900000	2.56333830100000	8.58463045400000	10.97142442000000
2.62295082000000	22.64276520000000	2.86726315000000	2.62295082000000	8.58445111300000	10.97129500000000
2.68256333800000	22.72100250000000	2.85394028900000	2.68256333800000	8.58799863700000	10.97017546000000
2.74217585700000	22.76546984000000	2.84482872300000	2.74217585700000	8.60006782500000	10.96860035000000
2.80178837600000	22.79918762000000	2.84049945600000	2.80178837600000	8.60857084300000	10.96746208000000
2.86140089400000	22.79884852000000	2.84196376400000	2.86140089400000	8.63382602000000	10.96387053000000
2.92101341300000	22.82524944000000	2.83989312900000	2.92101341300000	8.64754356300000	10.96188473000000
2.98062593100000	22.87598276000000	2.83122297000000	2.98062593100000	8.65087551300000	10.96121932000000
3.04023845000000	22.89892541000000	2.82805085000000	3.04023845000000	8.65429035900000	10.96080687000000
3.09985096900000	22.93454094000000	2.82196613800000	3.09985096900000	8.65499122800000	10.96085365000000
3.15946348700000	22.95146448000000	2.82057964400000	3.15946348700000	8.65443711400000	10.96093746000000
3.21907600600000	22.99630813000000	2.81372254000000	3.21907600600000	8.65643670300000	10.96047339000000
3.27868852500000	23.06618433000000	2.80378430000000	3.27868852500000	8.65436348100000	10.96085078000000
3.33830104300000	23.06821457000000	2.80398492800000	3.33830104300000	8.65377938500000	10.96107497000000
3.39791356200000	23.10011089000000	2.79970478000000	3.39791356200000	8.65277469100000	10.96125533000000
3.45752608000000	23.11862881000000	2.79700998000000	3.45752608000000	8.65855003900000	10.96027249000000
3.51713859900000	23.16790833000000	2.78832118100000	3.51713859900000	8.66488510900000	10.95959256000000
3.57675111800000	23.15795965000000	2.78973648300000	3.57675111800000	8.66013606900000	10.96029831000000
3.63636363600000	23.16352334000000	2.78834033000000	3.63636363600000	8.66098427400000	10.96027360000000
3.69597615500000	23.20042227000000	2.78271927700000	3.69597615500000	8.65588733500000	10.96102586000000
3.75558867400000	23.22281866000000	2.77915795500000	3.75558867400000	8.65474809900000	10.96115581000000
3.81520119200000	23.23140217000000	2.77755096700000	3.81520119200000	8.65537129100000	10.96112414000000
3.87481371100000	23.24841771000000	2.77546761800000	3.87481371100000	8.65423288600000	10.96131697000000
3.93442623000000	23.25291269000000	2.77447970900000	3.93442623000000	8.65379839000000	10.96143782000000
3.99403874800000	23.26557404000000	2.77425405400000	3.99403874800000	8.65214813300000	10.96150049000000
4.05365126700000	23.26475327000000	2.77470688200000	4.05365126700000	8.64915280800000	10.96197461000000
4.11326378500000	23.31794873000000	2.76679780900000	4.11326378500000	8.65205053100000	10.96175814000000
4.17287630400000	23.33608470000000	2.76388377100000	4.17287630400000	8.64993935800000	10.96210810000000
4.23248882300000	23.33109507000000	2.76194432100000	4.23248882300000	8.65168535200000	10.96223396000000
4.29210134100000	23.32631382000000	2.76145769500000	4.29210134100000	8.64849766900000	10.96274183000000
4.35171386000000	23.32822869000000	2.75832988900000	4.35171386000000	8.64751585100000	10.96352293000000
4.41132637900000	23.33689307000000	2.75721250600000	4.41132637900000	8.64941687700000	10.96360105000000
4.47093889700000	23.32583927000000	2.75991681000000	4.47093889700000	8.65711247600000	10.96201213000000
4.53055141600000	23.33789850000000	2.75981103100000	4.53055141600000	8.65555465400000	10.96200303000000
4.59016393400000	23.36182390000000	2.75541589100000	4.59016393400000	8.66289635100000	10.96063375000000
4.64977645300000	23.39458906000000	2.75176934400000	4.64977645300000	8.66314252100000	10.96029239000000
4.70938897200000	23.41206461000000	2.75057232400000	4.70938897200000	8.65800364800000	10.96082145000000
4.76900149000000	23.41566116000000	2.75140848500000	4.76900149000000	8.65655651700000	10.96091645000000
4.82861400900000	23.46273895000000	2.74417102800000	4.82861400900000	8.65934425800000	10.96042779000000
4.88822652800000	23.49305436000000	2.73982686600000	4.88822652800000	8.66373054500000	10.95963279000000
4.94783904600000	23.54815304000000	2.73100879100000	4.94783904600000	8.66970488600000	10.95874467000000
5.00745156500000	23.54883529000000	2.73178678900000	5.00745156500000	8.66749749000000	10.95893515000000
5.06706408300000	23.55203840000000	2.73159098800000	5.06706408300000	8.66070051100000	10.96003405000000
5.12667660200000	23.56825599000000	2.73036362900000	5.12667660200000	8.65751133700000	10.96043950000000
5.18628912100000	23.63062824000000	2.72194223100000	5.18628912100000	8.65581650800000	10.96065078000000
5.24590163900000	23.62979157000000	2.72195664100000	5.24590163900000	8.65433768400000	10.96079493000000
5.30551415800000	23.63066128000000	2.72249482800000	5.30551415800000	8.64997672900000	10.96160021000000
5.36512667700000	23.66473109000000	2.71763283300000	5.36512667700000	8.65055666500000	10.96143269000000
5.42473919500000	23.71364386000000	2.71021260100000	5.42473919500000	8.65134573300000	10.96131533000000
5.48435171400000	23.75048317000000	2.70352874700000	5.48435171400000	8.65052243200000	10.96131107000000
5.54396423200000	23.77991975000000	2.69936852600000	5.54396423200000	8.64977024700000	10.96127188000000
5.60357675100000	23.80524271000000	2.69403668600000	5.60357675100000	8.64956727500000	10.96142272000000
5.66318927000000	23.83382862000000	2.68830103100000	5.66318927000000	8.64924309000000	10.96152597000000
5.72280178800000	23.84738128000000	2.68600958500000	5.72280178800000	8.65140464500000	10.96122979000000
5.78241430700000	23.83192498000000	2.68870208900000	5.78241430700000	8.65079092600000	10.96135950000000
5.84202682600000	23.84010903000000	2.68677632400000	5.84202682600000	8.64888695800000	10.96168723000000
5.90163934400000	23.87112374000000	2.68210712100000	5.90163934400000	8.65183480600000	10.96123198000000
5.96125186300000	23.91596816000000	2.67638622500000	5.96125186300000	8.65237568500000	10.96110798000000
6.02086438200000	23.91477950000000	2.67696227500000	6.02086438200000	8.65034868800000	10.96142967000000
6.08047690000000	23.92419871000000	2.67641684800000	6.08047690000000	8.64751989200000	10.96207608000000
6.14008941900000	23.97513456000000	2.66980151800000	6.14008941900000	8.64947002100000	10.96158257000000
6.19970193700000	24.01229958000000	2.66442450800000	6.19970193700000	8.65137338400000	10.96112250000000
6.25931445600000	24.00465908000000	2.66460776400000	6.25931445600000	8.64868592300000	10.96162116000000
6.31892697500000	24.05905254000000	2.65604386000000	6.31892697500000	8.65044579100000	10.96134232000000
6.37853949300000	24.08665463000000	2.65116547900000	6.37853949300000	8.65230570800000	10.96114548000000
6.43815201200000	24.10358364000000	2.64834962300000	6.43815201200000	8.65254648400000	10.96084561000000
6.49776453100000	24.11411319000000	2.64787274000000	6.49776453100000	8.64974882700000	10.96135143000000
6.55737704900000	24.13451923000000	2.64508619800000	6.55737704900000	8.64994293900000	10.96122288000000
6.61698956800000	24.14459089000000	2.64452686200000	6.61698956800000	8.64899221000000	10.96149211000000
6.67660208600000	24.17267515000000	2.63908492100000	6.67660208600000	8.65002836100000	10.96134560000000
6.73621460500000	24.19115764000000	2.63631042500000	6.73621460500000	8.64805211300000	10.96153794000000
6.79582712400000	24.21237721000000	2.63366887400000	6.79582712400000	8.64731502800000	10.96163773000000
6.85543964200000	24.21281664000000	2.63308169100000	6.85543964200000	8.64627765000000	10.96172418000000
6.91505216100000	24.28159228000000	2.62441534400000	6.91505216100000	8.64855747200000	10.96157050000000
6.97466468000000	24.24951945000000	2.62855755200000	6.97466468000000	8.64909872400000	10.96142026000000
7.03427719800000	24.28933123000000	2.62178845500000	7.03427719800000	8.64707748400000	10.96169408000000
7.09388971700000	24.33390584000000	2.61331497300000	7.09388971700000	8.65447488800000	10.96064704000000
7.15350223500000	24.35274080000000	2.61029950000000	7.15350223500000	8.66009469900000	10.95956810000000
7.21311475400000	24.35090485000000	2.61079213400000	7.21311475400000	8.65690601500000	10.96020169000000
7.27272727300000	24.36356935000000	2.60905017800000	7.27272727300000	8.65726843400000	10.96012194000000
7.33233979100000	24.39914394000000	2.60195083500000	7.33233979100000	8.66023362400000	10.95981887000000
7.39195231000000	24.44025040000000	2.59672973300000	7.39195231000000	8.66979419900000	10.95845897000000
7.45156482900000	24.44977882000000	2.59634896700000	7.45156482900000	8.66646735400000	10.95916786000000
7.51117734700000	24.45230722000000	2.59626296900000	7.51117734700000	8.66295212300000	10.95983325000000
7.57078986600000	24.46948452000000	2.59338005100000	7.57078986600000	8.66104685300000	10.96009164000000
7.63040238500000	24.50291241000000	2.58863178600000	7.63040238500000	8.65522455900000	10.96113262000000
7.69001490300000	24.50941326000000	2.58793951100000	7.69001490300000	8.65268433000000	10.96140811000000
7.74962742200000	24.52110275000000	2.58689538400000	7.74962742200000	8.65091812900000	10.96164607000000
7.80923994000000	24.53312479000000	2.58475898200000	7.80923994000000	8.65110571200000	10.96135937000000
7.86885245900000	24.55879016000000	2.58051792600000	7.86885245900000	8.64994339300000	10.96164418000000
7.92846497800000	24.59660251000000	2.57564297000000	7.92846497800000	8.65148027500000	10.96149692000000
7.98807749600000	24.58605287000000	2.57727777800000	7.98807749600000	8.64963262300000	10.96185739000000
8.04769001500000	24.63217082000000	2.56980327900000	8.04769001500000	8.65182604200000	10.96138734000000
8.10730253400000	24.68004463000000	2.56282259000000	8.10730253400000	8.65818091700000	10.96043390000000
8.16691505200000	24.71029835000000	2.55786343600000	8.16691505200000	8.66283126800000	10.95972171000000
8.22652757100000	24.74158078000000	2.55420427900000	8.22652757100000	8.66759054800000	10.95975124000000
8.28614008900000	24.76205960000000	2.55209999700000	8.28614008900000	8.66846610100000	10.96006237000000
8.34575260800000	24.80121014000000	2.54679615600000	8.34575260800000	8.67306991200000	10.95917598000000
8.40536512700000	24.83611952000000	2.54102248600000	8.40536512700000	8.66841177200000	10.95960068000000
8.46497764500000	24.85662332000000	2.53727274200000	8.46497764500000	8.66150823300000	10.96030836000000
8.52459016400000	24.87933509000000	2.53337940600000	8.52459016400000	8.66509906000000	10.95979757000000
8.58420268300000	24.90887260000000	2.52760226500000	8.58420268300000	8.66418390900000	10.95974338000000
8.64381520100000	24.93220499000000	2.52392745500000	8.64381520100000	8.65801679100000	10.96025957000000
8.70342772000000	24.94187392000000	2.52270146800000	8.70342772000000	8.65948600100000	10.96005995000000
8.76304023800000	24.95982686000000	2.52067160200000	8.76304023800000	8.65750669600000	10.96038180000000
8.82265275700000	24.99679041000000	2.51459249800000	8.82265275700000	8.65959268700000	10.96014219000000
8.88226527600000	25.01342929000000	2.51235448600000	8.88226527600000	8.66108354900000	10.96012133000000
8.94187779400000	25.00540567000000	2.51382923000000	8.94187779400000	8.65520359300000	10.96111472000000
9.00149031300000	25.02099211000000	2.51194908800000	9.00149031300000	8.65245688700000	10.96160127000000
9.06110283200000	25.03546144000000	2.51102338200000	9.06110283200000	8.65180680000000	10.96144082000000
9.12071535000000	25.07154023000000	2.50510596100000	9.12071535000000	8.64910960600000	10.96186500000000
9.18032786900000	25.06685036000000	2.50501372100000	9.18032786900000	8.64638600500000	10.96215157000000
9.23994038700000	25.09220971000000	2.50125956700000	9.23994038700000	8.64585049400000	10.96214045000000
9.29955290600000	25.10322589000000	2.49919379900000	9.29955290600000	8.64634626000000	10.96215814000000
9.35916542500000	25.11338067000000	2.49793037400000	9.35916542500000	8.64622594300000	10.96245545000000
9.41877794300000	25.11547027000000	2.49727521000000	9.41877794300000	8.64524695900000	10.96261126000000
9.47839046200000	25.10259083000000	2.49852836200000	9.47839046200000	8.64544599100000	10.96275692000000
9.53800298100000	25.11537889000000	2.49660206200000	9.53800298100000	8.64702667200000	10.96258854000000
9.59761549900000	25.11478720000000	2.49664017100000	9.59761549900000	8.65139656600000	10.96160100000000
9.65722801800000	25.11000624000000	2.49783310000000	9.65722801800000	8.64983808200000	10.96197998000000
9.71684053700000	25.11741651000000	2.49695605600000	9.71684053700000	8.65319873800000	10.96122468000000
9.77645305500000	25.10680538000000	2.49844411700000	9.77645305500000	8.64784114400000	10.96209370000000
9.83606557400000	25.11651694000000	2.49748765800000	9.83606557400000	8.64676256100000	10.96226931000000
9.89567809200000	25.13050998000000	2.49527030600000	9.89567809200000	8.64634050700000	10.96237265000000
9.95529061100000	25.16507267000000	2.49004192600000	9.95529061100000	8.64603386300000	10.96242433000000
10.01490313000000	25.18033144000000	2.48762087900000	10.01490313000000	8.64682602800000	10.96212676000000
10.07451565000000	25.19930658000000	2.48564473600000	10.07451565000000	8.64693959300000	10.96214405000000
10.13412817000000	25.18718334000000	2.48978992200000	10.13412817000000	8.64640658100000	10.96229848000000
10.19374069000000	25.17269106000000	2.49281059700000	10.19374069000000	8.64658317500000	10.96218252000000
10.25335320000000	25.18120300000000	2.49200253700000	10.25335320000000	8.64822193500000	10.96188541000000
10.31296572000000	25.20441202000000	2.48901691200000	10.31296572000000	8.64835590400000	10.96197586000000
10.37257824000000	25.24431899000000	2.48168794200000	10.37257824000000	8.64650670500000	10.96213122000000
10.43219076000000	25.25798151000000	2.48007257200000	10.43219076000000	8.64761403800000	10.96189816000000
10.49180328000000	25.28409694000000	2.47391378800000	10.49180328000000	8.64817002700000	10.96177620000000
10.55141580000000	25.36077033000000	2.46260367100000	10.55141580000000	8.65262181200000	10.96112046000000
10.61102832000000	25.43332046000000	2.45109938400000	10.61102832000000	8.65552597800000	10.96064347000000
10.67064083000000	25.47795718000000	2.44437531500000	10.67064083000000	8.65415161500000	10.96088201000000
10.73025335000000	25.49449745000000	2.44170753600000	10.73025335000000	8.65507979400000	10.96058514000000
10.78986587000000	25.55857138000000	2.43081118200000	10.78986587000000	8.65348293600000	10.96060494000000
10.84947839000000	25.56274326000000	2.42903121100000	10.84947839000000	8.65240315700000	10.96089383000000
10.90909091000000	25.56484473000000	2.42840917100000	10.90909091000000	8.65092132400000	10.96110674000000
10.96870343000000	25.56578434000000	2.42802219400000	10.96870343000000	8.64989668800000	10.96132430000000
11.02831595000000	25.56997257000000	2.42790016800000	11.02831595000000	8.64938212600000	10.96134072000000
11.08792846000000	25.59575186000000	2.42416804200000	11.08792846000000	8.65112740800000	10.96120717000000
11.14754098000000	25.60589660000000	2.42419457000000	11.14754098000000	8.65102450300000	10.96140952000000
11.20715350000000	25.61261019000000	2.42363222000000	11.20715350000000	8.65293197400000	10.96092260000000
11.26676602000000	25.61581098000000	2.42252990400000	11.26676602000000	8.65411770100000	10.96081050000000
11.32637854000000	25.62259552000000	2.42098147300000	11.32637854000000	8.65124112500000	10.96133115000000
11.38599106000000	25.61648536000000	2.42097503200000	11.38599106000000	8.65483592400000	10.96081084000000
11.44560358000000	25.62472615000000	2.42032619500000	11.44560358000000	8.65588936400000	10.96072223000000
11.50521610000000	25.62957840000000	2.42009408100000	11.50521610000000	8.66211122100000	10.95991850000000
11.56482861000000	25.64124280000000	2.41690494900000	11.56482861000000	8.67196877700000	10.95891676000000
11.62444113000000	25.70674820000000	2.40377528100000	11.62444113000000	8.67840746200000	10.95810903000000
11.68405365000000	25.70470590000000	2.40214010700000	11.68405365000000	8.67503616300000	10.95850916000000
11.74366617000000	25.70343351000000	2.40381551500000	11.74366617000000	8.67152313100000	10.95940668000000
11.80327869000000	25.70920568000000	2.40304296400000	11.80327869000000	8.68040616000000	10.95719337000000
11.86289121000000	25.69178621000000	2.40521084300000	11.86289121000000	8.72109420500000	10.95161254000000
11.92250373000000	25.69673354000000	2.40476529600000	11.92250373000000	8.72326774900000	10.95080800000000
11.98211624000000	25.70050155000000	2.40460303500000	11.98211624000000	8.73607119200000	10.94879214000000
12.04172876000000	25.69711436000000	2.40634550100000	12.04172876000000	8.73735351400000	10.94910147000000
12.10134128000000	25.70009822000000	2.40757081700000	12.10134128000000	8.73663407400000	10.94968027000000
12.16095380000000	25.70979285000000	2.40703538700000	12.16095380000000	8.73644390600000	10.94934894000000
12.22056632000000	25.71196625000000	2.40767468100000	12.22056632000000	8.73244164500000	10.94972076000000
12.28017884000000	25.76070841000000	2.39870047000000	12.28017884000000	8.73483996800000	10.94930707000000
12.33979136000000	25.76699059000000	2.39949382000000	12.33979136000000	8.73150494900000	10.94957444000000
12.39940387000000	25.75515349000000	2.40086556700000	12.39940387000000	8.73030988000000	10.94970136000000
12.45901639000000	25.78773004000000	2.39603988600000	12.45901639000000	8.73773346600000	10.94818331000000
12.51862891000000	25.85182467000000	2.38420366100000	12.51862891000000	8.76951122500000	10.94288800000000
12.57824143000000	25.86959728000000	2.38054578800000	12.57824143000000	8.78950746500000	10.94058072000000
12.63785395000000	25.89656775000000	2.37788892300000	12.63785395000000	8.79401789900000	10.94044446000000
12.69746647000000	25.90266542000000	2.37800660100000	12.69746647000000	8.79463547800000	10.94008567000000
12.75707899000000	25.91620532000000	2.37749814700000	12.75707899000000	8.79650580000000	10.93976103000000
12.81669151000000	25.92385708000000	2.37759914800000	12.81669151000000	8.79764729600000	10.93953370000000
12.87630402000000	25.91927064000000	2.37823351000000	12.87630402000000	8.79648095600000	10.93961957000000
12.93591654000000	25.93613259000000	2.37598853400000	12.93591654000000	8.79863613000000	10.93925274000000
12.99552906000000	25.97696059000000	2.36996182100000	12.99552906000000	8.79723353400000	10.93971925000000
13.05514158000000	26.00201798000000	2.36500088700000	13.05514158000000	8.80145524800000	10.93892347000000
13.11475410000000	26.01103679000000	2.36530870300000	13.11475410000000	8.80159165700000	10.93900150000000
13.17436662000000	26.02067750000000	2.36286451000000	13.17436662000000	8.80115767200000	10.93897615000000
13.23397914000000	26.08222977000000	2.35317370400000	13.23397914000000	8.80710037400000	10.93801173000000
13.29359165000000	26.08577126000000	2.35154539700000	13.29359165000000	8.80661099300000	10.93815354000000
13.35320417000000	26.09981642000000	2.34868680900000	13.35320417000000	8.81086890800000	10.93794512000000
13.41281669000000	26.13728534000000	2.34317996500000	13.41281669000000	8.81642511200000	10.93723131000000
13.47242921000000	26.13457936000000	2.34371351800000	13.47242921000000	8.81045152100000	10.93787431000000
13.53204173000000	26.16416914000000	2.34231163400000	13.53204173000000	8.81197373200000	10.93753854000000
13.59165425000000	26.14552371000000	2.34422798500000	13.59165425000000	8.80454428300000	10.93838804000000
13.65126677000000	26.13641260000000	2.34557314700000	13.65126677000000	8.80169421400000	10.93875971000000
13.71087928000000	26.14139885000000	2.34500109600000	13.71087928000000	8.80140255900000	10.93881783000000
13.77049180000000	26.14549982000000	2.34216626800000	13.77049180000000	8.80173338200000	10.93840401000000
13.83010432000000	26.13904313000000	2.34270182500000	13.83010432000000	8.80477792800000	10.93774260000000
13.88971684000000	26.13739911000000	2.34272345200000	13.88971684000000	8.80212553400000	10.93806229000000
13.94932936000000	26.13859646000000	2.34245133300000	13.94932936000000	8.80080750700000	10.93790688000000
14.00894188000000	26.14378839000000	2.34165762400000	14.00894188000000	8.80154978500000	10.93792402000000
14.06855440000000	26.14156535000000	2.34176942300000	14.06855440000000	8.80084496800000	10.93797397000000
14.12816692000000	26.13941667000000	2.34207321800000	14.12816692000000	8.79880952400000	10.93868143000000
14.18777943000000	26.13573149000000	2.34254762100000	14.18777943000000	8.79750507500000	10.93886460000000
14.24739195000000	26.14305162000000	2.34179597500000	14.24739195000000	8.79703638400000	10.93904635000000
14.30700447000000	26.14099660000000	2.34175238600000	14.30700447000000	8.79994311900000	10.93865381000000
14.36661699000000	26.13466310000000	2.34255485100000	14.36661699000000	8.79953587200000	10.93912151000000
14.42622951000000	26.14869751000000	2.34119560300000	14.42622951000000	8.80092699900000	10.93885191000000
14.48584203000000	26.13373590000000	2.34254593300000	14.48584203000000	8.79811846900000	10.93931992000000
14.54545455000000	26.13642306000000	2.34186051000000	14.54545455000000	8.79869725000000	10.93930692000000
14.60506706000000	26.13508118000000	2.34227472300000	14.60506706000000	8.79807771500000	10.93953542000000
14.66467958000000	26.12883544000000	2.34302211500000	14.66467958000000	8.80407313600000	10.93880433000000
14.72429210000000	26.14113000000000	2.34104437100000	14.72429210000000	8.80706954800000	10.93823554000000
14.78390462000000	26.15659749000000	2.33891372000000	14.78390462000000	8.81430932700000	10.93735905000000
14.84351714000000	26.15940027000000	2.33836855200000	14.84351714000000	8.82336489900000	10.93620031000000
14.90312966000000	26.15590437000000	2.33881709600000	14.90312966000000	8.82440750300000	10.93620005000000
14.96274218000000	26.15949892000000	2.33835563000000	14.96274218000000	8.82511838600000	10.93588895000000
15.02235469000000	26.23955348000000	2.32505739400000	15.02235469000000	8.83643885800000	10.93439409000000
15.08196721000000	26.25575950000000	2.32323766700000	15.08196721000000	8.83335841800000	10.93452476000000
15.14157973000000	26.27614663000000	2.32005958100000	15.14157973000000	8.83621435900000	10.93425340000000
15.20119225000000	26.27880436000000	2.32028265900000	15.20119225000000	8.83389836500000	10.93453463000000
15.26080477000000	26.32464310000000	2.31512636000000	15.26080477000000	8.87855658200000	10.92645722000000
15.32041729000000	26.33306902000000	2.31280281300000	15.32041729000000	8.91431694100000	10.92066280000000
15.38002981000000	26.34172430000000	2.31119187200000	15.38002981000000	8.92589490500000	10.91863134000000
15.43964232000000	26.36604831000000	2.30934957600000	15.43964232000000	8.94285509500000	10.91684342000000
15.49925484000000	26.37486167000000	2.30809326500000	15.49925484000000	8.95353662700000	10.91588657000000
15.55886736000000	26.37062383000000	2.30834057400000	15.55886736000000	8.95540107300000	10.91563001000000
15.61847988000000	26.36913027000000	2.30739744200000	15.61847988000000	8.95580059000000	10.91573621000000
15.67809240000000	26.37445584000000	2.30553619200000	15.67809240000000	8.95963940400000	10.91522085000000
15.73770492000000	26.37938929000000	2.30441845700000	15.73770492000000	8.95951168100000	10.91521841000000
15.79731744000000	26.43128887000000	2.29575362100000	15.79731744000000	8.96543283400000	10.91498869000000
15.85692996000000	26.41871746000000	2.29782208000000	15.85692996000000	8.96847161500000	10.91472097000000
15.91654247000000	26.44036886000000	2.29470556900000	15.91654247000000	8.96912617000000	10.91471877000000
15.97615499000000	26.45206874000000	2.29315605300000	15.97615499000000	8.96493997700000	10.91518821000000
16.03576751000000	26.46675411000000	2.29165555800000	16.03576751000000	8.96985727200000	10.91422485000000
16.09538003000000	26.47989137000000	2.28944260700000	16.09538003000000	8.96390135700000	10.91504370000000
16.15499255000000	26.49742157000000	2.28677041000000	16.15499255000000	8.96405415100000	10.91479080000000
16.21460507000000	26.49930013000000	2.28649837400000	16.21460507000000	8.96386176900000	10.91462230000000
16.27421759000000	26.50302475000000	2.28608226100000	16.27421759000000	8.96144212100000	10.91499134000000
16.33383010000000	26.50264840000000	2.28609221500000	16.33383010000000	8.96284038100000	10.91449491000000
16.39344262000000	26.50777310000000	2.28542544400000	16.39344262000000	8.96014720100000	10.91506379000000
16.45305514000000	26.51132735000000	2.28521471000000	16.45305514000000	8.95828651400000	10.91532964000000
16.51266766000000	26.51648281000000	2.28739166300000	16.51266766000000	8.95728811200000	10.91554942000000
16.57228018000000	26.51144463000000	2.28619104100000	16.57228018000000	8.95533834400000	10.91578909000000
16.63189270000000	26.50658840000000	2.28667967300000	16.63189270000000	8.95571093500000	10.91586235000000
16.69150522000000	26.51538095000000	2.28408643500000	16.69150522000000	8.95609629600000	10.91574048000000
16.75111773000000	26.51652639000000	2.28339074600000	16.75111773000000	8.95692621200000	10.91560981000000
16.81073025000000	26.50699740000000	2.28526571900000	16.81073025000000	8.95544215900000	10.91576221000000
16.87034277000000	26.50597502000000	2.28500515400000	16.87034277000000	8.95598825400000	10.91579278000000
16.92995529000000	26.51013596000000	2.28436820800000	16.92995529000000	8.95700203100000	10.91551988000000
16.98956781000000	26.50599539000000	2.28491020500000	16.98956781000000	8.95780897100000	10.91537545000000
17.04918033000000	26.50440890000000	2.28497860100000	17.04918033000000	8.95640054900000	10.91547158000000
17.10879285000000	26.50429599000000	2.28478316200000	17.10879285000000	8.95468748200000	10.91554117000000
17.16840537000000	26.49865813000000	2.28686995700000	17.16840537000000	8.95970458900000	10.91456197000000
17.22801788000000	26.51033280000000	2.28841395100000	17.22801788000000	8.96527863500000	10.91351877000000
17.28763040000000	26.51419818000000	2.28933862400000	17.28763040000000	8.96161494400000	10.91412173000000
17.34724292000000	26.52096310000000	2.29403282600000	17.34724292000000	8.96931409700000	10.91368806000000
17.40685544000000	26.53449076000000	2.30165044000000	17.40685544000000	9.00465602300000	10.90812610000000
17.46646796000000	26.53398082000000	2.30063634100000	17.46646796000000	9.05084093600000	10.90002904000000
17.52608048000000	26.52584425000000	2.29437769700000	17.52608048000000	9.05274953800000	10.89994240000000
17.58569300000000	26.51606089000000	2.29063448600000	17.58569300000000	9.05116037200000	10.90071887000000
17.64530551000000	26.51789505000000	2.28835081500000	17.64530551000000	9.04833967200000	10.90181026000000
17.70491803000000	26.51678970000000	2.28621896000000	17.70491803000000	9.04346398700000	10.90252186000000
17.76453055000000	26.51243337000000	2.28556857600000	17.76453055000000	9.03997947600000	10.90314003000000
17.82414307000000	26.50609870000000	2.28593385300000	17.82414307000000	9.03380468700000	10.90410001000000
17.88375559000000	26.50470032000000	2.28560940600000	17.88375559000000	9.03155978200000	10.90438643000000
17.94336811000000	26.51585560000000	2.28368618200000	17.94336811000000	9.03061412600000	10.90473264000000
18.00298063000000	26.50731990000000	2.28442410100000	18.00298063000000	9.02934956000000	10.90475359000000
18.06259314000000	26.51439997000000	2.28245309900000	18.06259314000000	9.02995930400000	10.90484978000000
18.12220566000000	26.52728498000000	2.28071701200000	18.12220566000000	9.03494655200000	10.90457970000000
18.18181818000000	26.53774781000000	2.28063346200000	18.18181818000000	9.04760268800000	10.90406845000000
18.24143070000000	26.55525308000000	2.27807932700000	18.24143070000000	9.04833932500000	10.90483805000000
18.30104322000000	26.58691635000000	2.27726080400000	18.30104322000000	9.04912338400000	10.90478681000000
18.36065574000000	26.58768869000000	2.27910937300000	18.36065574000000	9.05298197800000	10.90230677000000
18.42026826000000	26.58802640000000	2.27865818900000	18.42026826000000	9.06119182300000	10.90001224000000
18.47988077000000	26.59211193000000	2.27972673400000	18.47988077000000	9.05677020700000	10.90090149000000
18.53949329000000	26.61023762000000	2.26959777600000	18.53949329000000	9.01330646600000	10.90688787000000
18.59910581000000	26.65596196000000	2.25721343600000	18.59910581000000	8.99387857000000	10.91034263000000
18.65871833000000	26.66071158000000	2.25749211400000	18.65871833000000	9.01362252900000	10.90709530000000
18.71833085000000	26.64685364000000	2.25764907200000	18.71833085000000	9.02447279000000	10.90444392000000
18.77794337000000	26.66995414000000	2.25195723700000	18.77794337000000	9.04569812600000	10.89964816000000
18.83755589000000	26.68786866000000	2.25111702500000	18.83755589000000	9.08842956300000	10.89437835000000
18.89716841000000	26.71335159000000	2.24727182500000	18.89716841000000	9.10131580300000	10.89301932000000
18.95678092000000	26.72447770000000	2.24722533700000	18.95678092000000	9.09210817700000	10.89469968000000
19.01639344000000	26.73619334000000	2.24537038100000	19.01639344000000	9.09818515800000	10.89400465000000
19.07600596000000	26.73489124000000	2.24627178400000	19.07600596000000	9.09732040400000	10.89425250000000
19.13561848000000	26.74418195000000	2.24508668900000	19.13561848000000	9.10160013400000	10.89350981000000
19.19523100000000	26.73954488000000	2.24699484100000	19.19523100000000	9.10426105900000	10.89345370000000
19.25484352000000	26.75120450000000	2.24539444000000	19.25484352000000	9.11000738400000	10.89281994000000
19.31445604000000	26.75488487000000	2.24481482000000	19.31445604000000	9.11122760300000	10.89318358000000
19.37406855000000	26.77518821000000	2.24325640600000	19.37406855000000	9.10850762600000	10.89394502000000
19.43368107000000	26.79837166000000	2.23959551100000	19.43368107000000	9.11137094100000	10.89358055000000
19.49329359000000	26.81375307000000	2.23615302800000	19.49329359000000	9.11541267100000	10.89300994000000
19.55290611000000	26.84589675000000	2.22985581400000	19.55290611000000	9.13100908900000	10.89038059000000
19.61251863000000	26.88324468000000	2.22078996100000	19.61251863000000	9.13758274300000	10.89022074000000
19.67213115000000	26.87269406000000	2.22316289800000	19.67213115000000	9.12634534700000	10.89106620000000
19.73174367000000	26.88292285000000	2.22011858800000	19.73174367000000	9.12068787700000	10.89180655000000
19.79135618000000	26.89937086000000	2.21975037100000	19.79135618000000	9.12127788300000	10.89156615000000
19.85096870000000	26.88626240000000	2.22279760500000	19.85096870000000	9.11687814200000	10.89206698000000
19.91058122000000	26.88958406000000	2.22258075400000	19.91058122000000	9.11684525900000	10.89157626000000
19.97019374000000	26.88640685000000	2.22190839700000	19.97019374000000	9.11598255600000	10.89172603000000
20.02980626000000	26.89912386000000	2.21952458100000	20.02980626000000	9.11482857000000	10.89187499000000
20.08941878000000	26.90341217000000	2.21816817800000	20.08941878000000	9.11770503800000	10.89155422000000
20.14903130000000	26.91215590000000	2.21327510100000	20.14903130000000	9.11582657500000	10.89210287000000
20.20864382000000	26.96193231000000	2.20075600000000	20.20864382000000	9.11504806400000	10.89224080000000
20.26825633000000	26.97548169000000	2.19317657500000	20.26825633000000	9.12005061900000	10.89216446000000
20.32786885000000	26.95563618000000	2.19656264300000	20.32786885000000	9.13125242100000	10.89027669000000
20.38748137000000	26.93713489000000	2.20447742000000	20.38748137000000	9.12799015400000	10.89043429000000
20.44709389000000	26.94358100000000	2.20598106500000	20.44709389000000	9.12301699000000	10.89110943000000
20.50670641000000	26.95272602000000	2.20882241000000	20.50670641000000	9.12079668600000	10.89119888000000
20.56631893000000	26.95630431000000	2.20913983900000	20.56631893000000	9.11599520800000	10.89173690000000
20.62593145000000	26.95354396000000	2.21101246100000	20.62593145000000	9.10828985900000	10.89290719000000
20.68554396000000	26.97717381000000	2.20722767300000	20.68554396000000	9.10679799500000	10.89328117000000
20.74515648000000	27.00396226000000	2.20445606300000	20.74515648000000	9.10710772900000	10.89320944000000
20.80476900000000	27.04859080000000	2.19865694700000	20.80476900000000	9.10652487700000	10.89323040000000
20.86438152000000	27.01311741000000	2.20447145700000	20.86438152000000	9.10571133500000	10.89336340000000
20.92399404000000	27.02773442000000	2.20162642700000	20.92399404000000	9.11021186200000	10.89235679000000
20.98360656000000	27.02208572000000	2.20343442300000	20.98360656000000	9.11970999600000	10.88986445000000
21.04321908000000	27.02825295000000	2.20016241500000	21.04321908000000	9.12286291000000	10.88925067000000
21.10283159000000	27.01226308000000	2.20475745600000	21.10283159000000	9.12191899100000	10.88947530000000
21.16244411000000	27.01647545000000	2.20462068000000	21.16244411000000	9.12293617100000	10.88909223000000
21.22205663000000	27.01355555000000	2.20520860700000	21.22205663000000	9.12789365300000	10.88903927000000
21.28166915000000	27.01449036000000	2.20370052900000	21.28166915000000	9.12940282100000	10.88937035000000
21.34128167000000	27.02105711000000	2.20387258800000	21.34128167000000	9.12152239900000	10.89084671000000
21.40089419000000	27.01962359000000	2.20265662700000	21.40089419000000	9.12029597900000	10.89104966000000
21.46050671000000	27.02856557000000	2.20192828400000	21.46050671000000	9.12149743800000	10.89075976000000
21.52011923000000	27.03097984000000	2.20304917700000	21.52011923000000	9.11593284100000	10.89177189000000
21.57973174000000	27.03156074000000	2.20239990100000	21.57973174000000	9.10992042300000	10.89256818000000
21.63934426000000	27.05209736000000	2.19582634500000	21.63934426000000	9.10692039500000	10.89281155000000
21.69895678000000	27.11378221000000	2.18222685200000	21.69895678000000	9.10456293300000	10.89340729000000
21.75856930000000	27.11003441000000	2.18298539200000	21.75856930000000	9.11591774600000	10.89167903000000
21.81818182000000	27.09473526000000	2.18810550200000	21.81818182000000	9.11904224800000	10.89114570000000
21.87779434000000	27.09628062000000	2.18853360300000	21.87779434000000	9.12521729600000	10.89004805000000
21.93740686000000	27.09069834000000	2.19079951400000	21.93740686000000	9.11885393700000	10.89105219000000
21.99701937000000	27.08387496000000	2.19158839800000	21.99701937000000	9.12606535800000	10.88933935000000
22.05663189000000	27.08221248000000	2.19237454800000	22.05663189000000	9.15264190600000	10.88559084000000
22.11624441000000	27.03849698000000	2.19841621400000	22.11624441000000	9.18952516500000	10.88026399000000
22.17585693000000	26.97509390000000	2.20869302000000	22.17585693000000	9.26673411800000	10.86711563000000
22.23546945000000	26.94657564000000	2.21572801400000	22.23546945000000	9.26656757800000	10.86761175000000
22.29508197000000	26.94878568000000	2.21678811100000	22.29508197000000	9.27905422700000	10.86640817000000
22.35469449000000	26.95303195000000	2.21487094300000	22.35469449000000	9.28085893200000	10.86647811000000
22.41430700000000	26.95513247000000	2.21442210300000	22.41430700000000	9.27228053200000	10.86804905000000
22.47391952000000	26.95907365000000	2.21229075500000	22.47391952000000	9.26570452700000	10.86911529000000
22.53353204000000	26.94881179000000	2.21284319200000	22.53353204000000	9.25867012900000	10.87014324000000
22.59314456000000	26.94732818000000	2.21413823600000	22.59314456000000	9.25836950800000	10.87033081000000
22.65275708000000	26.95028695000000	2.21425015600000	22.65275708000000	9.25640119200000	10.87052809000000
22.71236960000000	26.95243972000000	2.21441239800000	22.71236960000000	9.25931891700000	10.87008226000000
22.77198212000000	26.94597807000000	2.21506415600000	22.77198212000000	9.25889335100000	10.87028556000000
22.83159463000000	26.94282298000000	2.21582961400000	22.83159463000000	9.26021185700000	10.86999144000000
22.89120715000000	26.93349616000000	2.21617384500000	22.89120715000000	9.25600603000000	10.87053159000000