GFsup			GFext		
t	x	y	t	x	y
0.00000000000000	-14.53394459000000	17.76371005000000	0.00000000000000	6.39493561900000	23.57728789000000
0.05526083112000	-14.53916278000000	17.76209859000000	0.05526083112000	6.39360876500000	23.57739941000000
0.11052166220000	-14.55993296000000	17.76016157000000	0.11052166220000	6.39303665100000	23.57772126000000
0.16578249340000	-14.55638701000000	17.76110941000000	0.16578249340000	6.39426004200000	23.57750603000000
0.22104332450000	-14.54086561000000	17.76255497000000	0.22104332450000	6.39176908800000	23.57777180000000
0.27630415560000	-14.52863777000000	17.76524161000000	0.27630415560000	6.39168790700000	23.57784241000000
0.33156498670000	-14.51118460000000	17.76647274000000	0.33156498670000	6.39408977800000	23.57767686000000
0.38682581790000	-14.51891318000000	17.76610457000000	0.38682581790000	6.39255446400000	23.57774030000000
0.44208664900000	-14.51388163000000	17.76655159000000	0.44208664900000	6.39245275900000	23.57797603000000
0.49734748010000	-14.53631828000000	17.76388708000000	0.49734748010000	6.39201780600000	23.57819407000000
0.55260831120000	-14.54657007000000	17.76357629000000	0.55260831120000	6.39029775200000	23.57804188000000
0.60786914240000	-14.52886551000000	17.76500867000000	0.60786914240000	6.39118264300000	23.57824965000000
0.66312997350000	-14.51805897000000	17.76766059000000	0.66312997350000	6.39147913800000	23.57808022000000
0.71839080460000	-14.52207522000000	17.76886206000000	0.71839080460000	6.39210791300000	23.57757987000000
0.77365163570000	-14.52488697000000	17.76688995000000	0.77365163570000	6.39238118100000	23.57803360000000
0.82891246680000	-14.54606679000000	17.76516072000000	0.82891246680000	6.39141508400000	23.57797503000000
0.88417329800000	-14.57949838000000	17.76240462000000	0.88417329800000	6.38980856500000	23.57839192000000
0.93943412910000	-14.56702105000000	17.76249490000000	0.93943412910000	6.38811641500000	23.57813101000000
0.99469496020000	-14.54584881000000	17.76416037000000	0.99469496020000	6.38906017200000	23.57799464000000
1.04995579100000	-14.48947462000000	17.76971587000000	1.04995579100000	6.39227509800000	23.57763437000000
1.10521662200000	-14.50334827000000	17.76720183000000	1.10521662200000	6.39180214900000	23.57792038000000
1.16047745400000	-14.50004370000000	17.76677354000000	1.16047745400000	6.39293980700000	23.57784843000000
1.21573828500000	-14.49715228000000	17.76675261000000	1.21573828500000	6.39226684200000	23.57780776000000
1.27099911600000	-14.48220560000000	17.76839829000000	1.27099911600000	6.39376957400000	23.57776670000000
1.32625994700000	-14.49259898000000	17.76816692000000	1.32625994700000	6.39387173100000	23.57797768000000
1.38152077800000	-14.51073489000000	17.76607755000000	1.38152077800000	6.39298908800000	23.57786629000000
1.43678160900000	-14.51945706000000	17.76565497000000	1.43678160900000	6.39092595700000	23.57785366000000
1.49204244000000	-14.34892489000000	17.76396714000000	1.49204244000000	6.39380309600000	23.57758808000000
1.54730327100000	-14.30579539000000	17.76720689000000	1.54730327100000	6.39262864100000	23.57747377000000
1.60256410300000	-14.29317163000000	17.76679776000000	1.60256410300000	6.39317508500000	23.57762862000000
1.65782493400000	-14.30208511000000	17.76551634000000	1.65782493400000	6.39358971200000	23.57763946000000
1.71308576500000	-14.29429667000000	17.76635289000000	1.71308576500000	6.39333754500000	23.57771142000000
1.76834659600000	-14.28656383000000	17.76768785000000	1.76834659600000	6.39361339500000	23.57785472000000
1.82360742700000	-14.23157058000000	17.76613666000000	1.82360742700000	6.39402302700000	23.57788214000000
1.87886825800000	-14.10197280000000	17.76600407000000	1.87886825800000	6.39421823300000	23.57787267000000
1.93412908900000	-13.98478085000000	17.76701501000000	1.93412908900000	6.39510851500000	23.57780017000000
1.98938992000000	-13.92468155000000	17.76253659000000	1.98938992000000	6.39469031900000	23.57776670000000
2.04465075200000	-13.90824128000000	17.76246150000000	2.04465075200000	6.39434373900000	23.57793351000000
2.09991158300000	-13.86152156000000	17.76636250000000	2.09991158300000	6.39444849200000	23.57778059000000
2.15517241400000	-13.85490993000000	17.76649214000000	2.15517241400000	6.39482647800000	23.57781123000000
2.21043324500000	-13.84896182000000	17.76758040000000	2.21043324500000	6.39475597800000	23.57784032000000
2.26569407600000	-13.85372333000000	17.76680766000000	2.26569407600000	6.39528911700000	23.57785266000000
2.32095490700000	-13.84045020000000	17.76847676000000	2.32095490700000	6.39473378700000	23.57810069000000
2.37621573800000	-13.85700235000000	17.76624032000000	2.37621573800000	6.39475780700000	23.57778182000000
2.43147656900000	-13.86405005000000	17.76533709000000	2.43147656900000	6.39444499800000	23.57796300000000
2.48673740100000	-13.86462397000000	17.76500882000000	2.48673740100000	6.39299421100000	23.57773573000000
2.54199823200000	-13.81045360000000	17.76457666000000	2.54199823200000	6.39397824200000	23.57786116000000
2.59725906300000	-13.66775074000000	17.76415066000000	2.59725906300000	6.39470902400000	23.57821179000000
2.65251989400000	-13.65111385000000	17.76500565000000	2.65251989400000	6.39469686300000	23.57806828000000
2.70778072500000	-13.66126442000000	17.76313933000000	2.70778072500000	6.39461094500000	23.57792100000000
2.76304155600000	-13.64888608000000	17.76439803000000	2.76304155600000	6.39421512300000	23.57796522000000
2.81830238700000	-13.64837337000000	17.76391418000000	2.81830238700000	6.39413421400000	23.57786274000000
2.87356321800000	-13.66256347000000	17.76206225000000	2.87356321800000	6.39413928400000	23.57789165000000
2.92882405000000	-13.65541585000000	17.76290147000000	2.92882405000000	6.39277529300000	23.57810776000000
2.98408488100000	-13.64285373000000	17.76487133000000	2.98408488100000	6.39447509800000	23.57799177000000
3.03934571200000	-13.63224815000000	17.76554223000000	3.03934571200000	6.39355044300000	23.57795176000000
3.09460654300000	-13.65037821000000	17.76359853000000	3.09460654300000	6.39250359500000	23.57787720000000
3.14986737400000	-13.65309456000000	17.76316325000000	3.14986737400000	6.39277495300000	23.57807066000000
3.20512820500000	-13.67346393000000	17.76030740000000	3.20512820500000	6.39181973900000	23.57800058000000
3.26038903600000	-13.66096302000000	17.76246433000000	3.26038903600000	6.39125587200000	23.57814563000000
3.31564986700000	-13.65037477000000	17.76364820000000	3.31564986700000	6.39286613000000	23.57813983000000
3.37091069800000	-13.59646940000000	17.76993599000000	3.37091069800000	6.39192259200000	23.57803927000000
3.42617153000000	-13.54926064000000	17.76455312000000	3.42617153000000	6.39333520500000	23.57789710000000
3.48143236100000	-13.43640959000000	17.76469504000000	3.48143236100000	6.39373733200000	23.57792223000000
3.53669319200000	-13.41514526000000	17.76666420000000	3.53669319200000	6.39424554500000	23.57807101000000
3.59195402300000	-13.45547352000000	17.76211780000000	3.59195402300000	6.39432100300000	23.57773535000000
3.64721485400000	-13.45673529000000	17.76197564000000	3.64721485400000	6.39349345000000	23.57803177000000
3.70247568500000	-13.48642993000000	17.76543101000000	3.70247568500000	6.39141475600000	23.57780907000000
3.75773651600000	-13.44363344000000	17.76200649000000	3.75773651600000	6.39230987900000	23.57810894000000
3.81299734700000	-13.37779409000000	17.76894281000000	3.81299734700000	6.39291198900000	23.57784830000000
3.86825817900000	-13.24997980000000	17.75851645000000	3.86825817900000	6.39050579000000	23.57810353000000
3.92351901000000	-13.16538503000000	17.76780420000000	3.92351901000000	6.39220360800000	23.57823769000000
3.97877984100000	-13.05169203000000	17.76506808000000	3.97877984100000	6.39513905700000	23.57826364000000
4.03404067200000	-13.07276498000000	17.76527719000000	4.03404067200000	6.39348849500000	23.57836096000000
4.08930150300000	-13.14431980000000	17.76063028000000	4.08930150300000	6.39340422800000	23.57821584000000
4.14456233400000	-13.20269230000000	17.76314550000000	4.14456233400000	6.39389066400000	23.57807926000000
4.19982316500000	-13.20988895000000	17.76316462000000	4.19982316500000	6.39299565100000	23.57787927000000
4.25508399600000	-13.19512092000000	17.76472486000000	4.25508399600000	6.39237253700000	23.57814178000000
4.31034482800000	-13.10460051000000	17.76412452000000	4.31034482800000	6.39344983300000	23.57791135000000
4.36560565900000	-13.08375993000000	17.76489217000000	4.36560565900000	6.39368677600000	23.57812555000000
4.42086649000000	-13.03203212000000	17.76186280000000	4.42086649000000	6.39250866200000	23.57829885000000
4.47612732100000	-13.12468866000000	17.75693271000000	4.47612732100000	6.39263804900000	23.57846918000000
4.53138815200000	-13.12265060000000	17.75483018000000	4.53138815200000	6.39121456800000	23.57864086000000
4.58664898300000	-13.03391534000000	17.75968905000000	4.58664898300000	6.39400948800000	23.57813161000000
4.64190981400000	-12.98275041000000	17.76326968000000	4.64190981400000	6.39378548800000	23.57819754000000
4.69717064500000	-13.00533491000000	17.76133638000000	4.69717064500000	6.39449444800000	23.57808105000000
4.75243147700000	-13.13247383000000	17.75939418000000	4.75243147700000	6.39364940700000	23.57802207000000
4.80769230800000	-13.20796923000000	17.75820582000000	4.80769230800000	6.39245720100000	23.57814481000000
4.86295313900000	-13.24163656000000	17.75693488000000	4.86295313900000	6.39146293800000	23.57762257000000
4.91821397000000	-13.22566814000000	17.75822566000000	4.91821397000000	6.39359208500000	23.57812616000000
4.97347480100000	-13.20627110000000	17.76065867000000	4.97347480100000	6.39267027300000	23.57802655000000
5.02873563200000	-13.20259786000000	17.76182774000000	5.02873563200000	6.39277276600000	23.57819117000000
5.08399646300000	-13.23353005000000	17.75721145000000	5.08399646300000	6.39245866900000	23.57788414000000
5.13925729400000	-13.22971587000000	17.75884920000000	5.13925729400000	6.39277130200000	23.57761270000000
5.19451812600000	-13.21740569000000	17.76051815000000	5.19451812600000	6.39218434000000	23.57757756000000
5.24977895700000	-13.22181149000000	17.76029541000000	5.24977895700000	6.39115627900000	23.57773376000000
5.30503978800000	-13.22677998000000	17.75882352000000	5.30503978800000	6.39087127500000	23.57793550000000
5.36030061900000	-13.21481579000000	17.76189898000000	5.36030061900000	6.39037577800000	23.57790728000000
5.41556145000000	-13.18669532000000	17.76492099000000	5.41556145000000	6.39268481100000	23.57769839000000
5.47082228100000	-13.18542960000000	17.76493186000000	5.47082228100000	6.39287941600000	23.57776959000000
5.52608311200000	-13.17208840000000	17.76669741000000	5.52608311200000	6.39179688300000	23.57760101000000
5.58134394300000	-13.10451211000000	17.76414634000000	5.58134394300000	6.39251224400000	23.57776658000000
5.63660477500000	-13.17653777000000	17.76505319000000	5.63660477500000	6.39262763000000	23.57779864000000
5.69186560600000	-13.20167373000000	17.76336767000000	5.69186560600000	6.39166667800000	23.57766309000000
5.74712643700000	-13.18445091000000	17.76514424000000	5.74712643700000	6.39196226700000	23.57748204000000
5.80238726800000	-13.09141595000000	17.76511036000000	5.80238726800000	6.39208434200000	23.57798210000000
5.85764809900000	-13.06361434000000	17.76564234000000	5.85764809900000	6.39226319700000	23.57792477000000
5.91290893000000	-13.06432968000000	17.76562931000000	5.91290893000000	6.39298836000000	23.57776643000000
5.96816976100000	-13.07740267000000	17.76515404000000	5.96816976100000	6.39226659200000	23.57781492000000
6.02343059200000	-13.01874792000000	17.76374103000000	6.02343059200000	6.39202373700000	23.57785402000000
6.07869142400000	-13.00372400000000	17.76255002000000	6.07869142400000	6.39047540200000	23.57820695000000
6.13395225500000	-13.00237624000000	17.75877458000000	6.13395225500000	6.39106802200000	23.57819405000000
6.18921308600000	-12.93774038000000	17.76268641000000	6.18921308600000	6.39003195700000	23.57828597000000
6.24447391700000	-12.99665975000000	17.75721606000000	6.24447391700000	6.39138878400000	23.57860736000000
6.29973474800000	-12.98019713000000	17.75968377000000	6.29973474800000	6.39140175100000	23.57843543000000
6.35499557900000	-12.99375847000000	17.75829567000000	6.35499557900000	6.39211915100000	23.57821666000000
6.41025641000000	-13.01367966000000	17.74913257000000	6.41025641000000	6.39285074100000	23.57845016000000
6.46551724100000	-13.03447522000000	17.74738374000000	6.46551724100000	6.39248979500000	23.57818730000000
6.52077807300000	-13.02121585000000	17.75306813000000	6.52077807300000	6.39315647900000	23.57822909000000
6.57603890400000	-13.03080745000000	17.75244556000000	6.57603890400000	6.39311230300000	23.57832620000000
6.63129973500000	-13.04557152000000	17.75795285000000	6.63129973500000	6.39250780900000	23.57801942000000
6.68656056600000	-13.16032064000000	17.75669992000000	6.68656056600000	6.39260428900000	23.57799028000000
6.74182139700000	-13.19712612000000	17.75643709000000	6.74182139700000	6.39117780600000	23.57775298000000
6.79708222800000	-13.22297797000000	17.75410706000000	6.79708222800000	6.39142802500000	23.57797820000000
6.85234305900000	-13.24705712000000	17.75279162000000	6.85234305900000	6.39138629700000	23.57786323000000
6.90760389000000	-13.23197944000000	17.75667543000000	6.90760389000000	6.39022851300000	23.57813831000000
6.96286472100000	-13.20708119000000	17.76282622000000	6.96286472100000	6.39264600600000	23.57835406000000
7.01812555300000	-13.22473279000000	17.76000154000000	7.01812555300000	6.39142023000000	23.57829670000000
7.07338638400000	-13.21155494000000	17.76431697000000	7.07338638400000	6.39140571900000	23.57824153000000
7.12864721500000	-13.20911604000000	17.77214733000000	7.12864721500000	6.39030064400000	23.57840298000000
7.18390804600000	-13.22109631000000	17.76890369000000	7.18390804600000	6.38767439900000	23.57838787000000
7.23916887700000	-13.19028043000000	17.77857248000000	7.23916887700000	6.38813932300000	23.57833787000000
7.29442970800000	-13.18498665000000	17.77813634000000	7.29442970800000	6.38929068400000	23.57815833000000
7.34969053900000	-13.17417231000000	17.77555641000000	7.34969053900000	6.38962515700000	23.57840965000000
7.40495137000000	-13.17246043000000	17.77428697000000	7.40495137000000	6.39024783200000	23.57823372000000
7.46021220200000	-13.18100935000000	17.77156286000000	7.46021220200000	6.39089039400000	23.57817995000000
7.51547303300000	-13.18850044000000	17.77291671000000	7.51547303300000	6.39133158100000	23.57809743000000
7.57073386400000	-13.17737448000000	17.77480028000000	7.57073386400000	6.39172948900000	23.57807170000000
7.62599469500000	-13.19590295000000	17.76792490000000	7.62599469500000	6.39125123900000	23.57848485000000
7.68125552600000	-13.17922993000000	17.77094690000000	7.68125552600000	6.39131987900000	23.57817972000000
7.73651635700000	-13.15938996000000	17.77362711000000	7.73651635700000	6.39170193200000	23.57800354000000
7.79177718800000	-13.15550303000000	17.77462344000000	7.79177718800000	6.39075550500000	23.57800034000000
7.84703801900000	-13.17721577000000	17.76985501000000	7.84703801900000	6.39042283600000	23.57852101000000
7.90229885100000	-13.17574846000000	17.77252263000000	7.90229885100000	6.38949917700000	23.57843091000000
7.95755968200000	-13.18281300000000	17.77124478000000	7.95755968200000	6.38748274100000	23.57852834000000
8.01282051300000	-13.20310774000000	17.76731064000000	8.01282051300000	6.38436303200000	23.57833680000000
8.06808134400000	-13.18744275000000	17.77134596000000	8.06808134400000	6.38251752800000	23.57843142000000
8.12334217500000	-13.18656732000000	17.76948792000000	8.12334217500000	6.38397401800000	23.57858714000000
8.17860300600000	-13.17085892000000	17.77165288000000	8.17860300600000	6.38718666000000	23.57849286000000
8.23386383700000	-13.19532607000000	17.76855396000000	8.23386383700000	6.38657514800000	23.57850454000000
8.28912466800000	-13.20142932000000	17.76587744000000	8.28912466800000	6.38699273900000	23.57847818000000
8.34438550000000	-13.19108782000000	17.76746562000000	8.34438550000000	6.38497422100000	23.57838373000000
8.39964633100000	-13.18880570000000	17.76829021000000	8.39964633100000	6.38875935900000	23.57811722000000
8.45490716200000	-13.19967059000000	17.76469664000000	8.45490716200000	6.38856849000000	23.57794568000000
8.51016799300000	-13.19045001000000	17.76544655000000	8.51016799300000	6.38849516100000	23.57806747000000
8.56542882400000	-13.14912060000000	17.76159326000000	8.56542882400000	6.39277975900000	23.57785733000000
8.62068965500000	-13.06305703000000	17.76605466000000	8.62068965500000	6.39466593200000	23.57806361000000
8.67595048600000	-13.09624832000000	17.76162513000000	8.67595048600000	6.39456312000000	23.57815016000000
8.73121131700000	-13.08103399000000	17.76400158000000	8.73121131700000	6.39369511700000	23.57814981000000
8.78647214900000	-13.10124697000000	17.76008123000000	8.78647214900000	6.39460078400000	23.57791855000000
8.84173298000000	-13.10588322000000	17.76043010000000	8.84173298000000	6.39291965700000	23.57818294000000
8.89699381100000	-13.09477108000000	17.76275308000000	8.89699381100000	6.39370811400000	23.57816344000000
8.95225464200000	-13.08455619000000	17.76318451000000	8.95225464200000	6.39281685500000	23.57787480000000
9.00751547300000	-13.08090497000000	17.76400553000000	9.00751547300000	6.39270369300000	23.57789312000000
9.06277630400000	-13.08258126000000	17.76333410000000	9.06277630400000	6.39346797400000	23.57812892000000
9.11803713500000	-13.08779352000000	17.76305445000000	9.11803713500000	6.39352859400000	23.57781012000000
9.17329796600000	-13.08739145000000	17.76404104000000	9.17329796600000	6.39299678300000	23.57779250000000
9.22855879800000	-13.08804681000000	17.76341967000000	9.22855879800000	6.39427352600000	23.57772995000000
9.28381962900000	-13.09542120000000	17.76161911000000	9.28381962900000	6.39411620400000	23.57803551000000
9.33908046000000	-13.10544253000000	17.75944613000000	9.33908046000000	6.39361022200000	23.57814396000000
9.39434129100000	-13.08111246000000	17.76296054000000	9.39434129100000	6.39547936100000	23.57819014000000
9.44960212200000	-13.04643126000000	17.76399814000000	9.44960212200000	6.39724457900000	23.57801183000000
9.50486295300000	-13.07584455000000	17.76264721000000	9.50486295300000	6.39692170500000	23.57791209000000
9.56012378400000	-13.09257781000000	17.76026811000000	9.56012378400000	6.39636677000000	23.57795880000000
9.61538461500000	-13.09514337000000	17.75916984000000	9.61538461500000	6.39438343400000	23.57804189000000
9.67064544700000	-13.11395392000000	17.75477759000000	9.67064544700000	6.39766171100000	23.57802742000000
9.72590627800000	-13.11557556000000	17.75599897000000	9.72590627800000	6.39480196000000	23.57804147000000
9.78116710900000	-13.09913943000000	17.76055468000000	9.78116710900000	6.39568392100000	23.57816472000000
9.83642794000000	-13.09051113000000	17.76272159000000	9.83642794000000	6.39595019700000	23.57823082000000
9.89168877100000	-13.09125655000000	17.76372488000000	9.89168877100000	6.39580645100000	23.57852974000000
9.94694960200000	-13.10165278000000	17.76064284000000	9.94694960200000	6.39541895800000	23.57819328000000
10.00221043000000	-13.10321185000000	17.76054583000000	10.00221043000000	6.39463101200000	23.57852104000000
10.05747126000000	-13.13711667000000	17.75546838000000	10.05747126000000	6.39534374000000	23.57838450000000
10.11273210000000	-13.11827149000000	17.75917550000000	10.11273210000000	6.39502750600000	23.57869100000000
10.16799293000000	-13.11783703000000	17.75803249000000	10.16799293000000	6.39458214900000	23.57843422000000
10.22325376000000	-13.11908400000000	17.75853131000000	10.22325376000000	6.39414116600000	23.57865339000000
10.27851459000000	-13.10637407000000	17.76092464000000	10.27851459000000	6.39386599200000	23.57854333000000
10.33377542000000	-13.10538843000000	17.76149515000000	10.33377542000000	6.39447935300000	23.57847803000000
10.38903625000000	-13.11298501000000	17.76024774000000	10.38903625000000	6.39445086600000	23.57851876000000
10.44429708000000	-13.11027119000000	17.76071144000000	10.44429708000000	6.39432476900000	23.57830544000000
10.49955791000000	-13.13225740000000	17.75592031000000	10.49955791000000	6.39432580100000	23.57847679000000
10.55481874000000	-13.14429261000000	17.75654676000000	10.55481874000000	6.39260446000000	23.57893426000000
10.61007958000000	-13.11718590000000	17.75949396000000	10.61007958000000	6.39373905100000	23.57849606000000
10.66534041000000	-13.14321290000000	17.75911980000000	10.66534041000000	6.39299693700000	23.57869949000000
10.72060124000000	-13.09768949000000	17.76424447000000	10.72060124000000	6.39299871800000	23.57853481000000
10.77586207000000	-13.10678680000000	17.76118405000000	10.77586207000000	6.39411305700000	23.57830590000000
10.83112290000000	-13.11360404000000	17.76144738000000	10.83112290000000	6.39321096100000	23.57863797000000
10.88638373000000	-13.15299944000000	17.75973365000000	10.88638373000000	6.39300944400000	23.57873190000000
10.94164456000000	-13.25089184000000	17.75264886000000	10.94164456000000	6.39181097600000	23.57877928000000
10.99690539000000	-13.24091692000000	17.75348000000000	10.99690539000000	6.39174117800000	23.57901939000000
11.05216622000000	-13.20899174000000	17.75995420000000	11.05216622000000	6.39275732200000	23.57883596000000
11.10742706000000	-13.20122784000000	17.76124502000000	11.10742706000000	6.39305859800000	23.57855907000000
11.16268789000000	-13.13633408000000	17.76293532000000	11.16268789000000	6.39510546000000	23.57850493000000
11.21794872000000	-13.07926112000000	17.76521115000000	11.21794872000000	6.39661879600000	23.57849085000000
11.27320955000000	-13.05274269000000	17.76680683000000	11.27320955000000	6.39709847500000	23.57839008000000
11.32847038000000	-13.02231199000000	17.76351496000000	11.32847038000000	6.39934246500000	23.57812437000000
11.38373121000000	-13.01252313000000	17.76216432000000	11.38373121000000	6.39918346200000	23.57828416000000
11.43899204000000	-13.01857481000000	17.76021403000000	11.43899204000000	6.40008290100000	23.57839717000000
11.49425287000000	-13.01053067000000	17.76069470000000	11.49425287000000	6.39793193500000	23.57839808000000
11.54951370000000	-12.99968353000000	17.76072863000000	11.54951370000000	6.39913322800000	23.57834824000000
11.60477454000000	-12.98971215000000	17.76145935000000	11.60477454000000	6.39906043800000	23.57839583000000
11.66003537000000	-12.97432719000000	17.76266053000000	11.66003537000000	6.40074990500000	23.57849017000000
11.71529620000000	-12.95681260000000	17.76410489000000	11.71529620000000	6.40228296100000	23.57866465000000
11.77055703000000	-12.97510901000000	17.76104190000000	11.77055703000000	6.40261592700000	23.57868509000000
11.82581786000000	-12.99510084000000	17.75897444000000	11.82581786000000	6.40146338400000	23.57911764000000
11.88107869000000	-13.00000994000000	17.75781103000000	11.88107869000000	6.40057005700000	23.57857477000000
11.93633952000000	-13.01681615000000	17.75234442000000	11.93633952000000	6.40007730800000	23.57865516000000
11.99160035000000	-13.01573600000000	17.75337811000000	11.99160035000000	6.39800362300000	23.57861887000000
12.04686118000000	-13.00218342000000	17.75761806000000	12.04686118000000	6.39854676200000	23.57850453000000
12.10212202000000	-13.00928710000000	17.75632029000000	12.10212202000000	6.40147057800000	23.57818785000000
12.15738285000000	-13.01001073000000	17.75594610000000	12.15738285000000	6.39962504600000	23.57824995000000
12.21264368000000	-12.99119339000000	17.75988675000000	12.21264368000000	6.40195483500000	23.57800212000000
12.26790451000000	-13.01755453000000	17.75395946000000	12.26790451000000	6.39975892300000	23.57824730000000
12.32316534000000	-13.01661612000000	17.75596721000000	12.32316534000000	6.39905273100000	23.57801154000000
12.37842617000000	-13.03724541000000	17.75313329000000	12.37842617000000	6.39894583100000	23.57802859000000
12.43368700000000	-13.02742516000000	17.75377188000000	12.43368700000000	6.39816417000000	23.57812477000000
12.48894783000000	-13.02481396000000	17.75547860000000	12.48894783000000	6.39702399300000	23.57823421000000
12.54420866000000	-13.07439734000000	17.75896268000000	12.54420866000000	6.39593948300000	23.57824905000000
12.59946950000000	-13.09272513000000	17.75937633000000	12.59946950000000	6.39623219700000	23.57805217000000
12.65473033000000	-13.09701037000000	17.76094867000000	12.65473033000000	6.39574194000000	23.57833488000000
12.70999116000000	-13.11812604000000	17.75875166000000	12.70999116000000	6.39578800800000	23.57867768000000
12.76525199000000	-13.13565400000000	17.75716881000000	12.76525199000000	6.39683294500000	23.57859084000000
12.82051282000000	-13.11342101000000	17.76057989000000	12.82051282000000	6.39690064300000	23.57829816000000
12.87577365000000	-13.10450472000000	17.76230829000000	12.87577365000000	6.39618078300000	23.57836086000000
12.93103448000000	-13.10016650000000	17.76281440000000	12.93103448000000	6.39701313600000	23.57855652000000
12.98629531000000	-13.10194983000000	17.76149013000000	12.98629531000000	6.39820905300000	23.57864790000000
13.04155615000000	-13.12386357000000	17.75683748000000	13.04155615000000	6.39568317300000	23.57837609000000
13.09681698000000	-13.16848129000000	17.75706102000000	13.09681698000000	6.39600954700000	23.57848193000000
13.15207781000000	-13.24702115000000	17.75529679000000	13.15207781000000	6.39665912000000	23.57833207000000
13.20733864000000	-13.24833214000000	17.75869663000000	13.20733864000000	6.39445895000000	23.57871135000000
13.26259947000000	-13.23819953000000	17.76040102000000	13.26259947000000	6.39274745500000	23.57884933000000
13.31786030000000	-13.22629266000000	17.76055127000000	13.31786030000000	6.39305882100000	23.57866605000000
13.37312113000000	-13.21940272000000	17.76078777000000	13.37312113000000	6.39507267500000	23.57842519000000
13.42838196000000	-13.21697268000000	17.76125824000000	13.42838196000000	6.39453682800000	23.57860510000000
13.48364279000000	-13.21456296000000	17.76191202000000	13.48364279000000	6.39649689700000	23.57858396000000
13.53890363000000	-13.20512433000000	17.76328778000000	13.53890363000000	6.39511706100000	23.57860615000000
13.59416446000000	-13.21155165000000	17.76214638000000	13.59416446000000	6.39464981600000	23.57850474000000
13.64942529000000	-13.21653960000000	17.76091103000000	13.64942529000000	6.39595772800000	23.57851107000000
13.70468612000000	-13.21398389000000	17.76099342000000	13.70468612000000	6.39562518900000	23.57854944000000
13.75994695000000	-13.20120364000000	17.76347041000000	13.75994695000000	6.39604093500000	23.57870524000000
13.81520778000000	-13.19401529000000	17.76431575000000	13.81520778000000	6.39742390800000	23.57855228000000
13.87046861000000	-13.20340185000000	17.76178461000000	13.87046861000000	6.39806877400000	23.57831960000000
13.92572944000000	-13.20701781000000	17.76106510000000	13.92572944000000	6.39878539100000	23.57839381000000
13.98099027000000	-13.21554606000000	17.75873791000000	13.98099027000000	6.39960111900000	23.57833048000000
14.03625111000000	-13.24042652000000	17.75413256000000	14.03625111000000	6.39868991700000	23.57829149000000
14.09151194000000	-13.23261585000000	17.75549796000000	14.09151194000000	6.39914116800000	23.57824010000000
14.14677277000000	-13.22959827000000	17.75614386000000	14.14677277000000	6.39930108700000	23.57804879000000
14.20203360000000	-13.21178957000000	17.75903894000000	14.20203360000000	6.40059934900000	23.57792511000000
14.25729443000000	-13.21690728000000	17.75751492000000	14.25729443000000	6.40094051100000	23.57801228000000
14.31255526000000	-13.21575312000000	17.75786737000000	14.31255526000000	6.40278025700000	23.57855717000000
14.36781609000000	-13.21262524000000	17.75909972000000	14.36781609000000	6.40286850900000	23.57838920000000
14.42307692000000	-13.21045739000000	17.75935874000000	14.42307692000000	6.40561814100000	23.57871558000000
14.47833775000000	-13.21618410000000	17.75724330000000	14.47833775000000	6.40554520000000	23.57835948000000
14.53359859000000	-13.23322832000000	17.75498572000000	14.53359859000000	6.40225673900000	23.57886910000000
14.58885942000000	-13.21508653000000	17.75876513000000	14.58885942000000	6.40442000800000	23.57884858000000
14.64412025000000	-13.21406762000000	17.75899213000000	14.64412025000000	6.40691144200000	23.57870684000000
14.69938108000000	-13.22911927000000	17.75596835000000	14.69938108000000	6.40680312500000	23.57892258000000
14.75464191000000	-13.23295215000000	17.75587800000000	14.75464191000000	6.40620223700000	23.57903510000000
14.80990274000000	-13.24637777000000	17.75425184000000	14.80990274000000	6.40371985200000	23.57880919000000
14.86516357000000	-13.27519739000000	17.75770391000000	14.86516357000000	6.40159607100000	23.57845818000000
14.92042440000000	-13.32272569000000	17.75833779000000	14.92042440000000	6.39945001800000	23.57852551000000
14.97568523000000	-13.31005257000000	17.76117419000000	14.97568523000000	6.39989242700000	23.57832446000000
15.03094607000000	-13.30784466000000	17.76214165000000	15.03094607000000	6.39989939200000	23.57832517000000
15.08620690000000	-13.31730274000000	17.76172375000000	15.08620690000000	6.40214285300000	23.57825202000000
15.14146773000000	-13.32074638000000	17.76110072000000	15.14146773000000	6.40205735600000	23.57808607000000
15.19672856000000	-13.32833687000000	17.76044133000000	15.19672856000000	6.40154706500000	23.57839710000000
15.25198939000000	-13.32970172000000	17.76016722000000	15.25198939000000	6.39975802700000	23.57839930000000
15.30725022000000	-13.33638799000000	17.75860950000000	15.30725022000000	6.39936450000000	23.57811075000000
15.36251105000000	-13.33656006000000	17.75833423000000	15.36251105000000	6.40024104700000	23.57836217000000
15.41777188000000	-13.33317070000000	17.75938454000000	15.41777188000000	6.39941706600000	23.57849368000000
15.47303271000000	-13.32536099000000	17.76056637000000	15.47303271000000	6.40003948100000	23.57842919000000
15.52829355000000	-13.33321882000000	17.75975451000000	15.52829355000000	6.39833884400000	23.57846098000000
15.58355438000000	-13.33051146000000	17.76023640000000	15.58355438000000	6.40009886500000	23.57834062000000
15.63881521000000	-13.34357499000000	17.75717309000000	15.63881521000000	6.39939408200000	23.57853258000000
15.69407604000000	-13.33295250000000	17.75902812000000	15.69407604000000	6.39958021300000	23.57851197000000
15.74933687000000	-13.34000752000000	17.75835797000000	15.74933687000000	6.39894930700000	23.57850797000000
15.80459770000000	-13.32871237000000	17.75991899000000	15.80459770000000	6.39839632600000	23.57868511000000
15.85985853000000	-13.32532811000000	17.76099674000000	15.85985853000000	6.40187980100000	23.57859338000000
15.91511936000000	-13.33307029000000	17.75961342000000	15.91511936000000	6.40293169300000	23.57812569000000
15.97038019000000	-13.33707282000000	17.75962269000000	15.97038019000000	6.40123336500000	23.57836536000000
16.02564103000000	-13.33427355000000	17.75924514000000	16.02564103000000	6.40139835100000	23.57847798000000
16.08090186000000	-13.34069558000000	17.75793624000000	16.08090186000000	6.40020920400000	23.57832519000000
16.13616269000000	-13.33132487000000	17.75826091000000	16.13616269000000	6.40232639600000	23.57834357000000
16.19142352000000	-13.32742844000000	17.75890602000000	16.19142352000000	6.40128239200000	23.57848033000000
16.24668435000000	-13.29629403000000	17.76399136000000	16.24668435000000	6.40742509300000	23.57851910000000
16.30194518000000	-13.28463055000000	17.76436727000000	16.30194518000000	6.41629601600000	23.57859859000000
16.35720601000000	-13.29393670000000	17.76287249000000	16.35720601000000	6.42575756500000	23.57889157000000
16.41246684000000	-13.29710743000000	17.76174429000000	16.41246684000000	6.42712983500000	23.57895995000000
16.46772767000000	-13.31628556000000	17.75908057000000	16.46772767000000	6.42189095800000	23.57914098000000
16.52298851000000	-13.32654068000000	17.75866124000000	16.52298851000000	6.41832712700000	23.57912644000000
16.57824934000000	-13.32890283000000	17.75909178000000	16.57824934000000	6.40976376700000	23.57885933000000
16.63351017000000	-13.32602806000000	17.75975895000000	16.63351017000000	6.41097168200000	23.57909055000000
16.68877100000000	-13.31483462000000	17.76065182000000	16.68877100000000	6.41204991400000	23.57888297000000
16.74403183000000	-13.32053143000000	17.75949252000000	16.74403183000000	6.41392330300000	23.57905318000000
16.79929266000000	-13.31529748000000	17.75955200000000	16.79929266000000	6.42579186300000	23.57922768000000
16.85455349000000	-13.31716477000000	17.76029172000000	16.85455349000000	6.42252458100000	23.57904151000000
16.90981432000000	-13.32030467000000	17.76067217000000	16.90981432000000	6.41926289600000	23.57883863000000
16.96507515000000	-13.32071195000000	17.75943260000000	16.96507515000000	6.42035942100000	23.57926455000000
17.02033599000000	-13.32716085000000	17.75827642000000	17.02033599000000	6.42441828900000	23.57928482000000
17.07559682000000	-13.31706135000000	17.75936666000000	17.07559682000000	6.42828185600000	23.57953952000000
17.13085765000000	-13.32870782000000	17.75714995000000	17.13085765000000	6.43586730800000	23.58033634000000
17.18611848000000	-13.35355534000000	17.75394725000000	17.18611848000000	6.42658324700000	23.57992708000000
17.24137931000000	-13.35161151000000	17.75559944000000	17.24137931000000	6.42174597300000	23.57983834000000
17.29664014000000	-13.36288853000000	17.75340804000000	17.29664014000000	6.42127335400000	23.57939661000000
17.35190097000000	-13.43017227000000	17.75701780000000	17.35190097000000	6.41624480200000	23.57952031000000
17.40716180000000	-13.46090394000000	17.75782792000000	17.40716180000000	6.41288392100000	23.57927756000000
17.46242263000000	-13.44686098000000	17.75953912000000	17.46242263000000	6.40785190500000	23.57936237000000
17.51768347000000	-13.44634358000000	17.76038734000000	17.51768347000000	6.41024178800000	23.57900738000000
17.57294430000000	-13.44256625000000	17.75975792000000	17.57294430000000	6.40756568900000	23.57880748000000
17.62820513000000	-13.43255520000000	17.76107204000000	17.62820513000000	6.41002802200000	23.57882675000000
17.68346596000000	-13.43877176000000	17.76176298000000	17.68346596000000	6.40831925200000	23.57834188000000
17.73872679000000	-13.43779042000000	17.76215804000000	17.73872679000000	6.40648448200000	23.57839624000000
17.79398762000000	-13.44101309000000	17.76234866000000	17.79398762000000	6.40786605500000	23.57826022000000
17.84924845000000	-13.43525924000000	17.76417321000000	17.84924845000000	6.40940203800000	23.57860954000000
17.90450928000000	-13.43474975000000	17.76424058000000	17.90450928000000	6.41123778900000	23.57858214000000
17.95977011000000	-13.44537402000000	17.76275717000000	17.95977011000000	6.40525341700000	23.57838285000000
18.01503095000000	-13.45239014000000	17.76319355000000	18.01503095000000	6.40395411300000	23.57828757000000
18.07029178000000	-13.50306111000000	17.76545276000000	18.07029178000000	6.39955121000000	23.57821562000000
18.12555261000000	-13.53848012000000	17.76637571000000	18.12555261000000	6.39489330000000	23.57797784000000
18.18081344000000	-13.53172788000000	17.76052696000000	18.18081344000000	6.39262159300000	23.57795347000000
18.23607427000000	-13.48836281000000	17.75231051000000	18.23607427000000	6.39067805000000	23.57723487000000
18.29133510000000	-13.48858741000000	17.75290725000000	18.29133510000000	6.39377334900000	23.57746554000000
18.34659593000000	-13.32685274000000	17.72401736000000	18.34659593000000	6.39704189700000	23.57729996000000
18.40185676000000	-13.32258322000000	17.73891815000000	18.40185676000000	6.39648872900000	23.57759750000000
18.45711760000000	-13.32189444000000	17.72326342000000	18.45711760000000	6.39939423000000	23.57766774000000
18.51237843000000	-13.32314522000000	17.72112517000000	18.51237843000000	6.39949449700000	23.57755826000000
18.56763926000000	-13.31508206000000	17.73207527000000	18.56763926000000	6.39651702800000	23.57763266000000
18.62290009000000	-13.29848445000000	17.73266338000000	18.62290009000000	6.39582004500000	23.57815381000000
18.67816092000000	-13.29429266000000	17.73563533000000	18.67816092000000	6.39666235400000	23.57791622000000
18.73342175000000	-13.27122770000000	17.73288921000000	18.73342175000000	6.39696225600000	23.57775040000000
18.78868258000000	-13.30014456000000	17.74437212000000	18.78868258000000	6.39648896300000	23.57804474000000
18.84394341000000	-13.29699188000000	17.74644296000000	18.84394341000000	6.39668852500000	23.57803555000000
18.89920424000000	-13.29951307000000	17.74800379000000	18.89920424000000	6.39383814600000	23.57821246000000
18.95446508000000	-13.30671033000000	17.75012465000000	18.95446508000000	6.39345884400000	23.57805064000000
19.00972591000000	-13.30953848000000	17.75302837000000	19.00972591000000	6.39309937900000	23.57843907000000
19.06498674000000	-13.29171900000000	17.75251769000000	19.06498674000000	6.39528953400000	23.57822266000000
19.12024757000000	-13.28748100000000	17.75062273000000	19.12024757000000	6.39688106200000	23.57826161000000
19.17550840000000	-13.27597682000000	17.74796545000000	19.17550840000000	6.39585454000000	23.57823988000000
19.23076923000000	-13.28414083000000	17.75079567000000	19.23076923000000	6.39720435700000	23.57799482000000
19.28603006000000	-13.29760438000000	17.75150475000000	19.28603006000000	6.39888830700000	23.57838831000000
19.34129089000000	-13.29310835000000	17.75332925000000	19.34129089000000	6.39867389100000	23.57782997000000
19.39655172000000	-13.28345813000000	17.75322567000000	19.39655172000000	6.40064403200000	23.57805929000000
19.45181256000000	-13.27558854000000	17.75191341000000	19.45181256000000	6.39976502400000	23.57793230000000
19.50707339000000	-13.28094628000000	17.75225108000000	19.50707339000000	6.40123239500000	23.57795309000000
19.56233422000000	-13.25851796000000	17.75587826000000	19.56233422000000	6.40051641900000	23.57768582000000
19.61759505000000	-13.19766000000000	17.75873252000000	19.61759505000000	6.40369809100000	23.57793033000000
19.67285588000000	-13.16657390000000	17.75551102000000	19.67285588000000	6.40790544600000	23.57747127000000
19.72811671000000	-13.18013044000000	17.75489979000000	19.72811671000000	6.40424375200000	23.57770127000000
19.78337754000000	-13.18531185000000	17.75701400000000	19.78337754000000	6.40367803400000	23.57772242000000
19.83863837000000	-13.20289658000000	17.75784002000000	19.83863837000000	6.40136565900000	23.57773187000000
19.89389920000000	-13.21664710000000	17.76092802000000	19.89389920000000	6.39573961400000	23.57762804000000
19.94916004000000	-13.21067657000000	17.76304185000000	19.94916004000000	6.39689500000000	23.57790568000000
20.00442087000000	-13.19856465000000	17.76470444000000	20.00442087000000	6.39999923000000	23.57741030000000
20.05968170000000	-13.19034887000000	17.76258268000000	20.05968170000000	6.40146427400000	23.57696641000000
20.11494253000000	-13.20266548000000	17.76363075000000	20.11494253000000	6.40479972600000	23.57705815000000
20.17020336000000	-13.20221345000000	17.76256019000000	20.17020336000000	6.40225430300000	23.57699151000000
20.22546419000000	-13.22334525000000	17.76318995000000	20.22546419000000	6.40096272800000	23.57715051000000
20.28072502000000	-13.21910656000000	17.76370695000000	20.28072502000000	6.39857407600000	23.57733901000000
20.33598585000000	-13.21210287000000	17.76259131000000	20.33598585000000	6.39913409200000	23.57744332000000
20.39124668000000	-13.21571990000000	17.76388178000000	20.39124668000000	6.39566009100000	23.57794442000000
20.44650752000000	-13.20019855000000	17.76408594000000	20.44650752000000	6.39818039400000	23.57782979000000
20.50176835000000	-13.20756930000000	17.76439857000000	20.50176835000000	6.39792262100000	23.57793684000000
20.55702918000000	-13.22447590000000	17.76242261000000	20.55702918000000	6.39679328500000	23.57751325000000
20.61229001000000	-13.22822460000000	17.76262383000000	20.61229001000000	6.39587415400000	23.57763806000000
20.66755084000000	-13.24374232000000	17.76021468000000	20.66755084000000	6.39677188000000	23.57747380000000
20.72281167000000	-13.23932981000000	17.76078075000000	20.72281167000000	6.39468315200000	23.57767425000000
20.77807250000000	-13.24890543000000	17.76363931000000	20.77807250000000	6.39470690500000	23.57814486000000
20.83333333000000	-13.23021531000000	17.76358104000000	20.83333333000000	6.39387384800000	23.57798033000000
20.88859416000000	-13.24708878000000	17.76127666000000	20.88859416000000	6.39326452900000	23.57828815000000
20.94385500000000	-13.22965417000000	17.76265398000000	20.94385500000000	6.39494435100000	23.57822624000000
20.99911583000000	-13.23116610000000	17.76060712000000	20.99911583000000	6.39208305600000	23.57838646000000
21.05437666000000	-13.23929596000000	17.76193892000000	21.05437666000000	6.38986343900000	23.57814742000000
21.10963749000000	-13.24721580000000	17.75972871000000	21.10963749000000	6.38929467900000	23.57793801000000
21.16489832000000	-13.22829951000000	17.76225408000000	21.16489832000000	6.39136338100000	23.57766003000000
21.22015915000000	-13.24767734000000	17.76108391000000	21.22015915000000	6.39018018100000	23.57776152000000
21.27541998000000	-13.22140062000000	17.76390770000000	21.27541998000000	6.39547622600000	23.57765086000000
21.33068081000000	-13.21511243000000	17.76481426000000	21.33068081000000	6.39622179300000	23.57767788000000
21.38594164000000	-13.20100696000000	17.76545277000000	21.38594164000000	6.39876413300000	23.57751945000000
21.44120248000000	-13.19993624000000	17.76496899000000	21.44120248000000	6.39932810000000	23.57745244000000
21.49646331000000	-13.20022613000000	17.76432450000000	21.49646331000000	6.39764972000000	23.57730780000000
21.55172414000000	-13.20146469000000	17.76393426000000	21.55172414000000	6.39951748500000	23.57734196000000
21.60698497000000	-13.19786431000000	17.76403327000000	21.60698497000000	6.40167362700000	23.57749181000000
21.66224580000000	-13.19098012000000	17.76426670000000	21.66224580000000	6.40132042700000	23.57732947000000
21.71750663000000	-13.15332773000000	17.76618407000000	21.71750663000000	6.40391323300000	23.57681529000000
21.77276746000000	-13.18108513000000	17.76478128000000	21.77276746000000	6.40460827500000	23.57705852000000
21.82802829000000	-13.17680215000000	17.76604596000000	21.82802829000000	6.40285185900000	23.57730076000000
21.88328912000000	-13.16441308000000	17.76665786000000	21.88328912000000	6.40680227000000	23.57737622000000
21.93854996000000	-13.18139544000000	17.76598764000000	21.93854996000000	6.41010433500000	23.57742698000000