GMfas3BEST			GMext		
t	x	y	t	x	y
0.00000000000	1.73631694800	0.86466967880	0.00000000000	-1.25071245000	9.94150280600
0.05961251863	1.74198736500	0.86713205720	0.05961251863	-1.25134983800	9.94130186500
0.11922503730	1.82535606000	0.85487118950	0.11922503730	-1.25146686100	9.94179079100
0.17883755590	1.85587509400	0.84998810830	0.17883755590	-1.25172519900	9.94177123000
0.23845007450	1.90966520400	0.84028284380	0.23845007450	-1.25170219900	9.94223052300
0.29806259310	1.92717867700	0.82351070130	0.29806259310	-1.25337969000	9.94282553100
0.35767511180	1.97082072200	0.79062428670	0.35767511180	-1.25784403600	9.94427316500
0.41728763040	2.07744312800	0.77527316000	0.41728763040	-1.25689794200	9.94478150000
0.47690014900	2.16659845600	0.76665438220	0.47690014900	-1.25975706600	9.94556004100
0.53651266770	2.32258781800	0.75118877270	0.53651266770	-1.25942333400	9.94684939200
0.59612518630	2.39752136500	0.74574526060	0.59612518630	-1.26218214400	9.94639364400
0.65573770490	2.45263481000	0.73786354260	0.65573770490	-1.26109283700	9.94602182200
0.71535022350	2.59875840600	0.71950699400	0.71535022350	-1.26307671100	9.94618083700
0.77496274220	2.67455283300	0.71724845410	0.77496274220	-1.26048227400	9.94603278100
0.83457526080	2.70788102400	0.71223804330	0.83457526080	-1.26224897400	9.94550229600
0.89418777940	2.84385667200	0.69953592880	0.89418777940	-1.26198709500	9.94553871100
0.95380029810	2.89860226000	0.69539178580	0.95380029810	-1.26032398600	9.94686263300
1.01341281700	2.90709951000	0.69378393650	1.01341281700	-1.26144986200	9.94682771900
1.07302533500	3.07327971900	0.68019490770	1.07302533500	-1.26763425100	9.94803786100
1.13263785400	3.21032150300	0.67216951570	1.13263785400	-1.26647547100	9.94849020200
1.19225037300	3.27699938400	0.66808315780	1.19225037300	-1.26874497000	9.94923027400
1.25186289100	3.39196987900	0.65690714600	1.25186289100	-1.26880585100	9.94861536900
1.31147541000	3.47791693400	0.65030312500	1.31147541000	-1.26666972500	9.94836247100
1.37108792800	3.53628213200	0.63937037060	1.37108792800	-1.26625854500	9.94814954500
1.43070044700	3.63701042700	0.63754578250	1.43070044700	-1.26819532100	9.94927418900
1.49031296600	3.68793372000	0.63318748900	1.49031296600	-1.26657490000	9.94803858400
1.54992548400	3.77823307500	0.62683881190	1.54992548400	-1.26937564700	9.94922890600
1.60953800300	3.83641372100	0.62500988990	1.60953800300	-1.26467346200	9.94785200100
1.66915052200	3.93267725900	0.62018434940	1.66915052200	-1.26484306000	9.94845657300
1.72876304000	4.01511966900	0.61093107630	1.72876304000	-1.26765675300	9.95004404300
1.78837555900	4.03903287200	0.61127254060	1.78837555900	-1.26595855800	9.95025031400
1.84798807700	4.13358127700	0.60196053760	1.84798807700	-1.26593552400	9.95028360300
1.90760059600	4.21543396000	0.59171948590	1.90760059600	-1.26609016700	9.94925115600
1.96721311500	4.28386095400	0.58072070750	1.96721311500	-1.26791458900	9.95101656100
2.02682563300	4.35981998800	0.57301649790	2.02682563300	-1.26668115900	9.94964491500
2.08643815200	4.45202074200	0.56005691670	2.08643815200	-1.26768424700	9.95105477000
2.14605067100	4.55312266000	0.54220494890	2.14605067100	-1.26825537700	9.95107871800
2.20566318900	4.62205194400	0.53094258290	2.20566318900	-1.26642807300	9.94971451700
2.26527570800	4.69538877900	0.52622497720	2.26527570800	-1.26882015700	9.95101053100
2.32488822700	4.77787225600	0.52922527780	2.32488822700	-1.27271159600	9.95087695600
2.38450074500	4.86279623800	0.52041894810	2.38450074500	-1.27194484400	9.95102729900
2.44411326400	4.94527545900	0.50451652050	2.44411326400	-1.27119475000	9.94998119600
2.50372578200	5.06343260200	0.49909200620	2.50372578200	-1.27038587000	9.95016006200
2.56333830100	5.09686189700	0.50323847240	2.56333830100	-1.27358740700	9.95082670500
2.62295082000	5.17724143800	0.49564954330	2.62295082000	-1.26935348300	9.95024370500
2.68256333800	5.25292339400	0.49427911410	2.68256333800	-1.27172243700	9.95099383600
2.74217585700	5.31172146400	0.49587824510	2.74217585700	-1.27479242700	9.95215348900
2.80178837600	5.36152691200	0.48710479170	2.80178837600	-1.28268017600	9.95351432300
2.86140089400	5.43878849100	0.47657341310	2.86140089400	-1.29301860300	9.95181658000
2.92101341300	5.46909570200	0.47166260280	2.92101341300	-1.30919100500	9.95429819300
2.98062593100	5.51673294900	0.47730724070	2.98062593100	-1.31516353300	9.95627953500
3.04023845000	5.58112753000	0.47129274330	3.04023845000	-1.33395455500	9.95927222400
3.09985096900	5.60829794400	0.47638126420	3.09985096900	-1.34609998800	9.96042689800
3.15946348700	5.62980215600	0.47477178240	3.15946348700	-1.36221492400	9.95939904400
3.21907600600	5.64740959500	0.47474619530	3.21907600600	-1.37319315400	9.95955799000
3.27868852500	5.77738347400	0.46917410120	3.27868852500	-1.38827115200	9.96087367600
3.33830104300	5.83915201700	0.45585924200	3.33830104300	-1.39304915400	9.96014313900
3.39791356200	5.91744305800	0.44550307370	3.39791356200	-1.39946114700	9.95950495600
3.45752608000	5.98262733500	0.43695198030	3.45752608000	-1.40188371400	9.96010175300
3.51713859900	6.07072223800	0.41439015490	3.51713859900	-1.40315567200	9.95923016700
3.57675111800	6.21706257200	0.39794416090	3.57675111800	-1.40400042600	9.95882617000
3.63636363600	6.25447338100	0.40031893920	3.63636363600	-1.40573168200	9.95868331400
3.69597615500	6.31859075200	0.38426073470	3.69597615500	-1.40838562000	9.95767923500
3.75558867400	6.47931665300	0.37177341290	3.75558867400	-1.40521890300	9.95852036700
3.81520119200	6.54607738900	0.36813272180	3.81520119200	-1.40760578200	9.95827996500
3.87481371100	6.60337325800	0.36852499960	3.87481371100	-1.40775581500	9.95842059100
3.93442623000	6.66503663000	0.36656806180	3.93442623000	-1.40572762500	9.95817954200
3.99403874800	6.75147415600	0.34248067440	3.99403874800	-1.40753866800	9.95851309400
4.05365126700	6.90986217300	0.32192972320	4.05365126700	-1.40656968000	9.95885883900
4.11326378500	7.02525875000	0.33257800850	4.11326378500	-1.40918289200	9.95939645100
4.17287630400	7.13539549300	0.32674038210	4.17287630400	-1.40516038600	9.95850268100
4.23248882300	7.19759154100	0.32438548980	4.23248882300	-1.40357129900	9.95782493100
4.29210134100	7.28618610300	0.32192077700	4.29210134100	-1.40676281100	9.95832529800
4.35171386000	7.37570040100	0.31018934690	4.35171386000	-1.40821033800	9.95871198500
4.41132637900	7.41002288500	0.30880093590	4.41132637900	-1.40698518700	9.95816882200
4.47093889700	7.43697697300	0.30884244110	4.47093889700	-1.40754265300	9.95776134100
4.53055141600	7.54762161300	0.29908554170	4.53055141600	-1.40704282700	9.95791018300
4.59016393400	7.58164789000	0.29652425240	4.59016393400	-1.40779821800	9.95714695400
4.64977645300	7.59379194900	0.29561265070	4.64977645300	-1.40516276800	9.95719776600
4.70938897200	7.65696974800	0.29504720400	4.70938897200	-1.40552035800	9.95738336500
4.76900149000	7.73670722100	0.28537961180	4.76900149000	-1.40633520600	9.95697351000
4.82861400900	7.74190541100	0.28228572270	4.82861400900	-1.40701032500	9.95735275100
4.88822652800	7.80328433600	0.27611186160	4.88822652800	-1.40868302100	9.95701301300
4.94783904600	7.89148671600	0.26784267800	4.94783904600	-1.40834415800	9.95650331300
5.00745156500	7.94142255700	0.26866414920	5.00745156500	-1.40950565500	9.95709392300
5.06706408300	7.96997516600	0.26689430550	5.06706408300	-1.41116606500	9.95655200800
5.12667660200	8.02856253100	0.25951648460	5.12667660200	-1.40785072800	9.95636518400
5.18628912100	8.05157609200	0.25216158690	5.18628912100	-1.40865312700	9.95643022600
5.24590163900	8.09490798000	0.25027632610	5.24590163900	-1.40947770500	9.95635981700
5.30551415800	8.15570793000	0.24791046490	5.30551415800	-1.41385395200	9.95718728700
5.36512667700	8.19286541100	0.24652104120	5.36512667700	-1.41267840700	9.95683496300
5.42473919500	8.25991189800	0.24620913870	5.42473919500	-1.41164674400	9.95692736900
5.48435171400	8.29811690200	0.24633991560	5.48435171400	-1.41815325700	9.95820604800
5.54396423200	8.38869255000	0.23372945570	5.54396423200	-1.41764897500	9.95809285700
5.60357675100	8.46201186800	0.23307054250	5.60357675100	-1.41545310200	9.95806106500
5.66318927000	8.55401090600	0.22107537890	5.66318927000	-1.41819888800	9.95818234400
5.72280178800	8.57282886400	0.21902994680	5.72280178800	-1.42373160800	9.95951645600
5.78241430700	8.60464441000	0.21608723560	5.78241430700	-1.43144857700	9.95966314100
5.84202682600	8.69978919800	0.20422699400	5.84202682600	-1.43244329000	9.96056460800
5.90163934400	8.81484274000	0.19177254730	5.90163934400	-1.43096404500	9.96102415400
5.96125186300	8.85481576400	0.18367057190	5.96125186300	-1.43348675500	9.96081592800
6.02086438200	8.85514995200	0.18656326050	6.02086438200	-1.44965766800	9.96053606800
6.08047690000	8.92940162600	0.18034749530	6.08047690000	-1.47565793200	9.96342826200
6.14008941900	9.01886187300	0.16795030000	6.14008941900	-1.49236882900	9.96574271800
6.19970193700	9.09704735000	0.16063144110	6.19970193700	-1.48980485600	9.96538482900
6.25931445600	9.10480790500	0.15918639810	6.25931445600	-1.50511834100	9.96705585600
6.31892697500	9.14662154100	0.15763615330	6.31892697500	-1.51458542700	9.96684732100
6.37853949300	9.28214886500	0.15021850580	6.37853949300	-1.52308696600	9.96780837200
6.43815201200	9.32171847300	0.14269764610	6.43815201200	-1.53176723900	9.97019325500
6.49776453100	9.40066431000	0.13450545360	6.49776453100	-1.53571866700	9.97072494000
6.55737704900	9.45311768200	0.12644970250	6.55737704900	-1.53929742800	9.97201836700
6.61698956800	9.49059679000	0.12702635800	6.61698956800	-1.53968170200	9.97189552200
6.67660208600	9.56348634500	0.12430681090	6.67660208600	-1.54170885000	9.97201357300
6.73621460500	9.64118410500	0.11608415520	6.73621460500	-1.54382634700	9.97198058500
6.79582712400	9.70522923100	0.10687633940	6.79582712400	-1.54623203700	9.97215898700
6.85543964200	9.80423482500	0.09646480842	6.85543964200	-1.54377633100	9.97174254700
6.91505216100	9.85623354200	0.08955689114	6.91505216100	-1.54713874200	9.97248566000
6.97466468000	9.89068106600	0.08795365443	6.97466468000	-1.55363273400	9.97332290000
7.03427719800	9.90784151600	0.08027314792	7.03427719800	-1.56322682900	9.97342668900
7.09388971700	9.97497891200	0.07325534277	7.09388971700	-1.56665639200	9.97465205000
7.15350223500	9.97382661600	0.06314273242	7.15350223500	-1.57601416900	9.97586989200
7.21311475400	9.97259289600	0.05307058596	7.21311475400	-1.58284818300	9.97418961600
7.27272727300	9.97016556300	0.06766868116	7.27272727300	-1.60427169600	9.97334071100
7.33233979100	10.07652547000	0.06685111577	7.33233979100	-1.61309387500	9.97546601600
7.39195231000	10.17739365000	0.05992082012	7.39195231000	-1.61457658000	9.97612385600
7.45156482900	10.22743009000	0.05135296535	7.45156482900	-1.61819625000	9.97640117900
7.51117734700	10.24460600000	0.05078919841	7.51117734700	-1.62549529600	9.97700684500
7.57078986600	10.28055794000	0.05037533806	7.57078986600	-1.63354656800	9.97810660200
7.63040238500	10.33543956000	0.05344983316	7.63040238500	-1.63434905200	9.97816520400
7.69001490300	10.41489869000	0.03892772717	7.69001490300	-1.63178478900	9.97817906400
7.74962742200	10.45992690000	0.03663744571	7.74962742200	-1.63316060200	9.97822394400
7.80923994000	10.52023162000	0.03010351016	7.80923994000	-1.63390945900	9.97857625700
7.86885245900	10.56676181000	0.02607759897	7.86885245900	-1.63456368600	9.97863974800
7.92846497800	10.63427273000	0.02865777277	7.92846497800	-1.63514580700	9.97853267600
7.98807749600	10.70310738000	0.02006934308	7.98807749600	-1.63437093000	9.97891748800
8.04769001500	10.81923516000	0.00763384560	8.04769001500	-1.63824270800	9.97905883700
8.10730253400	10.86504425000	-0.00103426898	8.10730253400	-1.63948536200	9.97881555300
8.16691505200	10.91923910000	-0.00479247408	8.16691505200	-1.64255302200	9.98003768700
8.22652757100	11.02559909000	-0.01790011559	8.22652757100	-1.64376666800	9.98042075500
8.28614008900	11.01939682000	-0.01227849942	8.28614008900	-1.65023731700	9.98003964800
8.34575260800	11.10834201000	-0.02992080355	8.34575260800	-1.65508669400	9.98138180500
8.40536512700	11.14551753000	-0.03469526943	8.40536512700	-1.66689001000	9.98033432000
8.46497764500	11.21508555000	-0.03629474764	8.46497764500	-1.66963773100	9.98054500000
8.52459016400	11.23771659000	-0.04122880848	8.52459016400	-1.68334534100	9.98280953000
8.58420268300	11.28049123000	-0.04117355788	8.58420268300	-1.68581364500	9.98275934400
8.64381520100	11.34705665000	-0.04479259239	8.64381520100	-1.68994856100	9.98359610800
8.70342772000	11.39499078000	-0.04780196180	8.70342772000	-1.68840889400	9.98415461100
8.76304023800	11.48462520000	-0.04617301438	8.76304023800	-1.69496123400	9.98429598500
8.82265275700	11.52257387000	-0.04525116671	8.82265275700	-1.69813799400	9.98471890800
8.88226527600	11.62899918000	-0.03895998409	8.88226527600	-1.70186404000	9.98599504900
8.94187779400	11.72122057000	-0.04075087223	8.94187779400	-1.70053542000	9.98596076400
9.00149031300	11.82441007000	-0.04880076881	9.00149031300	-1.70009759200	9.98625331000
9.06110283200	11.95421448000	-0.04375263109	9.06110283200	-1.69980372200	9.98758858900
9.12071535000	12.00289130000	-0.02477009966	9.12071535000	-1.70324734700	9.98777356400
9.18032786900	12.02762464000	-0.03515912765	9.18032786900	-1.70302854900	9.98728311600
9.23994038700	12.07337274000	-0.02330825564	9.23994038700	-1.70605090300	9.98859547700
9.29955290600	12.13369508000	-0.02986588115	9.29955290600	-1.70856811500	9.98838707500
9.35916542500	12.22170011000	-0.03540221743	9.35916542500	-1.71007314900	9.98879355900
9.41877794300	12.26196002000	-0.04485096425	9.41877794300	-1.71042699200	9.98889484800
9.47839046200	12.32825031000	-0.05041586439	9.47839046200	-1.71265604600	9.98930951800
9.53800298100	12.37522010000	-0.05596090880	9.53800298100	-1.71142594800	9.98855357600
9.59761549900	12.42939627000	-0.06474532228	9.59761549900	-1.71261329100	9.99049808500
9.65722801800	12.45907849000	-0.06557670068	9.65722801800	-1.71518543100	9.98949376300
9.71684053700	12.50466647000	-0.07074159460	9.71684053700	-1.72351875800	9.99333227700
9.77645305500	12.53574817000	-0.07995302500	9.77645305500	-1.72180031100	9.99112921800
9.83606557400	12.63035538000	-0.08067346984	9.83606557400	-1.72364472800	9.99109158700
9.89567809200	12.72207253000	-0.09161878536	9.89567809200	-1.72143167100	9.99054284400
9.95529061100	12.77256803000	-0.09241345018	9.95529061100	-1.72293495200	9.99045960500
10.01490313000	12.82108043000	-0.09441963549	10.01490313000	-1.71995770200	9.98936782700
10.07451565000	12.87720760000	-0.09791593967	10.07451565000	-1.71830641000	9.98973237500
10.13412817000	12.92863874000	-0.09610012136	10.13412817000	-1.71986511600	9.99097293700
10.19374069000	13.00251273000	-0.10088405180	10.19374069000	-1.71785574700	9.99011768600
10.25335320000	13.02492638000	-0.10486000220	10.25335320000	-1.72381162700	9.99029678500
10.31296572000	13.01422610000	-0.09941398237	10.31296572000	-1.73289248200	9.99235066600
10.37257824000	13.03425071000	-0.10316343320	10.37257824000	-1.74149968900	9.99074890200
10.43219076000	13.05458182000	-0.10906931320	10.43219076000	-1.76571434300	9.99255190200
10.49180328000	13.11031583000	-0.12193413730	10.49180328000	-1.76830440400	9.99277098000
10.55141580000	13.10580599000	-0.12185425170	10.55141580000	-1.79232532500	9.99412248700
10.61102832000	13.15098072000	-0.13140671540	10.61102832000	-1.79184473400	9.99380944600
10.67064083000	13.20854462000	-0.13201197050	10.67064083000	-1.80091772800	9.99459109000
10.73025335000	13.20115268000	-0.12774280450	10.73025335000	-1.80337707700	9.99488609200
10.78986587000	13.28867543000	-0.13500411230	10.78986587000	-1.80312984900	9.99480348100
10.84947839000	13.31686655000	-0.14114449200	10.84947839000	-1.80680405100	9.99562800700
10.90909091000	13.35850991000	-0.14938028400	10.90909091000	-1.80603612000	9.99547303300
10.96870343000	13.40850276000	-0.14768195550	10.96870343000	-1.80334482100	9.99495300700
11.02831595000	13.44968627000	-0.15433720730	11.02831595000	-1.80508378900	9.99546727800
11.08792846000	13.50545422000	-0.15645002070	11.08792846000	-1.80481385900	9.99519986700
11.14754098000	13.53271522000	-0.16489899400	11.14754098000	-1.80507310900	9.99576253200
11.20715350000	13.57411442000	-0.16669215720	11.20715350000	-1.80770201000	9.99706994200
11.26676602000	13.57123014000	-0.17491223970	11.26676602000	-1.80929027000	9.99600564500
11.32637854000	13.64368710000	-0.20512010630	11.32637854000	-1.81110804200	9.99358434600
11.38599106000	13.64983523000	-0.21960417020	11.38599106000	-1.81450452000	9.99337045300
11.44560358000	13.66810848000	-0.22578889390	11.44560358000	-1.82050357300	9.99388437300
11.50521610000	13.74534614000	-0.23138123120	11.50521610000	-1.82446581900	9.99514626800
11.56482861000	13.76598580000	-0.23464023250	11.56482861000	-1.82803330100	9.99499759700
11.62444113000	13.78724596000	-0.23311589740	11.62444113000	-1.82855210400	9.99609893500
11.68405365000	13.81093682000	-0.23697404950	11.68405365000	-1.82948954500	9.99540711100
11.74366617000	13.83658875000	-0.25392482380	11.74366617000	-1.82902245300	9.99454232100
11.80327869000	13.87652314000	-0.26302557900	11.80327869000	-1.83499289400	9.99586250800
11.86289121000	13.89198675000	-0.27115009540	11.86289121000	-1.83633870000	9.99612064900
11.92250373000	13.95256853000	-0.26333637820	11.92250373000	-1.83948273600	9.99729923500
11.98211624000	13.97879847000	-0.27067733810	11.98211624000	-1.83755042400	9.99750254400
12.04172876000	14.01670878000	-0.26939404920	12.04172876000	-1.84005312100	9.99846254300
12.10134128000	14.05940549000	-0.27769588300	12.10134128000	-1.84101428300	9.99927053600
12.16095380000	14.08630086000	-0.28358786450	12.16095380000	-1.84374126800	10.00125795000
12.22056632000	14.11127911000	-0.29557594240	12.22056632000	-1.84455461900	10.00176554000
12.28017884000	14.16627040000	-0.29588230960	12.28017884000	-1.84681468100	10.00245336000
12.33979136000	14.19204450000	-0.29734110270	12.33979136000	-1.84462706800	10.00427920000
12.39940387000	14.19507857000	-0.28157913120	12.39940387000	-1.85265968100	10.00724492000
12.45901639000	14.25295271000	-0.28207187390	12.45901639000	-1.85181190300	10.00883425000
12.51862891000	14.27828006000	-0.29522263700	12.51862891000	-1.85708933500	10.00878082000
12.57824143000	14.28613380000	-0.30955913830	12.57824143000	-1.85838937100	10.00902566000
12.63785395000	14.30450032000	-0.30511858060	12.63785395000	-1.85579009600	10.00669058000
12.69746647000	14.35489051000	-0.31623042020	12.69746647000	-1.85828044200	10.00827495000
12.75707899000	14.37747567000	-0.31179580270	12.75707899000	-1.85628870800	10.00784795000
12.81669151000	14.38062114000	-0.30968292620	12.81669151000	-1.85765227700	10.00710382000
12.87630402000	14.38489437000	-0.30097954780	12.87630402000	-1.86540820200	10.00882852000
12.93591654000	14.38385059000	-0.32672190670	12.93591654000	-1.86656202400	10.00704818000
12.99552906000	14.40608208000	-0.33658541680	12.99552906000	-1.86809597000	10.00786699000
13.05514158000	14.42884504000	-0.33353328130	13.05514158000	-1.87554732300	10.00668173000
13.11475410000	14.47878517000	-0.34563708240	13.11475410000	-1.88097324400	10.00722142000
13.17436662000	14.48693468000	-0.35809376940	13.17436662000	-1.88094551900	10.00622326000
13.23397914000	14.51161063000	-0.36929654510	13.23397914000	-1.88374108500	10.00614163000
13.29359165000	14.52599077000	-0.37851465930	13.29359165000	-1.89266756200	10.00442157000
13.35320417000	14.54548837000	-0.38913268950	13.35320417000	-1.90551115700	10.00446535000
13.41281669000	14.54909365000	-0.39304522400	13.41281669000	-1.93426374000	10.00721349000
13.47242921000	14.61510562000	-0.40567666200	13.47242921000	-1.94937484700	10.00875856000
13.53204173000	14.64330888000	-0.41108846500	13.53204173000	-1.96384421200	10.00644060000
13.59165425000	14.65382448000	-0.41622396240	13.59165425000	-1.97425841400	10.00861842000
13.65126677000	14.66508019000	-0.41492308510	13.65126677000	-1.98570418300	10.01021312000
13.71087928000	14.67761225000	-0.42284902660	13.71087928000	-1.98746527200	10.01077212000
13.77049180000	14.70095982000	-0.42013506140	13.77049180000	-1.98614549800	10.00923876000
13.83010432000	14.70948893000	-0.42336581800	13.83010432000	-1.99115961500	10.01011241000
13.88971684000	14.75056667000	-0.42168478250	13.88971684000	-1.99184911000	10.00812142000
13.94932936000	14.78353093000	-0.42209960350	13.94932936000	-1.99738652900	10.00743781000
14.00894188000	14.79447445000	-0.42598142620	14.00894188000	-2.00383446400	10.00793223000
14.06855440000	14.77954563000	-0.43104425910	14.06855440000	-2.01433377300	10.00712411000
14.12816692000	14.78944005000	-0.43988833090	14.12816692000	-2.02267470200	10.00847363000
14.18777943000	14.78060799000	-0.44145540850	14.18777943000	-2.03047702600	10.00952513000
14.24739195000	14.77939986000	-0.44102932210	14.24739195000	-2.05001077200	10.00892729000
14.30700447000	14.78098860000	-0.43438241110	14.30700447000	-2.08728124800	10.01307211000
14.36661699000	14.79426730000	-0.43275787050	14.36661699000	-2.10766302100	10.01725719000
14.42622951000	14.78459864000	-0.42993711170	14.42622951000	-2.13299159900	10.01910392000
14.48584203000	14.78760884000	-0.43125665220	14.48584203000	-2.15382943800	10.02165547000
14.54545455000	14.80362523000	-0.43101286400	14.54545455000	-2.16721778700	10.02971525000
14.60506706000	14.79824130000	-0.42944467320	14.60506706000	-2.19886438300	10.03175626000
14.66467958000	14.79348138000	-0.44197236410	14.66467958000	-2.22039623300	10.03319756000
14.72429210000	14.80800802000	-0.43612397600	14.72429210000	-2.23877857900	10.03484745000
14.78390462000	14.82460394000	-0.43094790930	14.78390462000	-2.24612867300	10.03970666000
14.84351714000	14.81614349000	-0.43103237080	14.84351714000	-2.26817234700	10.03671990000
14.90312966000	14.82166968000	-0.43048867810	14.90312966000	-2.29292296100	10.04025896000
14.96274218000	14.82016869000	-0.42884213180	14.96274218000	-2.30533882500	10.04431229000
15.02235469000	14.81682330000	-0.42977834750	15.02235469000	-2.32654637500	10.04817718000
15.08196721000	14.81545130000	-0.43123934610	15.08196721000	-2.34191164900	10.04294402000
15.14157973000	14.81041921000	-0.43098647110	15.14157973000	-2.37195272900	10.05038728000
15.20119225000	14.81122605000	-0.43018051980	15.20119225000	-2.38175395800	10.05369655000
15.26080477000	14.81085610000	-0.43238078040	15.26080477000	-2.41038721800	10.05673488000
15.32041729000	14.80999321000	-0.43417574210	15.32041729000	-2.44275640300	10.06598668000
15.38002981000	14.82941974000	-0.43057471020	15.38002981000	-2.46595194500	10.07336213000
15.43964232000	14.83301819000	-0.43164723510	15.43964232000	-2.49038272300	10.07467461000
15.49925484000	14.88533437000	-0.42682517930	15.49925484000	-2.50798268200	10.07748609000
15.55886736000	14.93319081000	-0.43524905420	15.55886736000	-2.51394339800	10.07950374000
15.61847988000	14.96560947000	-0.44135746090	15.61847988000	-2.51247828500	10.08328138000
15.67809240000	15.03030205000	-0.44007469790	15.67809240000	-2.52023916000	10.08610102000
15.73770492000	15.07134855000	-0.45249406950	15.73770492000	-2.52047058300	10.08298424000
15.79731744000	15.09083179000	-0.44955147680	15.79731744000	-2.52528752900	10.08040618000
15.85692996000	15.11396596000	-0.45200840730	15.85692996000	-2.52483198700	10.07860067000
15.91654247000	15.11715656000	-0.45744679440	15.91654247000	-2.53183618800	10.07910894000
15.97615499000	15.11756561000	-0.46015180680	15.97615499000	-2.53887037900	10.07722490000
16.03576751000	15.12095719000	-0.46041337170	16.03576751000	-2.54849183100	10.07905227000
16.09538003000	15.12178481000	-0.46265956780	16.09538003000	-2.54739788100	10.07511219000
16.15499255000	15.12600739000	-0.46678999120	16.15499255000	-2.55107689600	10.07449540000
16.21460507000	15.13371221000	-0.47499421710	16.21460507000	-2.54369669500	10.07267798000
16.27421759000	15.13307801000	-0.47392172740	16.27421759000	-2.54921153100	10.07204133000
16.33383010000	15.15199224000	-0.47352782110	16.33383010000	-2.54782334200	10.07010486000
16.39344262000	15.18839248000	-0.47132214350	16.39344262000	-2.54583815800	10.06909135000
16.45305514000	15.22202623000	-0.47325318760	16.45305514000	-2.55182905700	10.06775254000
16.51266766000	15.24407718000	-0.47451013930	16.51266766000	-2.54678275300	10.06625981000
16.57228018000	15.25501919000	-0.47289188890	16.57228018000	-2.54641773100	10.06565361000
16.63189270000	15.26101675000	-0.47436727420	16.63189270000	-2.54473871700	10.06492743000
16.69150522000	15.26040359000	-0.46894488310	16.69150522000	-2.54061080200	10.06434159000
16.75111773000	15.25735962000	-0.46904461680	16.75111773000	-2.54356435400	10.06434523000
16.81073025000	15.25729617000	-0.46846752660	16.81073025000	-2.54240484400	10.06323583000
16.87034277000	15.26255793000	-0.46264635940	16.87034277000	-2.55512916400	10.06751058000
16.92995529000	15.27155888000	-0.45816968730	16.92995529000	-2.55017036300	10.06733540000
16.98956781000	15.25913253000	-0.43979964550	16.98956781000	-2.59808900500	10.07232941000
17.04918033000	15.24162805000	-0.44306419170	17.04918033000	-2.61723057000	10.07110204000
17.10879285000	15.23101210000	-0.43149608790	17.10879285000	-2.62146995200	10.06975809000
17.16840537000	15.25954810000	-0.41961384920	17.16840537000	-2.62507511800	10.06945287000
17.22801788000	15.26016588000	-0.40672893310	17.22801788000	-2.62298845600	10.06826205000
17.28763040000	15.26286684000	-0.39950747980	17.28763040000	-2.62305568000	10.06877535000
17.34724292000	15.25728907000	-0.39803730500	17.34724292000	-2.62640872200	10.06804777000
17.40685544000	15.25788305000	-0.38328048580	17.40685544000	-2.63300522900	10.07005684000
17.46646796000	15.22344771000	-0.37300652650	17.46646796000	-2.65068778300	10.07105368000
17.52608048000	15.13860542000	-0.37438261100	17.52608048000	-2.65382289700	10.07287164000
17.58569300000	15.13321835000	-0.37459525020	17.58569300000	-2.66057465500	10.07291040000
17.64530551000	15.13534181000	-0.37151941210	17.64530551000	-2.65828956500	10.07192322000
17.70491803000	15.12425437000	-0.37078773710	17.70491803000	-2.66484326300	10.07289405000
17.76453055000	15.12068433000	-0.36661614310	17.76453055000	-2.66766645900	10.07298476000
17.82414307000	15.09516659000	-0.37537731450	17.82414307000	-2.66986330400	10.07318514000
17.88375559000	15.11316564000	-0.36720746770	17.88375559000	-2.67298727100	10.07291246000
17.94336811000	15.09169459000	-0.36517822690	17.94336811000	-2.67295075200	10.07334202000
18.00298063000	15.06984425000	-0.36372624840	18.00298063000	-2.67823261400	10.07255668000
18.06259314000	15.06953791000	-0.35574164780	18.06259314000	-2.67821722900	10.07323918000
18.12220566000	14.99462779000	-0.31505751310	18.12220566000	-2.68198513900	10.07486346000
18.18181818000	14.94466493000	-0.30928222740	18.18181818000	-2.68594451500	10.07458267000
18.24143070000	14.92237143000	-0.29316170250	18.24143070000	-2.68744122100	10.07377825000
18.30104322000	14.89548560000	-0.30028516550	18.30104322000	-2.69030830000	10.07217578000
18.36065574000	14.86200116000	-0.29598327330	18.36065574000	-2.69840404400	10.07309942000
18.42026826000	14.86905863000	-0.28811113350	18.42026826000	-2.69854960100	10.07378643000
18.47988077000	14.88465411000	-0.28304729450	18.47988077000	-2.70342953900	10.07240266000
18.53949329000	14.86990162000	-0.27624819210	18.53949329000	-2.70612249600	10.07068412000
18.59910581000	14.83813316000	-0.27908206500	18.59910581000	-2.70557765100	10.07026169000
18.65871833000	14.81438183000	-0.27432064780	18.65871833000	-2.70136906700	10.07032955000
18.71833085000	14.80497981000	-0.27473893720	18.71833085000	-2.69525134300	10.06927360000
18.77794337000	14.82411550000	-0.26381399630	18.77794337000	-2.69072698800	10.06786486000
18.83755589000	14.75485891000	-0.23071661560	18.83755589000	-2.69384936100	10.06870903000
18.89716841000	14.71601851000	-0.23309479150	18.89716841000	-2.68999756300	10.06834505000
18.95678092000	14.71755966000	-0.21445029190	18.95678092000	-2.69314254900	10.06865778000
19.01639344000	14.71029166000	-0.19956444530	19.01639344000	-2.69150219300	10.06902512000
19.07600596000	14.67495989000	-0.19604196650	19.07600596000	-2.69246897300	10.06880416000
19.13561848000	14.63855603000	-0.19054005050	19.13561848000	-2.69414767900	10.06880991000
19.19523100000	14.62388852000	-0.18943733610	19.19523100000	-2.69350556800	10.06814360000
19.25484352000	14.57153748000	-0.18551674750	19.25484352000	-2.69435720300	10.06765625000
19.31445604000	14.53498554000	-0.17955997510	19.31445604000	-2.70201633500	10.06863494000
19.37406855000	14.53908586000	-0.17182891320	19.37406855000	-2.69958100000	10.06776063000
19.43368107000	14.50990973000	-0.14648705550	19.43368107000	-2.69481739100	10.06581801000
19.49329359000	14.48569111000	-0.14075429150	19.49329359000	-2.69285654000	10.06472260000
19.55290611000	14.40772957000	-0.12913268800	19.55290611000	-2.70144109400	10.06310235000
19.61251863000	14.37961412000	-0.11025422760	19.61251863000	-2.69524961100	10.06061615000
19.67213115000	14.35920230000	-0.10560083200	19.67213115000	-2.69636843500	10.06255817000
19.73174367000	14.35172027000	-0.11403260050	19.73174367000	-2.70410429400	10.06460617000
19.79135618000	14.31578201000	-0.13731538590	19.79135618000	-2.70838147100	10.06525739000
19.85096870000	14.26648861000	-0.15509750610	19.85096870000	-2.73301538800	10.06843186000
19.91058122000	14.18303585000	-0.15004360030	19.91058122000	-2.74268876800	10.06871369000
19.97019374000	14.16871895000	-0.14207312250	19.97019374000	-2.73842647100	10.06866577000
20.02980626000	14.13967507000	-0.12632606520	20.02980626000	-2.72820595100	10.06700678000
20.08941878000	14.09395986000	-0.09073101567	20.08941878000	-2.73847886500	10.06887741000
20.14903130000	14.03856905000	-0.08551479283	20.14903130000	-2.74470339100	10.06804852000
20.20864382000	13.95790582000	-0.07752093870	20.20864382000	-2.76083749800	10.07085346000
20.26825633000	13.96646693000	-0.09866114290	20.26825633000	-2.76445954700	10.06940058000
20.32786885000	13.89000050000	-0.06798252894	20.32786885000	-2.76393430200	10.07044596000
20.38748137000	13.79719518000	-0.05128073800	20.38748137000	-2.77045363000	10.06999458000
20.44709389000	13.78015746000	-0.04255429225	20.44709389000	-2.77605095200	10.07013473000
20.50670641000	13.79147788000	-0.04228253613	20.50670641000	-2.77010888200	10.07011781000
20.56631893000	13.75210856000	-0.03259059069	20.56631893000	-2.76915878400	10.07046966000
20.62593145000	13.73236895000	-0.02794707051	20.62593145000	-2.77038451900	10.07066613000
20.68554396000	13.72067832000	-0.00922718724	20.68554396000	-2.76772273200	10.07076437000
20.74515648000	13.64841519000	-0.00897184929	20.74515648000	-2.77461679100	10.06953191000
20.80476900000	13.57036296000	-0.01228330311	20.80476900000	-2.77837692600	10.07254615000
20.86438152000	13.58455618000	0.00861278886	20.86438152000	-2.77827500800	10.07170014000
20.92399404000	13.54241343000	0.00495635881	20.92399404000	-2.77948548400	10.07232208000
20.98360656000	13.48881510000	0.02936098607	20.98360656000	-2.77407298400	10.07148695000
21.04321908000	13.42048594000	0.03797227147	21.04321908000	-2.77958643300	10.07217683000
21.10283159000	13.38866906000	0.05292443406	21.10283159000	-2.77895656200	10.07165270000
21.16244411000	13.36918868000	0.06292550171	21.16244411000	-2.77765450700	10.07090327000
21.22205663000	13.36450814000	0.07452755411	21.22205663000	-2.77939406900	10.07047936000
21.28166915000	13.31024051000	0.08717479158	21.28166915000	-2.78041767900	10.07048080000
21.34128167000	13.28656302000	0.08815087683	21.34128167000	-2.77416970300	10.06841065000
21.40089419000	13.29757745000	0.10375525520	21.40089419000	-2.77206791600	10.06365352000
21.46050671000	13.25263297000	0.12932977500	21.46050671000	-2.78158511100	10.06440459000
21.52011923000	13.17331339000	0.11506159220	21.52011923000	-2.78286354300	10.06647520000
21.57973174000	13.13767429000	0.11762890790	21.57973174000	-2.78366265400	10.06895741000
21.63934426000	13.11633549000	0.11831596790	21.63934426000	-2.79805878100	10.06856680000
21.69895678000	13.01976841000	0.12689280250	21.69895678000	-2.79300832200	10.06913668000
21.75856930000	13.01561935000	0.12381340830	21.75856930000	-2.80177150100	10.07020911000
21.81818182000	12.93385918000	0.12177813750	21.81818182000	-2.81320948500	10.07193745000
21.87779434000	12.80747305000	0.11977067070	21.87779434000	-2.81109543800	10.07362123000
21.93740686000	12.71969068000	0.12504231380	21.93740686000	-2.81789748000	10.07424257000
21.99701937000	12.66293126000	0.13438863390	21.99701937000	-2.82096820300	10.07513720000
22.05663189000	12.60659858000	0.14406271580	22.05663189000	-2.82596016900	10.07684669000
22.11624441000	12.57136841000	0.15137790510	22.11624441000	-2.83350979300	10.07740891000
22.17585693000	12.54354408000	0.15583125950	22.17585693000	-2.83954396100	10.07785884000
22.23546945000	12.46330148000	0.15439683590	22.23546945000	-2.85814924900	10.07909891000
22.29508197000	12.40906482000	0.16749954800	22.29508197000	-2.87638425600	10.07944779000
22.35469449000	12.37662024000	0.17489817670	22.35469449000	-2.88926924200	10.08070223000
22.41430700000	12.31526469000	0.18326835810	22.41430700000	-2.90150050700	10.08399965000
22.47391952000	12.21993676000	0.18782871610	22.47391952000	-2.91286819400	10.08616496000
22.53353204000	12.17671590000	0.19279910280	22.53353204000	-2.92353699400	10.08661573000
22.59314456000	12.08216435000	0.19909034550	22.59314456000	-2.94632299300	10.09139852000
22.65275708000	12.05515984000	0.20699170720	22.65275708000	-2.96093424200	10.09405191000
22.71236960000	12.05554706000	0.20268926010	22.71236960000	-2.97485970800	10.09415607000
22.77198212000	11.94926121000	0.21684432970	22.77198212000	-2.97708850800	10.09452038000
22.83159463000	11.92768589000	0.22224028470	22.83159463000	-2.97823916600	10.09369587000
22.89120715000	11.88670957000	0.22429717190	22.89120715000	-2.98325615500	10.09342931000
22.95081967000	11.80396760000	0.23130996920	22.95081967000	-2.98630428100	10.09299531000
