SOLendBEST			SOLext		
t	x	y	t	x	y
0.0000000000000	7.6642334100000	10.7737223900000	0.0000000000000	-8.627737039	13.66423328
0.0596125186300	7.6734116560000	10.7743211300000	0.05961251863	-8.629462735	13.66393714
0.1192250373000	7.6893643860000	10.7729631300000	0.1192250373	-8.632076909	13.66388688
0.1788375559000	7.7437906800000	10.7769581700000	0.1788375559	-8.632981291	13.66390922
0.2384500745000	7.7673522800000	10.7777765100000	0.2384500745	-8.635888859	13.6636567
0.2980625931000	7.7441582050000	10.7808642600000	0.2980625931	-8.642526078	13.663708
0.3576751118000	7.7399557620000	10.7810376100000	0.3576751118	-8.649154074	13.66372561
0.4172876304000	7.7248508500000	10.7831863000000	0.4172876304	-8.662215547	13.66353737
0.4769001490000	7.7177728900000	10.7822501400000	0.476900149	-8.683939111	13.66176912
0.5365126677000	7.7367971270000	10.7849541000000	0.5365126677	-8.716708748	13.66081382
0.5961251863000	7.7082011300000	10.7848562600000	0.5961251863	-8.741454286	13.65992194
0.6557377049000	7.7150636060000	10.7851032600000	0.6557377049	-8.779247495	13.66180257
0.7153502235000	7.7251060330000	10.7825426800000	0.7153502235	-8.795549868	13.66389304
0.7749627422000	7.7287699810000	10.7860608500000	0.7749627422	-8.819873839	13.66529604
0.8345752608000	7.7202963940000	10.7851515600000	0.8345752608	-8.866807372	13.66622941
0.8941877794000	7.7127266890000	10.7824080900000	0.8941877794	-8.898431475	13.66631048
0.9538002981000	7.6965836370000	10.7775631400000	0.9538002981	-8.942266151	13.66581118
1.0134128170000	7.6389282100000	10.7805822300000	1.013412817	-8.984827257	13.66657174
1.0730253350000	7.6821160440000	10.7760690700000	1.073025335	-9.024535429	13.66554638
1.1326378540000	7.6763924210000	10.7764221400000	1.132637854	-9.038624851	13.66465728
1.1922503730000	7.6706952130000	10.7798975200000	1.192250373	-9.043764188	13.66517868
1.2518628910000	7.6925393700000	10.7794674800000	1.251862891	-9.078105463	13.66421558
1.3114754100000	7.7080914700000	10.7852218200000	1.31147541	-9.097673811	13.66354341
1.3710879280000	7.6949662530000	10.7896606900000	1.371087928	-9.134723391	13.66407068
1.4307004470000	7.6788883120000	10.7911669800000	1.430700447	-9.17469317	13.66540788
1.4903129660000	7.6747556140000	10.7907988800000	1.490312966	-9.196418257	13.6657106
1.5499254840000	7.6665972640000	10.7999430800000	1.549925484	-9.222401581	13.6659462
1.6095380030000	7.6904580090000	10.7972225700000	1.609538003	-9.237294676	13.66685294
1.6691505220000	7.8228545870000	10.8153364400000	1.669150522	-9.248457077	13.6673321
1.7287630400000	7.8485216110000	10.8386111800000	1.72876304	-9.257111294	13.66667556
1.7883755590000	7.8909074460000	10.8407548600000	1.788375559	-9.261152409	13.66597121
1.8479880770000	7.9434606320000	10.8432917700000	1.847988077	-9.263401854	13.66530509
1.9076005960000	7.9893818690000	10.8385356200000	1.907600596	-9.256709078	13.66459945
1.9672131150000	8.0523062340000	10.8414220500000	1.967213115	-9.251680531	13.66428158
2.0268256330000	8.1036515410000	10.8418769700000	2.026825633	-9.249832184	13.66402866
2.0864381520000	8.2020839760000	10.8315864300000	2.086438152	-9.248278798	13.66369513
2.1460506710000	8.2608266700000	10.8153641900000	2.146050671	-9.244444344	13.66405319
2.2056631890000	8.2430835850000	10.7869119700000	2.205663189	-9.242522011	13.66398982
2.2652757080000	8.2517710690000	10.7766055900000	2.265275708	-9.244022329	13.66388472
2.3248882270000	8.2669916050000	10.7712322700000	2.324888227	-9.240809141	13.66378476
2.3845007450000	8.2922205600000	10.7658928900000	2.384500745	-9.240325576	13.66371463
2.4441132640000	8.2896193580000	10.7712428600000	2.444113264	-9.236987936	13.66378132
2.5037257820000	8.2641609780000	10.7733873500000	2.503725782	-9.236797393	13.66380045
2.5633383010000	8.2638362240000	10.7758530900000	2.563338301	-9.236648494	13.66387991
2.6229508200000	8.2696390030000	10.7710083000000	2.62295082	-9.24068465	13.66364002
2.6825633380000	8.2628014520000	10.7741403800000	2.682563338	-9.243549451	13.66367172
2.7421758570000	8.2634006240000	10.7744730700000	2.742175857	-9.24705121	13.66341516
2.8017883760000	8.2691341130000	10.7700949100000	2.801788376	-9.250841047	13.66348506
2.8614008940000	8.2714179360000	10.7737464400000	2.861400894	-9.252048603	13.6635587
2.9210134130000	8.2845624110000	10.7727651800000	2.921013413	-9.255428623	13.66394322
2.9806259310000	8.2706222860000	10.7697491900000	2.980625931	-9.261609603	13.66404633
3.0402384500000	8.2732978780000	10.7696941000000	3.04023845	-9.269532607	13.66468237
3.0998509690000	8.3503955920000	10.7728900500000	3.099850969	-9.302841276	13.66432822
3.1594634870000	8.3731644270000	10.7700279200000	3.159463487	-9.313468052	13.66452476
3.2190760060000	8.3957569590000	10.7722916800000	3.219076006	-9.319009081	13.66461823
3.2786885250000	8.4248629550000	10.7698304800000	3.278688525	-9.330026086	13.66459085
3.3383010430000	8.4158413080000	10.7731778700000	3.338301043	-9.33762254	13.66497537
3.3979135620000	8.4174982990000	10.7757479200000	3.397913562	-9.363037023	13.6641249
3.4575260800000	8.4222312370000	10.7761785600000	3.45752608	-9.397526921	13.6637133
3.5171385990000	8.4345295770000	10.7762685700000	3.517138599	-9.417460965	13.66366672
3.5767511180000	8.4232882000000	10.7760323400000	3.576751118	-9.456813804	13.66446224
3.6363636360000	8.4311184550000	10.7745544800000	3.636363636	-9.476254745	13.6651958
3.6959761550000	8.4454501910000	10.7757723800000	3.695976155	-9.498095413	13.66520176
3.7555886740000	8.4812134550000	10.7796618800000	3.755588674	-9.531534357	13.66518598
3.8152011920000	8.5152397710000	10.7808938600000	3.815201192	-9.548495503	13.66480028
3.8748137110000	8.5257193230000	10.7766430000000	3.874813711	-9.560942332	13.66422515
3.9344262300000	8.5251846920000	10.7771886600000	3.93442623	-9.584332579	13.66355483
3.9940387480000	8.5712023740000	10.7780253400000	3.994038748	-9.613040053	13.66374163
4.0536512670000	8.5709305850000	10.7766078600000	4.053651267	-9.629560339	13.66398705
4.1132637850000	8.5592091520000	10.7758376700000	4.113263785	-9.648930727	13.66432247
4.1728763040000	8.5582596670000	10.7756311900000	4.172876304	-9.68233707	13.66485145
4.2324888230000	8.5649172640000	10.7749063600000	4.232488823	-9.704725681	13.66499858
4.2921013410000	8.5654585010000	10.7761887300000	4.292101341	-9.72768988	13.66395082
4.3517138600000	8.5944932670000	10.7758575100000	4.35171386	-9.759091509	13.66315349
4.4113263790000	8.6085084310000	10.7794415800000	4.411326379	-9.778606752	13.66384482
4.4709388970000	8.6162495920000	10.7783125400000	4.470938897	-9.808807802	13.66421538
4.5305514160000	8.6461738050000	10.7764398100000	4.530551416	-9.839914236	13.66467451
4.5901639340000	8.6495711630000	10.7799795900000	4.590163934	-9.862249919	13.66525861
4.6497764530000	8.6446571210000	10.7794745500000	4.649776453	-9.879904708	13.66517806
4.7093889720000	8.6627661250000	10.7788386200000	4.709388972	-9.917705499	13.66474971
4.7690014900000	8.7249464520000	10.7788725800000	4.76900149	-9.92834229	13.66446391
4.8286140090000	8.7584956820000	10.7792657400000	4.828614009	-9.934509565	13.66425601
4.8882265280000	8.7857714150000	10.7772639200000	4.888226528	-9.967172266	13.66477145
4.9478390460000	8.8047830040000	10.7793973200000	4.947839046	-10.0002464	13.66497794
5.0074515650000	8.8120004930000	10.7807525000000	5.007451565	-10.01762462	13.66445571
5.0670640830000	8.8564523150000	10.7819191900000	5.067064083	-10.057441	13.66433413
5.1266766020000	8.8854194030000	10.7788272600000	5.126676602	-10.07985969	13.66484179
5.1862891210000	8.9273241700000	10.7794612900000	5.186289121	-10.08656803	13.66494389
5.2459016390000	8.9929717070000	10.7791210600000	5.245901639	-10.08498011	13.66454212
5.3055141580000	9.0325784510000	10.7782166600000	5.305514158	-10.09012912	13.66470292
5.3651266770000	9.0596060050000	10.7807824600000	5.365126677	-10.09118618	13.66448225
5.4247391950000	9.1038922980000	10.7799750800000	5.424739195	-10.13225548	13.66455855
5.4843517140000	9.1394777380000	10.7795807200000	5.484351714	-10.14372036	13.66431118
5.5439642320000	9.2019845920000	10.7773363200000	5.543964232	-10.15665813	13.6645357
5.6035767510000	9.2545019570000	10.7772203600000	5.603576751	-10.15645908	13.6646001
5.6631892700000	9.2840078930000	10.7762504500000	5.66318927	-10.15741069	13.6647947
5.7228017880000	9.3236779590000	10.7741221200000	5.722801788	-10.16020019	13.66474647
5.7824143070000	9.3509434410000	10.7787590600000	5.782414307	-10.16729349	13.66459635
5.8420268260000	9.3766323290000	10.7817146800000	5.842026826	-10.19837963	13.66443368
5.9016393440000	9.4336257810000	10.7813672300000	5.901639344	-10.21213474	13.66398104
5.9612518630000	9.4781545930000	10.7801396100000	5.961251863	-10.21634848	13.66391001
6.0208643820000	9.5253692860000	10.7809851500000	6.020864382	-10.21901489	13.66388608
6.0804769000000	9.5639246450000	10.7757826300000	6.0804769	-10.21942504	13.66377342
6.1400894190000	9.6280051670000	10.7761112900000	6.140089419	-10.21875538	13.66358809
6.1997019370000	9.6686827260000	10.7784207400000	6.199701937	-10.21632005	13.66348303
6.2593144560000	9.7066173940000	10.7780910800000	6.259314456	-10.21415248	13.6634974
6.3189269750000	9.7174173450000	10.7786566200000	6.318926975	-10.21654969	13.66319036
6.3785394930000	9.7228421500000	10.7780408600000	6.378539493	-10.21988734	13.6633338
6.4381520120000	9.7306701390000	10.7791960500000	6.438152012	-10.22194608	13.66308635
6.4977645310000	9.7686480010000	10.7786114700000	6.497764531	-10.22890546	13.66331842
6.5573770490000	9.7707187040000	10.7779321100000	6.557377049	-10.23764118	13.6634764
6.6169895680000	9.8012852920000	10.7773938400000	6.616989568	-10.24168234	13.66386866
6.6766020860000	9.8083346400000	10.7782783200000	6.676602086	-10.27846714	13.66404276
6.7362146050000	9.8488756420000	10.7773909800000	6.736214605	-10.29263199	13.66413837
6.7958271240000	9.8575470780000	10.7737483300000	6.795827124	-10.29596267	13.66433458
6.8554396420000	9.8530262170000	10.7747043800000	6.855439642	-10.30805322	13.66455712
6.9150521610000	9.8525251190000	10.7699973900000	6.915052161	-10.31508785	13.66439289
6.9746646800000	9.8595194130000	10.7765847600000	6.97466468	-10.32715158	13.66396435
7.0342771980000	9.8620281020000	10.7776639000000	7.034277198	-10.35379816	13.66416232
7.0938897170000	9.8665812730000	10.7772675200000	7.093889717	-10.3670091	13.66431796
7.1535022350000	9.8721334360000	10.7743709700000	7.153502235	-10.37483211	13.66456592
7.2131147540000	9.9133839520000	10.7775960800000	7.213114754	-10.39136501	13.66482115
7.2727272730000	9.9274020350000	10.7763903200000	7.272727273	-10.42248626	13.66469155
7.3323397910000	9.9612309990000	10.7766945000000	7.332339791	-10.43801931	13.66431315
7.3919523100000	9.9983579580000	10.7793082600000	7.39195231	-10.44438846	13.66467339
7.4515648290000	10.0319682200000	10.7796671900000	7.451564829	-10.44323994	13.66490272
7.5111773470000	10.1087782900000	10.7767153800000	7.511177347	-10.44695496	13.66461644
7.5707898660000	10.1266227000000	10.7766387700000	7.570789866	-10.44635698	13.66420424
7.6304023850000	10.1373608200000	10.7742784800000	7.630402385	-10.44669301	13.66428331
7.6900149030000	10.1662980300000	10.7767806800000	7.690014903	-10.446756	13.66438355
7.7496274220000	10.1850629900000	10.7795166700000	7.749627422	-10.44612619	13.66434056
7.8092399400000	10.2212052500000	10.7790151300000	7.80923994	-10.44798585	13.66440509
7.8688524590000	10.2698050800000	10.7842562100000	7.868852459	-10.44901482	13.66444435
7.9284649780000	10.3068746600000	10.7790486500000	7.928464978	-10.44910357	13.66478412
7.9880774960000	10.3604520000000	10.7765316300000	7.988077496	-10.44585256	13.66467712
8.0476900150000	10.4084124800000	10.7742043400000	8.047690015	-10.44148051	13.66492459
8.1073025340000	10.4242119600000	10.7752424100000	8.107302534	-10.4419252	13.66467053
8.1669150520000	10.4661398900000	10.7749515000000	8.166915052	-10.44172148	13.66491851
8.2265275710000	10.4995245500000	10.7779572300000	8.226527571	-10.44064428	13.66485598
8.2861400890000	10.5458738100000	10.7718497900000	8.286140089	-10.43883492	13.66478774
8.3457526080000	10.5966165400000	10.7726598400000	8.345752608	-10.43714541	13.66474117
8.4053651270000	10.6532323400000	10.7736301700000	8.405365127	-10.43649698	13.66482525
8.4649776450000	10.6787485400000	10.7717235400000	8.464977645	-10.43655641	13.66468735
8.5245901640000	10.6874005500000	10.7708100500000	8.524590164	-10.43672685	13.66461147
8.5842026830000	10.6856211400000	10.7730422600000	8.584202683	-10.43705983	13.66474398
8.6438152010000	10.6860074500000	10.7725150600000	8.643815201	-10.43757264	13.66462872
8.7034277200000	10.7776304700000	10.7734736300000	8.70342772	-10.43571351	13.66474486
8.7630402380000	10.8030214200000	10.7703979800000	8.763040238	-10.43583101	13.66466218
8.8226527570000	10.8166940900000	10.7697163100000	8.822652757	-10.43788765	13.66490885
8.8822652760000	10.8233133800000	10.7709242100000	8.882265276	-10.44028183	13.66478012
8.9418777940000	10.8343234400000	10.7706552600000	8.941877794	-10.44095149	13.66453431
9.0014903130000	10.8425377800000	10.7713533000000	9.001490313	-10.44172775	13.66479291
9.0611028320000	10.8379623900000	10.7728316000000	9.061102832	-10.44516127	13.66484801
9.1207153500000	10.8330879100000	10.7721265000000	9.12071535	-10.44523459	13.66492492
9.1803278690000	10.8540929500000	10.7745954900000	9.180327869	-10.44490946	13.66469406
9.2399403870000	10.8870329800000	10.7760456900000	9.239940387	-10.4452845	13.66479181
9.2995529060000	10.8982771000000	10.7743234600000	9.299552906	-10.4447369	13.66475462
9.3591654250000	10.9211812400000	10.7716410900000	9.359165425	-10.44563074	13.66453874
9.4187779430000	10.9458782500000	10.7742199100000	9.418777943	-10.44304574	13.66457214
9.4783904620000	10.9829131600000	10.7723421500000	9.478390462	-10.44552189	13.6649863
9.5380029810000	10.9938936100000	10.7730525000000	9.538002981	-10.4413604	13.66492418
9.5976154990000	11.0315516800000	10.7759031200000	9.597615499	-10.43972256	13.66472401
9.6572280180000	11.0707724100000	10.7737408600000	9.657228018	-10.4390828	13.66473422
9.7168405370000	11.0805409400000	10.7765717100000	9.716840537	-10.43759278	13.66486654
9.7764530550000	11.1037874000000	10.7751502500000	9.776453055	-10.43835395	13.66464467
9.8360655740000	11.1187302200000	10.7726732400000	9.836065574	-10.43904224	13.66451238
9.8956780920000	11.1204130500000	10.7732720400000	9.895678092	-10.44071844	13.6644486
9.9552906110000	11.1231557800000	10.7717959100000	9.955290611	-10.44166456	13.66426493
10.0149031300000	11.1383953200000	10.7704481400000	10.01490313	-10.4429392	13.66438807
10.0745156500000	11.1668134000000	10.7746247200000	10.07451565	-10.44279938	13.66448477
10.1341281700000	11.2038485900000	10.7722736100000	10.13412817	-10.44377229	13.66426631
10.1937406900000	11.2470620200000	10.7760710900000	10.19374069	-10.44167973	13.66427674
10.2533532000000	11.2853501100000	10.7724267900000	10.2533532	-10.43975531	13.66433802
10.3129657200000	11.3069772500000	10.7749041100000	10.31296572	-10.44036318	13.66448272
10.3725782400000	11.3478403200000	10.7750329400000	10.37257824	-10.43708585	13.66429263
10.4321907600000	11.4045134600000	10.7773999800000	10.43219076	-10.43640175	13.66428979
10.4918032800000	11.4143154200000	10.7749382300000	10.49180328	-10.43395461	13.66437112
10.5514158000000	11.4282736000000	10.7723513700000	10.5514158	-10.43297396	13.66425177
10.6110283200000	11.4432315400000	10.7692370500000	10.61102832	-10.43259775	13.66409104
10.6706408300000	11.4338627300000	10.7713742000000	10.67064083	-10.43570466	13.66436462
10.7302533500000	11.4354347300000	10.7701097800000	10.73025335	-10.43528132	13.66429786
10.7898658700000	11.4434359900000	10.7692087500000	10.78986587	-10.43475546	13.66442279
10.8494783900000	11.4466709800000	10.7705729300000	10.84947839	-10.43533134	13.66462437
10.9090909100000	11.4585370700000	10.7697201100000	10.90909091	-10.43507813	13.66470279
10.9687034300000	11.5021373800000	10.7677018000000	10.96870343	-10.43524949	13.66431227
11.0283159500000	11.5339943400000	10.7691184500000	11.02831595	-10.43479248	13.66424292
11.0879284600000	11.5536231300000	10.7730208500000	11.08792846	-10.43553302	13.66457033
11.1475409800000	11.5638850500000	10.7726755200000	11.14754098	-10.43529125	13.66450624
11.2071535000000	11.5633206000000	10.7721088900000	11.2071535	-10.43679994	13.66436557
11.2667660200000	11.5665538100000	10.7722028600000	11.26676602	-10.43591617	13.66451981
11.3263785400000	11.5621744900000	10.7712372400000	11.32637854	-10.43618537	13.66466815
11.3859910600000	11.5551318300000	10.7727306300000	11.38599106	-10.43545296	13.66463053
11.4456035800000	11.5731071200000	10.7729247300000	11.44560358	-10.43550806	13.6645041
11.5052161000000	11.5752185000000	10.7740454900000	11.5052161	-10.43604228	13.66432297
11.5648286100000	11.5823436600000	10.7732284900000	11.56482861	-10.43418373	13.66457642
11.6244411300000	11.5801459800000	10.7718916200000	11.62444113	-10.4362255	13.66456704
11.6840536500000	11.5759820000000	10.7717934600000	11.68405365	-10.43449302	13.66429383
11.7436661700000	11.5733183500000	10.7738289600000	11.74366617	-10.43254674	13.66387186
11.8032786900000	11.5782032800000	10.7739238300000	11.80327869	-10.43236152	13.66397925
11.8628912100000	11.5761697200000	10.7732698800000	11.86289121	-10.43150105	13.6638041
11.9225037300000	11.5838354700000	10.7720239200000	11.92250373	-10.43076442	13.6640168
11.9821162400000	11.5781005200000	10.7716981400000	11.98211624	-10.43073566	13.66404952
12.0417287600000	11.5692649900000	10.7719616400000	12.04172876	-10.43093692	13.66427762
12.1013412800000	11.5691157400000	10.7727304600000	12.10134128	-10.42984392	13.66424015
12.1609538000000	11.5660822400000	10.7727125300000	12.1609538	-10.43056396	13.66412316
12.2205663200000	11.5655875700000	10.7733300500000	12.22056632	-10.43018757	13.6642083
12.2801788400000	11.5595271300000	10.7731861100000	12.28017884	-10.42970364	13.6642349
12.3397913600000	11.5626378300000	10.7733824000000	12.33979136	-10.42978712	13.66428224
12.3994038700000	11.5602505100000	10.7736857100000	12.39940387	-10.43014039	13.66424416
12.4590163900000	11.5623486400000	10.7731831200000	12.45901639	-10.4300366	13.66410748
12.5186289100000	11.5621173900000	10.7735352900000	12.51862891	-10.4310693	13.66428623
12.5782414300000	11.5614305800000	10.7737962900000	12.57824143	-10.42948855	13.66411975
12.6378539500000	11.5610553800000	10.7740596500000	12.63785395	-10.42987376	13.66428376
12.6974664700000	11.5621995100000	10.7734062900000	12.69746647	-10.42893809	13.66398925
12.7570789900000	11.5608506600000	10.7734553100000	12.75707899	-10.42993098	13.66411566
12.8166915100000	11.5541890000000	10.7748241000000	12.81669151	-10.43032681	13.6641256
12.8763040200000	11.5558384500000	10.7740485600000	12.87630402	-10.43003521	13.66409293
12.9359165400000	11.5557579100000	10.7740129600000	12.93591654	-10.43155372	13.6643355
12.9955290600000	11.5540545500000	10.7740881100000	12.99552906	-10.43018776	13.66432226
13.0551415800000	11.5493465600000	10.7747813300000	13.05514158	-10.43013826	13.66431117
13.1147541000000	11.5423149700000	10.7757834700000	13.1147541	-10.43051016	13.66421377
13.1743666200000	11.5482425100000	10.7756654000000	13.17436662	-10.42986602	13.66430479
13.2339791400000	11.5438724900000	10.7755350500000	13.23397914	-10.42987227	13.66413384
13.2935916500000	11.5355465800000	10.7768635100000	13.29359165	-10.43059818	13.66416944
13.3532041700000	11.5179043300000	10.7747025700000	13.35320417	-10.42997185	13.66408875
13.4128166900000	11.4765862200000	10.7744290800000	13.41281669	-10.43024736	13.66405249
13.4724292100000	11.4626385000000	10.7743299200000	13.47242921	-10.42963089	13.66409249
13.5320417300000	11.4429022200000	10.7726168900000	13.53204173	-10.42907303	13.66403442
13.5916542500000	11.3949310900000	10.7739173200000	13.59165425	-10.42949233	13.66407365
13.6512667700000	11.3808151300000	10.7748057800000	13.65126677	-10.42875658	13.66406602
13.7108792800000	11.3822568900000	10.7749531400000	13.71087928	-10.42873376	13.66400731
13.7704918000000	11.3789068600000	10.7748322400000	13.7704918	-10.42844886	13.66407004
13.8301043200000	11.3516559800000	10.7710418800000	13.83010432	-10.42884965	13.66398766
13.8897168400000	11.3239523800000	10.7710591700000	13.88971684	-10.43005383	13.66420408
13.9493293600000	11.3153186000000	10.7723407300000	13.94932936	-10.4289794	13.66389837
14.0089418800000	11.2990282700000	10.7713591000000	14.00894188	-10.42826012	13.66402249
14.0685544000000	11.2651539000000	10.7723986200000	14.0685544	-10.4288434	13.66405342
14.1281669200000	11.2643470900000	10.7727961200000	14.12816692	-10.42907403	13.66378678
14.1877794300000	11.2271674400000	10.7719941400000	14.18777943	-10.4298757	13.66400725
14.2473919500000	11.2045539700000	10.7681334400000	14.24739195	-10.42942134	13.6640388
14.3070044700000	11.1719104100000	10.7714048900000	14.30700447	-10.42934386	13.66396038
14.3666169900000	11.1724630600000	10.7725786800000	14.36661699	-10.4283009	13.66403853
14.4262295100000	11.1377241000000	10.7710734700000	14.42622951	-10.42917557	13.66382428
14.4858420300000	11.1281567000000	10.7694273100000	14.48584203	-10.42953573	13.66385046
14.5454545500000	11.0845447000000	10.7707923500000	14.54545455	-10.42862444	13.66387575
14.6050670600000	11.0843132600000	10.7729690100000	14.60506706	-10.42884218	13.66386274
14.6646795800000	11.0522292500000	10.7714710700000	14.66467958	-10.42878117	13.66419813
14.7242921000000	10.9821931400000	10.7680568900000	14.7242921	-10.42973124	13.66379773
14.7839046200000	10.9899670700000	10.7709299900000	14.78390462	-10.42861629	13.66398997
14.8435171400000	10.9693634400000	10.7710345800000	14.84351714	-10.42824468	13.6638565
14.9031296600000	10.9540746400000	10.7690969000000	14.90312966	-10.42922603	13.66388753
14.9627421800000	10.9410283900000	10.7716991100000	14.96274218	-10.42861269	13.66389153
15.0223546900000	10.9329929100000	10.7730479900000	15.02235469	-10.42845825	13.66379584
15.0819672100000	10.9168820600000	10.7705641700000	15.08196721	-10.42849138	13.66378855
15.1415797300000	10.8935328900000	10.7717396300000	15.14157973	-10.4289653	13.6637424
15.2011922500000	10.8415360500000	10.7701684100000	15.20119225	-10.42808865	13.66370653
15.2608047700000	10.8018743000000	10.7729552300000	15.26080477	-10.42878214	13.6636177
15.3204172900000	10.8109440500000	10.7753439600000	15.32041729	-10.4289776	13.66377459
15.3800298100000	10.8103278500000	10.7745162800000	15.38002981	-10.42817262	13.66360944
15.4396423200000	10.7991389900000	10.7745699900000	15.43964232	-10.42861966	13.66384112
15.4992548400000	10.8065078800000	10.7772909100000	15.49925484	-10.42821196	13.66373213
15.5588673600000	10.8022852200000	10.7781805000000	15.55886736	-10.42765798	13.66382868
15.6184798800000	10.7873398800000	10.7784829600000	15.61847988	-10.4274319	13.66381387
15.6780924000000	10.7925230500000	10.7771837100000	15.6780924	-10.42798116	13.66381396
15.7377049200000	10.7595164100000	10.7756488900000	15.73770492	-10.42765178	13.66373651
15.7973174400000	10.7428105400000	10.7775856900000	15.79731744	-10.42773468	13.66383441
15.8569299600000	10.7369715900000	10.7797661500000	15.85692996	-10.42736517	13.66363124
15.9165424700000	10.6977761800000	10.7773204200000	15.91654247	-10.42828486	13.66376433
15.9761549900000	10.6852209700000	10.7765047100000	15.97615499	-10.42871622	13.66386644
16.0357675100000	10.6486377200000	10.7752361600000	16.03576751	-10.42872127	13.66383775
16.0953800300000	10.6281891500000	10.7792816800000	16.09538003	-10.42799123	13.66381668
16.1549925500000	10.6373242800000	10.7807828400000	16.15499255	-10.42734531	13.66347873
16.2146050700000	10.6328984600000	10.7786987200000	16.21460507	-10.42702399	13.66349951
16.2742175900000	10.6147014200000	10.7779623500000	16.27421759	-10.42643188	13.66364537
16.3338301000000	10.5628143800000	10.7816824400000	16.3338301	-10.42704072	13.66382996
16.3934426200000	10.5126781500000	10.7788961700000	16.39344262	-10.42707285	13.66377948
16.4530551400000	10.5105846200000	10.7763645000000	16.45305514	-10.4272219	13.66366486
16.5126676600000	10.4953731500000	10.7765147600000	16.51266766	-10.42795877	13.66382529
16.5722801800000	10.4905122100000	10.7754094600000	16.57228018	-10.42716626	13.66380959
16.6318927000000	10.4760029500000	10.7780373600000	16.6318927	-10.42692908	13.66377576
16.6915052200000	10.3790825000000	10.7777153100000	16.69150522	-10.42817944	13.66377003
16.7511177300000	10.3379362900000	10.7783982900000	16.75111773	-10.42642701	13.66387994
16.8107302500000	10.2290141800000	10.7774761900000	16.81073025	-10.4278429	13.6638961
16.8703427700000	10.1701168000000	10.7781966600000	16.87034277	-10.42735998	13.66369615
16.9299552900000	10.1066716200000	10.7800767200000	16.92995529	-10.42777048	13.66385687
16.9895678100000	10.0032022800000	10.7791113400000	16.98956781	-10.42751451	13.66373359
17.0491803300000	9.9178301720000	10.7780300800000	17.04918033	-10.42830614	13.66378697
17.1087928500000	9.8472955730000	10.7747538600000	17.10879285	-10.42865531	13.66385979
17.1684053700000	9.8253258620000	10.7766520000000	17.16840537	-10.42835311	13.6638163
17.2280178800000	9.7148700150000	10.7768427800000	17.22801788	-10.42887788	13.66361931
17.2876304000000	9.5838053940000	10.7760597500000	17.2876304	-10.42868392	13.66368166
17.3472429200000	9.5479007390000	10.7725075200000	17.34724292	-10.42831008	13.66379655
17.4068554400000	9.5212915140000	10.7757104500000	17.40685544	-10.42861833	13.66370422
17.4664679600000	9.4980355740000	10.7757081400000	17.46646796	-10.4279587	13.66372337
17.5260804800000	9.4664762610000	10.7743794100000	17.52608048	-10.42813755	13.66361345
17.5856930000000	9.4841202350000	10.7784159100000	17.585693	-10.42748355	13.66372725
17.6453055100000	9.4715378240000	10.7779051700000	17.64530551	-10.42773925	13.6637498
17.7049180300000	9.4195375750000	10.7746818400000	17.70491803	-10.42815993	13.66370653
17.7645305500000	9.3203749620000	10.7705707900000	17.76453055	-10.42779748	13.66373435
17.8241430700000	9.3567031850000	10.7766622500000	17.82414307	-10.42730215	13.66369331
17.8837555900000	9.3115196710000	10.7759323200000	17.88375559	-10.42740856	13.66380733
17.9433681100000	9.2843831430000	10.7766694600000	17.94336811	-10.42762356	13.66385221
18.0029806300000	9.2193295600000	10.7776133300000	18.00298063	-10.42804186	13.6637741
18.0625931400000	9.1710046980000	10.7761597200000	18.06259314	-10.42853957	13.66379351
18.1222056600000	9.1162528990000	10.7709633100000	18.12220566	-10.42760109	13.6638977
18.1818181800000	9.0977307430000	10.7717544900000	18.18181818	-10.42739975	13.66392246
18.2414307000000	9.1002058860000	10.7715357800000	18.2414307	-10.42760133	13.66393591
18.3010432200000	9.0813228400000	10.7700407500000	18.30104322	-10.42745729	13.66392685
18.3606557400000	9.0795696700000	10.7718050400000	18.36065574	-10.42827874	13.66373633
18.4202682600000	9.0845526070000	10.7711935000000	18.42026826	-10.42733951	13.66391001
18.4798807700000	9.0731038010000	10.7731834000000	18.47988077	-10.4266413	13.66384539
18.5394932900000	9.0413570200000	10.7707505900000	18.53949329	-10.42682416	13.66379858
18.5991058100000	9.0016026280000	10.7705169600000	18.59910581	-10.42743881	13.66392338
18.6587183300000	8.9884600470000	10.7706919800000	18.65871833	-10.42677454	13.66375226
18.7183308500000	8.9892326540000	10.7721916600000	18.71833085	-10.42678065	13.66388741
18.7779433700000	8.9475811430000	10.7694878100000	18.77794337	-10.42694903	13.66389158
18.8375558900000	8.9102791340000	10.7736392900000	18.83755589	-10.42698071	13.66393441
18.8971684100000	8.8252188910000	10.7750840900000	18.89716841	-10.42661339	13.66381434
18.9567809200000	8.8339102720000	10.7757792700000	18.95678092	-10.4266533	13.66386882
19.0163934400000	8.8520819890000	10.7771635300000	19.01639344	-10.42662243	13.66397401
19.0760059600000	8.8516859580000	10.7800771500000	19.07600596	-10.42620753	13.66390196
19.1356184800000	8.8500130360000	10.7814799600000	19.13561848	-10.42589864	13.66387525
19.1952310000000	8.7677506510000	10.7758236000000	19.195231	-10.42611864	13.66395275
19.2548435200000	8.7182458510000	10.7718249400000	19.25484352	-10.42626747	13.66384566
19.3144560400000	8.7677018370000	10.7780561900000	19.31445604	-10.42531598	13.66390319
19.3740685500000	8.7084310900000	10.7767874200000	19.37406855	-10.42660583	13.66403752
19.4336810700000	8.6550166790000	10.7763483100000	19.43368107	-10.42638352	13.66402197
19.4932935900000	8.6221149260000	10.7741336100000	19.49329359	-10.42699895	13.66392522
19.5529061100000	8.5935709920000	10.7698407300000	19.55290611	-10.42714669	13.663989
19.6125186300000	8.5485345900000	10.7699404500000	19.61251863	-10.42718571	13.66395651
19.6721311500000	8.5536411280000	10.7725049200000	19.67213115	-10.42649623	13.66402893
19.7317436700000	8.5484522660000	10.7726413400000	19.73174367	-10.42687101	13.66398939
19.7913561800000	8.5502233210000	10.7730786500000	19.79135618	-10.42619641	13.66399586
19.8509687000000	8.5313025560000	10.7725686900000	19.8509687	-10.42641789	13.66405142
19.9105812200000	8.4224596950000	10.7723522900000	19.91058122	-10.42717832	13.66397203
19.9701937400000	8.3957925440000	10.7745012800000	19.97019374	-10.42598994	13.66398223
20.0298062600000	8.3923434000000	10.7726600700000	20.02980626	-10.42654758	13.66398256
20.0894187800000	8.3495798200000	10.7687505600000	20.08941878	-10.4266625	13.66405207
20.1490313000000	8.2733864640000	10.7683055300000	20.1490313	-10.42720801	13.66412355
20.2086438200000	8.2708268450000	10.7724008700000	20.20864382	-10.42694443	13.66413574
20.2682563300000	8.1953036790000	10.7725814400000	20.26825633	-10.42655081	13.66398078
20.3278688500000	8.1559228360000	10.7738442400000	20.32786885	-10.4264614	13.66410058
20.3874813700000	8.1777225960000	10.7738024400000	20.38748137	-10.42539883	13.66399607
20.4470938900000	8.1559461920000	10.7753379900000	20.44709389	-10.42512301	13.66394431
20.5067064100000	8.1588785520000	10.7755116400000	20.50670641	-10.42535264	13.66398921
20.5663189300000	8.0871774560000	10.7745660700000	20.56631893	-10.42572777	13.66401446
20.6259314500000	8.0795435000000	10.7793659000000	20.62593145	-10.4255606	13.66414479
20.6855439600000	8.0526006810000	10.7781814000000	20.68554396	-10.42494103	13.66407024
20.7451564800000	8.0169075390000	10.7721310100000	20.74515648	-10.42602719	13.66390219
20.8047690000000	7.9853923160000	10.7709482700000	20.804769	-10.42612578	13.66407605
20.8643815200000	7.8431212250000	10.7626369700000	20.86438152	-10.4265635	13.66401368
20.9239940400000	7.7472191840000	10.7671392300000	20.92399404	-10.42679051	13.66394269
20.9836065600000	7.7268222880000	10.7715413700000	20.98360656	-10.42616825	13.66393723
21.0432190800000	7.7433184250000	10.7737066600000	21.04321908	-10.42561122	13.66378776
21.1028315900000	7.6646577860000	10.7771485800000	21.10283159	-10.42658905	13.66404054
21.1624441100000	7.6189392220000	10.7722357200000	21.16244411	-10.42697624	13.66391814
21.2220566300000	7.6578582330000	10.7699921400000	21.22205663	-10.42588786	13.66388213
21.2816691500000	7.6297096550000	10.7710681900000	21.28166915	-10.42571783	13.66382818
21.3412816700000	7.5865892940000	10.7675966300000	21.34128167	-10.42548328	13.66394257
21.4008941900000	7.5525227300000	10.7717769800000	21.40089419	-10.42495538	13.66394873
21.4605067100000	7.5020147260000	10.7705984300000	21.46050671	-10.42558412	13.66390365
21.5201192300000	7.4788837330000	10.7704840700000	21.52011923	-10.4249603	13.66392974
21.5797317400000	7.4922295020000	10.7776641800000	21.57973174	-10.42390167	13.66401861
21.6393442600000	7.4350945040000	10.7771860500000	21.63934426	-10.42407215	13.66407202
21.6989567800000	7.3934332190000	10.7706511700000	21.69895678	-10.42593844	13.6641298
21.7585693000000	7.3161730990000	10.7661864200000	21.7585693	-10.42554602	13.66385887
21.8181818200000	7.3030862190000	10.7616658600000	21.81818182	-10.42647729	13.66387205
21.8777943400000	7.2395823890000	10.7483203700000	21.87779434	-10.42595706	13.66386571
21.9374068600000	7.1559545360000	10.7576162900000	21.93740686	-10.42692407	13.66400805
21.9970193700000	7.1114820890000	10.7657867200000	21.99701937	-10.42681066	13.66381606
22.0566318900000	7.1143484650000	10.7625362400000	22.05663189	-10.42618646	13.66375988
22.1162444100000	7.1104074850000	10.7652812100000	22.11624441	-10.42638281	13.66354247
22.1758569300000	7.1061774840000	10.7749245300000	22.17585693	-10.42490149	13.66395796
22.2354694500000	7.0551970330000	10.8044861500000	22.23546945	-10.42437602	13.66380849
22.2950819700000	7.0774511040000	10.8289566100000	22.29508197	-10.42261337	13.66409597
22.3546944900000	7.1078183050000	10.8468687200000	22.35469449	-10.42301743	13.66427015
22.4143070000000	7.0925741690000	10.8453266600000	22.414307	-10.42456272	13.66411667
22.4739195200000	7.0358273180000	10.8505905500000	22.47391952	-10.42496675	13.66416782
22.5335320400000	7.0054115130000	10.8485006500000	22.53353204	-10.42589204	13.66420042
22.5931445600000	6.9605879010000	10.8534773600000	22.59314456	-10.42586965	13.66392593
22.6527570800000	6.9265859560000	10.8474338800000	22.65275708	-10.42556219	13.66410565
22.7123696000000	6.8634779650000	10.8438545300000	22.7123696	-10.42668858	13.66369837
22.7719821200000	6.7725787450000	10.7818120000000	22.77198212	-10.42592717	13.66336942
22.8315946300000	6.7404303040000	10.7473577800000	22.83159463	-10.4263025	13.66335729
22.8912071500000	6.5917035370000	10.7281116000000	22.89120715	-10.42774644	13.66361447
