CALtend2			CALext		
t	x	y	t	x	y
0.000000000000	12.89259426	12.00630226	0.000000000000	-3.556985217000	14.511554310000
0.02432616522	12.89197462	12.00621638	0.024326165220	-3.559199770000	14.509780640000
0.04865233045	12.89691153	12.0071876	0.048652330450	-3.556227578000	14.509989650000
0.07297849567	12.89581447	12.00670761	0.072978495670	-3.556385263000	14.510372010000
0.09730466089	12.89415115	12.00649485	0.097304660890	-3.557759416000	14.510302360000
0.1216308261	12.89235186	12.00603673	0.121630826100	-3.557036522000	14.510032190000
0.1459569913	12.89269034	12.00594399	0.145956991300	-3.558415536000	14.510114780000
0.1702831566	12.89112871	12.00561712	0.170283156600	-3.557153396000	14.509961850000
0.1946093218	12.89312269	12.00648225	0.194609321800	-3.554332463000	14.510427540000
0.218935487	12.89303509	12.00634954	0.218935487000	-3.559954392000	14.510180860000
0.2432616522	12.89506541	12.00668477	0.243261652200	-3.558908074000	14.510434860000
0.2675878175	12.89647349	12.00777721	0.267587817500	-3.557912700000	14.510275520000
0.2919139827	12.90232699	12.00918197	0.291913982700	-3.556301348000	14.510368240000
0.3162401479	12.90108785	12.0084013	0.316240147900	-3.556257633000	14.509892570000
0.3405663131	12.90412096	12.00856377	0.340566313100	-3.557547573000	14.510348740000
0.3648924783	12.90637296	12.00863473	0.364892478300	-3.557194330000	14.511042450000
0.3892186436	12.90520889	12.00872211	0.389218643600	-3.560463960000	14.509558280000
0.4135448088	12.90347599	12.00871381	0.413544808800	-3.557736946000	14.510229030000
0.437870974	12.90295032	12.00910784	0.437870974000	-3.558786172000	14.510193480000
0.4621971392	12.90293106	12.00812124	0.462197139200	-3.556910865000	14.510081230000
0.4865233045	12.89953568	12.00882534	0.486523304500	-3.557661543000	14.510238210000
0.5108494697	12.90531058	12.0092622	0.510849469700	-3.557204189000	14.510289740000
0.5351756349	12.8992779	12.00827341	0.535175634900	-3.558596164000	14.509903990000
0.5595018001	12.90238244	12.00867144	0.559501800100	-3.557501302000	14.510216930000
0.5838279654	12.90120957	12.0091969	0.583827965400	-3.558501675000	14.509522070000
0.6081541306	12.9010998	12.00879434	0.608154130600	-3.558025889000	14.510592790000
0.6324802958	12.90236134	12.00861982	0.632480295800	-3.557871286000	14.509142920000
0.656806461	12.90335968	12.00851898	0.656806461000	-3.557222090000	14.510400320000
0.6811326263	12.90732582	12.00956729	0.681132626300	-3.560035103000	14.509077250000
0.7054587915	12.91594613	12.00968972	0.705458791500	-3.556552113000	14.510323990000
0.7297849567	12.91402911	12.00896233	0.729784956700	-3.556943798000	14.509458480000
0.7541111219	12.91915266	12.00909522	0.754111121900	-3.557791025000	14.510068050000
0.7784372871	12.91400666	12.00862829	0.778437287100	-3.558074266000	14.509488300000
0.8027634524	12.91696224	12.00931127	0.802763452400	-3.556636438000	14.510250040000
0.8270896176	12.90789466	12.00820907	0.827089617600	-3.559512228000	14.509487510000
0.8514157828	12.90206083	12.00841745	0.851415782800	-3.560202353000	14.509534630000
0.875741948	12.90625021	12.00747423	0.875741948000	-3.557256583000	14.509606250000
0.9000681133	12.93205534	12.00403694	0.900068113300	-3.556923077000	14.510369730000
0.9243942785	12.94931132	12.00538701	0.924394278500	-3.557068105000	14.509006330000
0.9487204437	12.96515066	12.00746866	0.948720443700	-3.559346912000	14.510034780000
0.9730466089	12.94798237	12.00771381	0.973046608900	-3.556922818000	14.509575580000
0.9973727742	12.95221693	12.00810241	0.997372774200	-3.559050394000	14.509922650000
1.021698939	12.91758852	12.01264282	1.021698939000	-3.556671740000	14.510767890000
1.046025105	12.89910568	12.01168254	1.046025105000	-3.557229341000	14.509960690000
1.07035127	12.86350184	12.01191856	1.070351270000	-3.554118443000	14.510953170000
1.094677435	12.87325174	12.01153906	1.094677435000	-3.558309186000	14.511693250000
1.1190036	12.88578902	12.01085375	1.119003600000	-3.556970773000	14.511395880000
1.143329765	12.85712314	12.00909458	1.143329765000	-3.557167939000	14.513249820000
1.167655931	12.84514	12.01470341	1.167655931000	-3.559927139000	14.514909800000
1.191982096	12.67658742	12.00559788	1.191982096000	-3.572059956000	14.529062780000
1.216308261	12.68246231	12.02087136	1.216308261000	-3.554788654000	14.543932880000
1.240634426	12.68264985	12.00397844	1.240634426000	-3.579471290000	14.561004040000
1.264960592	12.67559429	11.99653092	1.264960592000	-3.568846724000	14.567102840000
1.289286757	12.67345468	11.9923202	1.289286757000	-3.562776656000	14.571326210000
1.313612922	12.6785348	11.99163582	1.313612922000	-3.562592372000	14.573608530000
1.337939087	12.68642584	11.99330029	1.337939087000	-3.558660165000	14.572535780000
1.362265253	12.7117659	11.99298951	1.362265253000	-3.562248967000	14.572496430000
1.386591418	12.69806825	11.99315625	1.386591418000	-3.562428304000	14.573086380000
1.410917583	12.69689453	11.99252316	1.410917583000	-3.559960664000	14.572152450000
1.435243748	12.69013779	11.98835194	1.435243748000	-3.561368024000	14.571076800000
1.459569913	12.69504802	11.98653806	1.459569913000	-3.560800257000	14.570187090000
1.483896079	12.71116795	11.98432953	1.483896079000	-3.561150408000	14.569721010000
1.508222244	12.69469442	11.9846411	1.508222244000	-3.559219158000	14.567845920000
1.532548409	12.68550569	11.98254329	1.532548409000	-3.558389006000	14.568157480000
1.556874574	12.67425632	11.9782687	1.556874574000	-3.556565441000	14.567072900000
1.58120074	12.64756195	11.97162792	1.581200740000	-3.556924834000	14.568162800000
1.605526905	12.65461545	11.9731506	1.605526905000	-3.549845859000	14.567712330000
1.62985307	12.62622954	11.96630752	1.629853070000	-3.545208022000	14.566084480000
1.654179235	12.59094528	11.96952386	1.654179235000	-3.539471541000	14.566253380000
1.6785054	12.55751683	11.97383705	1.678505400000	-3.537915686000	14.568387180000
1.702831566	12.55392313	11.97662166	1.702831566000	-3.536038401000	14.565848590000
1.727157731	12.52709567	11.97812235	1.727157731000	-3.535490357000	14.566466070000
1.751483896	12.51349113	11.97939008	1.751483896000	-3.532299021000	14.566995640000
1.775810061	12.49509518	11.97979915	1.775810061000	-3.539469408000	14.566645850000
1.800136227	12.48012926	11.98376538	1.800136227000	-3.534552287000	14.566556740000
1.824462392	12.40030137	11.98388865	1.824462392000	-3.540910817000	14.566642750000
1.848788557	12.37957934	11.98502033	1.848788557000	-3.538839354000	14.565083340000
1.873114722	12.35913779	11.98402758	1.873114722000	-3.540725277000	14.561680920000
1.897440887	12.34393881	11.982366	1.897440887000	-3.543649350000	14.563177660000
1.921767053	12.34607046	11.98400089	1.921767053000	-3.556115589000	14.564762960000
1.946093218	12.34770947	11.98175612	1.946093218000	-3.542835611000	14.561455520000
1.970419383	12.3387214	11.97295175	1.970419383000	-3.547398542000	14.562889450000
1.994745548	12.33812128	11.9734804	1.994745548000	-3.538100477000	14.564788160000
2.019071714	12.3254461	11.97645384	2.019071714000	-3.542163456000	14.565135010000
2.043397879	12.31923372	11.97791566	2.043397879000	-3.541923003000	14.566074910000
2.067724044	12.28950005	11.97133981	2.067724044000	-3.539045554000	14.564136330000
2.092050209	12.23790128	11.9726258	2.092050209000	-3.545861557000	14.564651550000
2.116376374	12.21966994	11.97142641	2.116376374000	-3.546928395000	14.563465540000
2.14070254	12.20708352	11.97135063	2.140702540000	-3.552041254000	14.560639740000
2.165028705	12.20373536	11.96916289	2.165028705000	-3.544305509000	14.563829320000
2.18935487	12.14761628	11.96438343	2.189354870000	-3.538532909000	14.558967400000
2.213681035	12.14448687	11.96650871	2.213681035000	-3.542122403000	14.560734630000
2.238007201	12.12798856	11.97244787	2.238007201000	-3.540237200000	14.561617740000
2.262333366	12.13006024	11.97001702	2.262333366000	-3.549589186000	14.563018880000
2.286659531	12.11538435	11.96180074	2.286659531000	-3.543850480000	14.563189630000
2.310985696	12.06357729	11.92632292	2.310985696000	-3.553405071000	14.558227150000
2.335311861	12.0165238	11.9208062	2.335311861000	-3.557374765000	14.559924310000
2.359638027	11.99179064	11.91484245	2.359638027000	-3.556502597000	14.559155790000
2.383964192	11.97089184	11.91384875	2.383964192000	-3.557521108000	14.558747490000
2.408290357	11.95268547	11.91471281	2.408290357000	-3.560999865000	14.559468150000
2.432616522	11.89533624	11.91418765	2.432616522000	-3.557177406000	14.560376760000
2.456942688	11.86876851	11.91642273	2.456942688000	-3.562039686000	14.562071980000
2.481268853	11.90566639	11.91453842	2.481268853000	-3.558164351000	14.560670780000
2.505595018	11.90062648	11.91471778	2.505595018000	-3.554102770000	14.561569650000
2.529921183	11.90346826	11.9157034	2.529921183000	-3.559875111000	14.559589190000
2.554247348	11.90951427	11.91347341	2.554247348000	-3.555098330000	14.561756350000
2.578573514	11.90407961	11.91188202	2.578573514000	-3.555158914000	14.560524650000
2.602899679	11.87676078	11.91129653	2.602899679000	-3.555988574000	14.563065500000
2.627225844	11.79947512	11.90629471	2.627225844000	-3.555937958000	14.562534750000
2.651552009	11.77163519	11.90587337	2.651552009000	-3.555102116000	14.565765930000
2.675878175	11.795975	11.90295044	2.675878175000	-3.557041759000	14.563535930000
2.70020434	11.73181044	11.89885002	2.700204340000	-3.553234317000	14.563611910000
2.724530505	11.65959033	11.89400124	2.724530505000	-3.552377234000	14.562954290000
2.74885667	11.64201372	11.89151557	2.748856670000	-3.550935740000	14.563500190000
2.773182835	11.62592514	11.88573885	2.773182835000	-3.548668482000	14.563238180000
2.797509001	11.6264974	11.88269098	2.797509001000	-3.555659555000	14.563627320000
2.821835166	11.6292847	11.88315323	2.821835166000	-3.550383165000	14.562532050000
2.846161331	11.63353856	11.88094816	2.846161331000	-3.550478209000	14.563517410000
2.870487496	11.63050881	11.8804503	2.870487496000	-3.543033101000	14.562947320000
2.894813662	11.61538677	11.87786234	2.894813662000	-3.555491555000	14.562654210000
2.919139827	11.59624243	11.86800732	2.919139827000	-3.553718531000	14.561773520000
2.943465992	11.60139888	11.86998708	2.943465992000	-3.547940374000	14.561843000000
2.967792157	11.61058059	11.87207491	2.967792157000	-3.550396541000	14.564383420000
2.992118322	11.54402696	11.87265153	2.992118322000	-3.552404763000	14.561283230000
3.016444488	11.49561564	11.86941108	3.016444488000	-3.563210745000	14.560476410000
3.040770653	11.51309552	11.87141879	3.040770653000	-3.563752080000	14.560308850000
3.065096818	11.50767411	11.86670208	3.065096818000	-3.551898699000	14.559754630000
3.089422983	11.51066963	11.86045164	3.089422983000	-3.560879548000	14.560975610000
3.113749149	11.51232417	11.85807738	3.113749149000	-3.560928706000	14.559572280000
3.138075314	11.51114832	11.85696279	3.138075314000	-3.562502799000	14.559153000000
3.162401479	11.52766164	11.84456577	3.162401479000	-3.564051750000	14.554774280000
3.186727644	11.54966619	11.83792913	3.186727644000	-3.564533267000	14.556177100000
3.211053809	11.54048794	11.84278018	3.211053809000	-3.567719119000	14.557890570000
3.235379975	11.5248108	11.84473447	3.235379975000	-3.564124428000	14.559131270000
3.25970614	11.56490651	11.84261271	3.259706140000	-3.561323650000	14.557668700000
3.284032305	11.59273739	11.84268144	3.284032305000	-3.558497382000	14.557988390000
3.30835847	11.60876379	11.83797692	3.308358470000	-3.574244732000	14.557967660000
3.332684636	11.60159003	11.84472043	3.332684636000	-3.562011942000	14.557381590000
3.357010801	11.61859619	11.84775557	3.357010801000	-3.564602620000	14.557959230000
3.381336966	11.65752456	11.84429342	3.381336966000	-3.579391185000	14.555369960000
3.405663131	11.63305363	11.84480001	3.405663131000	-3.583247327000	14.554602310000
3.429989296	11.63614295	11.84993831	3.429989296000	-3.581555258000	14.555627840000
3.454315462	11.67724977	11.84968753	3.454315462000	-3.570903236000	14.553290940000
3.478641627	11.69149492	11.8468633	3.478641627000	-3.573850648000	14.554973580000
3.502967792	11.65870453	11.84990525	3.502967792000	-3.570403742000	14.558943380000
3.527293957	11.68639675	11.85068391	3.527293957000	-3.568828548000	14.556742560000
3.551620123	11.68204714	11.84686961	3.551620123000	-3.566251467000	14.556116350000
3.575946288	11.66603512	11.85010181	3.575946288000	-3.563939496000	14.558427620000
3.600272453	11.69287947	11.8531615	3.600272453000	-3.564940943000	14.558858120000
3.624598618	11.68113125	11.85850448	3.624598618000	-3.566668649000	14.559085410000
3.648924783	11.66860024	11.85445874	3.648924783000	-3.569113277000	14.561350590000
3.673250949	11.6835258	11.85367444	3.673250949000	-3.556553182000	14.559906020000
3.697577114	11.67393446	11.85577315	3.697577114000	-3.560786769000	14.560599340000
3.721903279	11.67411929	11.85764308	3.721903279000	-3.561011598000	14.561123480000
3.746229444	11.6877559	11.85986462	3.746229444000	-3.558304105000	14.562897890000
3.77055561	11.69206575	11.85656867	3.770555610000	-3.554749513000	14.564371200000
3.794881775	11.68668033	11.86014559	3.794881775000	-3.554452594000	14.564373390000
3.81920794	11.70235208	11.86035334	3.819207940000	-3.553995673000	14.564713880000
3.843534105	11.75752536	11.85996425	3.843534105000	-3.559752002000	14.565789470000
3.867860271	11.78569752	11.85792936	3.867860271000	-3.554450288000	14.564933220000
3.892186436	11.79367829	11.85879928	3.892186436000	-3.557020956000	14.563243690000
3.916512601	11.79994799	11.86008327	3.916512601000	-3.557469681000	14.564711880000
3.940838766	11.81755553	11.85986905	3.940838766000	-3.552957352000	14.564703160000
3.965164931	11.81975978	11.86007422	3.965164931000	-3.555055696000	14.566447080000
3.989491097	11.82748036	11.86030931	3.989491097000	-3.550495979000	14.566153190000
4.013817262	11.82826505	11.86064151	4.013817262000	-3.554840453000	14.566234350000
4.038143427	11.82722158	11.86120453	4.038143427000	-3.554475287000	14.565104220000
4.062469592	11.82339796	11.86258959	4.062469592000	-3.541210491000	14.566727310000
4.086795758	11.83229752	11.86564233	4.086795758000	-3.549144182000	14.564212140000
4.111121923	11.84620378	11.86222854	4.111121923000	-3.554783154000	14.565522770000
4.135448088	11.83307977	11.86554738	4.135448088000	-3.549839386000	14.563691260000
4.159774253	11.83913551	11.86641374	4.159774253000	-3.547574811000	14.564838430000
4.184100418	11.83963471	11.86207735	4.184100418000	-3.544068883000	14.564296660000
4.208426584	11.86817762	11.866349	4.208426584000	-3.547552275000	14.565651370000
4.232752749	11.84334182	11.86426394	4.232752749000	-3.548034499000	14.565793590000
4.257078914	11.91018823	11.86829093	4.257078914000	-3.546398367000	14.566313150000
4.281405079	11.92512235	11.86652038	4.281405079000	-3.539039915000	14.566573410000
4.305731245	11.9331259	11.86544338	4.305731245000	-3.552615348000	14.565714890000
4.33005741	11.936042	11.86666923	4.330057410000	-3.548460348000	14.566361020000
4.354383575	11.93766351	11.86515443	4.354383575000	-3.547985309000	14.564843280000
4.37870974	11.94779472	11.86406681	4.378709740000	-3.543340104000	14.566805510000
4.403035905	11.96151324	11.86481941	4.403035905000	-3.546251650000	14.565743240000
4.427362071	11.95308634	11.86508095	4.427362071000	-3.529473186000	14.565452370000
4.451688236	11.9463358	11.86541028	4.451688236000	-3.546434317000	14.565504880000
4.476014401	11.93768148	11.86331539	4.476014401000	-3.540352127000	14.564919200000
4.500340566	11.93421795	11.86325557	4.500340566000	-3.540863757000	14.565155660000
4.524666732	11.93825056	11.86407171	4.524666732000	-3.538606244000	14.564979560000
4.548992897	11.93942904	11.86273005	4.548992897000	-3.544724337000	14.564914620000
4.573319062	11.93288784	11.8628585	4.573319062000	-3.547244332000	14.565379450000
4.597645227	11.94875854	11.86239797	4.597645227000	-3.545821391000	14.564263980000
4.621971392	11.95426242	11.86225387	4.621971392000	-3.542557757000	14.564043470000
4.646297558	11.94619096	11.86190227	4.646297558000	-3.540648127000	14.565145120000
4.670623723	11.93222026	11.86269904	4.670623723000	-3.541329226000	14.564926820000
4.694949888	11.94577722	11.86332719	4.694949888000	-3.539533935000	14.565085180000
4.719276053	11.94082746	11.86326728	4.719276053000	-3.541688404000	14.565748410000
4.743602219	11.91928504	11.86218281	4.743602219000	-3.535180903000	14.565925180000
4.767928384	11.89710478	11.86243606	4.767928384000	-3.535667895000	14.565025380000
4.792254549	11.88047292	11.86318538	4.792254549000	-3.534163637000	14.567099030000
4.816580714	11.88424548	11.86288796	4.816580714000	-3.533740643000	14.564924830000
4.840906879	11.82625811	11.8638347	4.840906879000	-3.532185915000	14.565196080000
4.865233045	11.82164352	11.86384821	4.865233045000	-3.538179103000	14.565142100000
4.88955921	11.83616475	11.86348756	4.889559210000	-3.538561251000	14.565464910000
4.913885375	11.8239798	11.86157178	4.913885375000	-3.539534326000	14.563981690000
4.93821154	11.80817664	11.86328565	4.938211540000	-3.539349520000	14.564198350000
4.962537706	11.84163229	11.86230368	4.962537706000	-3.540622071000	14.564657350000
4.986863871	11.82130014	11.86134516	4.986863871000	-3.541916201000	14.565333440000
5.011190036	11.80508391	11.86194175	5.011190036000	-3.540379288000	14.565007490000
5.035516201	11.81360194	11.86174769	5.035516201000	-3.538987940000	14.564693410000
5.059842366	11.82072282	11.86109784	5.059842366000	-3.545814063000	14.565344260000
5.084168532	11.81247419	11.86017899	5.084168532000	-3.538902315000	14.564364410000
5.108494697	11.81117814	11.86002386	5.108494697000	-3.537567809000	14.564496500000
5.132820862	11.81281232	11.86019074	5.132820862000	-3.544531653000	14.564861720000
5.157147027	11.82000624	11.86156909	5.157147027000	-3.546941165000	14.563356280000
5.181473193	11.85070135	11.85970707	5.181473193000	-3.546409751000	14.563466270000
5.205799358	11.8490817	11.85946577	5.205799358000	-3.546098473000	14.562577480000
5.230125523	11.85382062	11.85998371	5.230125523000	-3.544136796000	14.562735780000
5.254451688	12.16600654	11.86261715	5.254451688000	-3.526929853000	14.557608660000
			5.278777853000	-3.525021010000	14.563811610000
			5.303104019000	-3.501773953000	14.563635920000
			5.327430184000	-3.498731896000	14.560519880000
			5.351756349000	-3.521192249000	14.568196600000
			5.376082514000	-3.513949260000	14.564670230000
			5.400408680000	-3.495201094000	14.555797350000
			5.424734845000	-3.480357056000	14.558408930000
			5.449061010000	-3.476943044000	14.559599930000
			5.473387175000	-3.477100493000	14.555854110000
			5.497713340000	-3.482380850000	14.554595740000
			5.522039506000	-3.494659050000	14.551601790000
			5.546365671000	-3.514291643000	14.538490320000
			5.570691836000	-3.529494266000	14.540300620000
			5.595018001000	-3.549847160000	14.543442690000
			5.619344167000	-3.549462365000	14.544501310000
			5.643670332000	-3.550123897000	14.535993900000
			5.667996497000	-3.552583670000	14.531453190000
			5.692322662000	-3.534759306000	14.509589280000
			5.716648827000	-3.547319224000	14.496841960000
			5.740974993000	-3.553471024000	14.498855970000
			5.765301158000	-3.557061079000	14.490847910000
			5.789627323000	-3.560430540000	14.490505250000
			5.813953488000	-3.561606880000	14.490988020000
			5.838279654000	-3.555850675000	14.495365510000
			5.862605819000	-3.542977476000	14.500065650000
			5.886931984000	-3.540533456000	14.498848220000
			5.911258149000	-3.515911960000	14.500523040000
			5.935584314000	-3.513501887000	14.499012580000
			5.959910480000	-3.510360043000	14.493667360000
			5.984236645000	-3.504731696000	14.492116020000
			6.008562810000	-3.495255015000	14.492165300000
			6.032888975000	-3.487491404000	14.491414990000
			6.057215141000	-3.479691899000	14.490586650000
			6.081541306000	-3.475437165000	14.490861990000
			6.105867471000	-3.470753244000	14.490990410000
			6.130193636000	-3.469951731000	14.490922750000
			6.154519801000	-3.467666983000	14.489177850000
			6.178845967000	-3.466721862000	14.489996620000
			6.203172132000	-3.466026444000	14.492193570000
			6.227498297000	-3.465825009000	14.490394980000
			6.251824462000	-3.467759421000	14.489811340000
			6.276150628000	-3.459863160000	14.488670150000
			6.300476793000	-3.462670415000	14.488518110000
			6.324802958000	-3.466223062000	14.491126960000
			6.349129123000	-3.462444142000	14.490146270000
			6.373455289000	-3.460225819000	14.490107330000
			6.397781454000	-3.465189781000	14.488974730000
			6.422107619000	-3.458866865000	14.489377200000
			6.446433784000	-3.458631890000	14.489672070000
			6.470759949000	-3.456924777000	14.488882920000
			6.495086115000	-3.455812510000	14.486948910000
			6.519412280000	-3.456476908000	14.488547460000
			6.543738445000	-3.456465607000	14.487085340000
			6.568064610000	-3.459611004000	14.485142700000
			6.592390776000	-3.456997801000	14.486026980000
			6.616716941000	-3.459456367000	14.487084430000
			6.641043106000	-3.457388372000	14.484777490000
			6.665369271000	-3.460315438000	14.484379080000
			6.689695436000	-3.458711634000	14.486438940000
			6.714021602000	-3.460167154000	14.485422760000
			6.738347767000	-3.461077665000	14.484774170000
			6.762673932000	-3.460758883000	14.484828880000
			6.787000097000	-3.463464361000	14.484785530000
			6.811326263000	-3.463590395000	14.485107780000
			6.835652428000	-3.467593759000	14.484951140000
			6.859978593000	-3.466601979000	14.486147060000
			6.884304758000	-3.467440579000	14.484977120000
			6.908630923000	-3.465993907000	14.486190520000
			6.932957089000	-3.468138995000	14.485250860000
			6.957283254000	-3.463059762000	14.486419140000
			6.981609419000	-3.462561838000	14.485811360000
