CALbumpBEST			CALext		
t	x	y	t	x	y
0.000000000000	11.952472820000	8.017550973000	0	-8.181241131	15.08390219
0.059612518630	11.954023840000	8.013651835000	0.059612519	-8.182655156	15.08242818
0.119225037300	11.958441960000	8.013739042000	0.119225037	-8.184042361	15.08460876
0.178837555900	11.944767180000	8.018909692000	0.178837556	-8.191761312	15.08624157
0.238450074500	11.808222610000	8.022463313000	0.238450075	-8.196963522	15.08602792
0.298062593100	11.713766750000	8.026652322000	0.298062593	-8.216376781	15.08469067
0.357675111800	11.713662440000	8.071822620000	0.357675112	-8.231289818	15.06468064
0.417287630400	11.677088590000	8.079912119000	0.41728763	-8.267272705	15.04512764
0.476900149000	11.659657140000	8.084875836000	0.476900149	-8.264304565	15.02832304
0.536512667700	11.568972890000	8.098341586000	0.536512668	-8.275778273	15.02435766
0.596125186300	11.549148580000	8.157870590000	0.596125186	-8.340384778	15.01408087
0.655737704900	11.477311300000	8.176772728000	0.655737705	-8.554217891	15.01944881
0.715350223500	11.482103060000	8.224125101000	0.715350224	-8.632588646	15.02435582
0.774962742200	11.372973850000	8.237563175000	0.774962742	-8.626170759	15.0601767
0.834575260800	11.327458550000	8.249819170000	0.834575261	-8.79333011	15.06230803
0.894187779400	11.318779260000	8.269727458000	0.894187779	-8.871301778	15.03459302
0.953800298100	11.293146650000	8.264106145000	0.953800298	-8.98693905	15.02203734
1.013412817000	11.297456650000	8.254773716000	1.013412817	-8.982583996	15.01719577
1.073025335000	11.375543200000	8.246777406000	1.073025335	-8.99620319	15.01566303
1.132637854000	11.470620710000	8.239242643000	1.132637854	-8.993718621	15.01534036
1.192250373000	11.506877540000	8.220541601000	1.192250373	-8.983991304	15.01837211
1.251862891000	11.512860670000	8.225574631000	1.251862891	-8.973409887	15.02521162
1.311475410000	11.523898440000	8.214429533000	1.31147541	-8.973004931	15.07900828
1.371087928000	11.500208510000	8.192034947000	1.371087928	-8.957995047	15.07371581
1.430700447000	11.518456430000	8.162252639000	1.430700447	-8.932406898	15.06017491
1.490312966000	11.533663880000	8.110851014000	1.490312966	-8.927950305	15.05128673
1.549925484000	11.668628750000	8.070809073000	1.549925484	-8.918510728	15.03681228
1.609538003000	11.641794440000	8.044531208000	1.609538003	-8.901585572	15.04991694
1.669150522000	11.657279740000	8.013837110000	1.669150522	-8.874813549	15.06189274
1.728763040000	11.657485760000	7.999948548000	1.72876304	-8.892847931	15.06982635
1.788375559000	11.639901900000	7.974335183000	1.788375559	-8.851638204	15.06219128
1.847988077000	11.659873460000	7.950374937000	1.847988077	-8.822078461	15.04971696
1.907600596000	11.673998050000	7.934093972000	1.907600596	-8.798807062	15.04964218
1.967213115000	11.725962660000	7.929274616000	1.967213115	-8.772721013	15.04391779
2.026825633000	11.772409440000	7.929686939000	2.026825633	-8.745960916	15.03878511
2.086438152000	11.761509680000	7.894272638000	2.086438152	-8.688669881	15.03208597
2.146050671000	11.775516130000	7.873972954000	2.146050671	-8.61791578	15.03401117
2.205663189000	11.807062290000	7.869917492000	2.205663189	-8.603121212	15.00399577
2.265275708000	11.862582290000	7.856036637000	2.265275708	-8.563274771	14.99018065
2.324888227000	11.923102750000	7.843120944000	2.324888227	-8.57150425	14.97317423
2.384500745000	11.919805990000	7.815736679000	2.384500745	-8.558807773	14.96213071
2.444113264000	11.954775800000	7.794000812000	2.444113264	-8.57664073	14.92870132
2.503725782000	11.981538480000	7.782466329000	2.503725782	-8.503975091	14.94452718
2.563338301000	11.974797090000	7.778168060000	2.563338301	-8.459370418	14.93557471
2.622950820000	11.968409150000	7.743680649000	2.62295082	-8.306358433	14.92827228
2.682563338000	12.019316590000	7.721428398000	2.682563338	-8.212488994	14.97080931
2.742175857000	12.055418930000	7.705393912000	2.742175857	-8.251292749	15.00483651
2.801788376000	12.085662780000	7.695424714000	2.801788376	-8.234853178	14.96475124
2.861400894000	12.117672870000	7.671759161000	2.861400894	-8.270724519	14.90042439
2.921013413000	12.152746500000	7.639093011000	2.921013413	-8.237317348	14.86368662
2.980625931000	12.213856090000	7.598807360000	2.980625931	-8.183531486	14.86014354
3.040238450000	12.221591760000	7.584431023000	3.04023845	-8.182657205	14.86978074
3.099850969000	12.244888270000	7.559654478000	3.099850969	-8.144493364	14.85063893
3.159463487000	12.273639620000	7.540830750000	3.159463487	-8.06995664	14.84813311
3.219076006000	12.328131840000	7.509740418000	3.219076006	-8.046711342	14.84058585
3.278688525000	12.325746520000	7.492139536000	3.278688525	-8.039204387	14.84005063
3.338301043000	12.337812760000	7.523930935000	3.338301043	-8.028791639	14.84010241
3.397913562000	12.322081150000	7.545830291000	3.397913562	-8.03057249	14.8438229
3.457526080000	12.315929200000	7.572419633000	3.45752608	-8.026162175	14.84334682
3.517138599000	12.318732240000	7.568759039000	3.517138599	-8.033549613	14.84283624
3.576751118000	12.325569960000	7.567668566000	3.576751118	-8.034292892	14.84451398
3.636363636000	12.328010880000	7.567386908000	3.636363636	-8.028568837	14.84476863
3.695976155000	12.337004950000	7.563794944000	3.695976155	-8.028405442	14.84361537
3.755588674000	12.337629830000	7.563662974000	3.755588674	-8.029661241	14.84262498
3.815201192000	12.340524070000	7.555318634000	3.815201192	-8.028481094	14.84564129
3.874813711000	12.334974600000	7.558496397000	3.874813711	-8.028913973	14.84485469
3.934426230000	12.338598560000	7.545057629000	3.93442623	-8.025292783	14.84426525
3.994038748000	12.337480450000	7.548824859000	3.994038748	-8.028808399	14.84271176
4.053651267000	12.336669360000	7.556656806000	4.053651267	-8.031018888	14.84419793
4.113263785000	12.336712760000	7.558303200000	4.113263785	-8.028172458	14.84361871
4.172876304000	12.334462860000	7.558966119000	4.172876304	-8.029537612	14.84376862
4.232488823000	12.335649020000	7.554485526000	4.232488823	-8.023661831	14.84490053
4.292101341000	12.334394600000	7.551324533000	4.292101341	-8.019297593	14.8451246
4.351713860000	12.333313580000	7.557684074000	4.35171386	-8.019764169	14.84721271
4.411326379000	12.322569980000	7.558650007000	4.411326379	-8.019196784	14.8466057
4.470938897000	12.305723240000	7.553615789000	4.470938897	-8.010696154	14.8436481
4.530551416000	12.291505540000	7.536850925000	4.530551416	-8.013502603	14.84373097
4.590163934000	12.321296390000	7.515245608000	4.590163934	-8.01045329	14.84224857
4.649776453000	12.317409580000	7.501585949000	4.649776453	-8.001479214	14.84279172
4.709388972000	12.235661570000	7.551015669000	4.709388972	-7.994111653	14.84632383
4.769001490000	12.198781970000	7.576629669000	4.76900149	-7.96226014	14.85127109
4.828614009000	12.167359930000	7.584904476000	4.828614009	-7.960072149	14.85255554
4.888226528000	12.138984280000	7.621294416000	4.888226528	-7.963076385	14.86037855
4.947839046000	12.109918960000	7.638365578000	4.947839046	-7.948137203	14.86998363
5.007451565000	12.091854190000	7.645222151000	5.007451565	-7.959033492	14.89231364
5.067064083000	12.071261150000	7.654383764000	5.067064083	-7.921751103	14.91483846
5.126676602000	12.056958010000	7.678031392000	5.126676602	-7.896539644	14.91846241
5.186289121000	12.031340890000	7.719558254000	5.186289121	-7.924371709	14.92534994
5.245901639000	12.026571820000	7.761209367000	5.245901639	-7.911209961	14.95537724
5.305514158000	12.000351770000	7.792034819000	5.305514158	-7.910550511	14.96249302
5.365126677000	11.988681540000	7.800995490000	5.365126677	-7.898210989	14.97623767
5.424739195000	11.952697260000	7.811206559000	5.424739195	-7.914715696	14.97148621
5.484351714000	11.968584150000	7.837671126000	5.484351714	-7.977056651	14.94561037
5.543964232000	11.936003400000	7.867343394000	5.543964232	-8.002949769	14.93646128
5.603576751000	11.937652250000	7.921215903000	5.603576751	-8.05890651	14.9211968
5.663189270000	11.879695530000	7.947773468000	5.66318927	-8.102900149	14.92432466
5.722801788000	11.895465410000	7.982841275000	5.722801788	-8.147333587	14.93782246
5.782414307000	11.856205920000	8.017541030000	5.782414307	-8.178096641	14.96437295
5.842026826000	11.820419220000	8.032018721000	5.842026826	-8.215094147	14.97375059
5.901639344000	11.835446460000	8.067935354000	5.901639344	-8.257070155	14.97713663
5.961251863000	11.791205160000	8.090728087000	5.961251863	-8.288701156	14.97325588
6.020864382000	11.772901580000	8.101915023000	6.020864382	-8.284492048	14.97534758
6.080476900000	11.732789790000	8.108071289000	6.0804769	-8.292641048	14.97283702
6.140089419000	11.743401380000	8.151222135000	6.140089419	-8.341718887	14.99331221
6.199701937000	11.711414860000	8.169392615000	6.199701937	-8.397750229	14.9905634
6.259314456000	11.695173470000	8.225041427000	6.259314456	-8.429625471	14.99016715
6.318926975000	11.646661810000	8.236413265000	6.318926975	-8.508594104	15.00115174
6.378539493000	11.578439630000	8.248293935000	6.378539493	-8.58937455	15.01753589
6.438152012000	11.513852250000	8.268734085000	6.438152012	-8.649992221	14.99736947
6.497764531000	11.515686290000	8.289549479000	6.497764531	-8.661796398	15.04178946
6.557377049000	11.429169560000	8.304772147000	6.557377049	-8.778361603	15.04694346
6.616989568000	11.358174010000	8.321095103000	6.616989568	-8.814570213	15.04086861
6.676602086000	11.318351430000	8.335138142000	6.676602086	-8.935177514	15.03945572
6.736214605000	11.315056970000	8.383321709000	6.736214605	-9.081997601	15.04184921
6.795827124000	11.249882630000	8.390774122000	6.795827124	-9.221210779	15.00478399
6.855439642000	11.180881410000	8.400691124000	6.855439642	-9.375937503	14.99969413
6.915052161000	11.054174910000	8.410043002000	6.915052161	-9.503116933	15.03093853
6.974664680000	11.000461370000	8.446221714000	6.97466468	-9.699497272	15.04784209
7.034277198000	10.895708110000	8.469489183000	7.034277198	-9.897268795	15.04352924
7.093889717000	10.821520080000	8.477025934000	7.093889717	-9.952848686	15.05761393
7.153502235000	10.700843940000	8.480837001000	7.153502235	-10.16207848	15.04530924
7.213114754000	10.609222670000	8.486670068000	7.213114754	-10.29586057	15.02453095
7.272727273000	10.615682160000	8.511073417000	7.272727273	-10.38469499	15.05296665
7.332339791000	10.553999680000	8.487982337000	7.332339791	-10.44100358	15.06511887
7.391952310000	10.532152080000	8.491962163000	7.39195231	-10.462647	15.06979594
7.451564829000	10.537037770000	8.492094019000	7.451564829	-10.48359979	15.06432415
7.511177347000	10.549755290000	8.521239200000	7.511177347	-10.47596585	15.05827203
7.570789866000	10.524600660000	8.533800004000	7.570789866	-10.48657668	15.05655946
7.630402385000	10.525604070000	8.526981786000	7.630402385	-10.49068541	15.05784722
7.690014903000	10.526078770000	8.524056480000	7.690014903	-10.50614366	15.055979
7.749627422000	10.512635040000	8.529271623000	7.749627422	-10.52817458	15.05597798
7.809239940000	10.506139520000	8.534198258000	7.80923994	-10.53776542	15.05557444
7.868852459000	10.504807480000	8.531940076000	7.868852459	-10.53248986	15.05779952
7.928464978000	10.496708200000	8.538179612000	7.928464978	-10.54105723	15.05867588
7.988077496000	10.476518820000	8.538839562000	7.988077496	-10.53557167	15.06107304
8.047690015000	10.451718470000	8.543547937000	8.047690015	-10.54482911	15.05962585
8.107302534000	10.448191620000	8.541731194000	8.107302534	-10.53337599	15.0598014
8.166915052000	10.437853490000	8.542642649000	8.166915052	-10.54107125	15.06067585
8.226527571000	10.442301180000	8.539762427000	8.226527571	-10.53332979	15.06032874
8.286140089000	10.469950580000	8.495220249000	8.286140089	-10.53689765	15.05960105
8.345752608000	10.529895190000	8.470329087000	8.345752608	-10.53434207	15.05753714
8.405365127000	10.584066270000	8.453972380000	8.405365127	-10.5459636	15.05569602
8.464977645000	10.605388790000	8.448058506000	8.464977645	-10.56140491	15.05317033
8.524590164000	10.562889530000	8.410908722000	8.524590164	-10.57148643	15.04649616
8.584202683000	10.620426190000	8.377048809000	8.584202683	-10.58999446	15.0409683
8.643815201000	10.595791240000	8.339315804000	8.643815201	-10.5995868	15.0353628
8.703427720000	10.661143990000	8.318058165000	8.70342772	-10.58745941	15.04235047
8.763040238000	10.702874710000	8.297643546000	8.763040238	-10.58107809	15.04501916
8.822652757000	10.700979160000	8.262848121000	8.822652757	-10.56705788	15.05032661
8.882265276000	10.716199460000	8.254500448000	8.882265276	-10.54732792	15.05605516
8.941877794000	10.730029770000	8.246375628000	8.941877794	-10.52100383	15.06412908
9.001490313000	10.730190540000	8.248725796000	9.001490313	-10.48206002	15.0655808
9.061102832000	10.754152110000	8.242256714000	9.061102832	-10.47161623	15.06238682
9.120715350000	10.775768170000	8.238015516000	9.12071535	-10.46081111	15.05662779
9.180327869000	10.815660790000	8.206648660000	9.180327869	-10.44502735	15.05967796
9.239940387000	10.853984420000	8.194315374000	9.239940387	-10.45310746	15.05671049
9.299552906000	10.873251550000	8.168072343000	9.299552906	-10.45828286	15.0502592
9.359165425000	10.913588850000	8.159517403000	9.359165425	-10.45614374	15.03274131
9.418777943000	10.937861790000	8.138819564000	9.418777943	-10.42462384	14.99080854
9.478390462000	10.965674470000	8.102837497000	9.478390462	-10.39971653	14.96465684
9.538002981000	10.976440850000	8.095967284000	9.538002981	-10.36079468	14.94576583
9.597615499000	10.973768890000	8.073995302000	9.597615499	-10.32082954	14.92183499
9.657228018000	10.978124800000	8.064405798000	9.657228018	-10.27998625	14.91814852
9.716840537000	11.070038040000	8.037665303000	9.716840537	-10.24600397	14.9119728
9.776453055000	11.072805720000	8.022378423000	9.776453055	-10.20502612	14.93234242
9.836065574000	11.081885900000	8.005880527000	9.836065574	-10.17628886	14.93249946
9.895678092000	11.090852800000	7.980746348000	9.895678092	-10.14421764	14.9342854
9.955290611000	11.148637110000	7.973265538000	9.955290611	-10.14639357	14.93390004
10.014903130000	11.151322210000	7.948556254000	10.01490313	-10.1403417	14.93754231
10.074515650000	11.175605350000	7.923331959000	10.07451565	-10.11052955	14.93499552
10.134128170000	11.282825140000	7.876469469000	10.13412817	-10.07480747	14.93007841
10.193740690000	11.378995480000	7.826761455000	10.19374069	-10.03686188	14.93447262
10.253353200000	11.359538410000	7.793714768000	10.2533532	-9.953073611	14.9326566
10.312965720000	11.349669610000	7.765836325000	10.31296572	-9.901947365	14.92836747
10.372578240000	11.429930940000	7.728694555000	10.37257824	-9.899354005	14.90618936
10.432190760000	11.448535360000	7.732077720000	10.43219076	-9.810590353	14.91663543
10.491803280000	11.466842080000	7.715601126000	10.49180328	-9.759397018	14.92459318
10.551415800000	11.472776210000	7.714401863000	10.5514158	-9.743330541	14.91004913
10.611028320000	11.495915820000	7.710323469000	10.61102832	-9.710151	14.89819278
10.670640830000	11.506975450000	7.686152332000	10.67064083	-9.685035548	14.88796831
10.730253350000	11.517412170000	7.688925611000	10.73025335	-9.697495265	14.87502778
10.789865870000	11.543999180000	7.694554076000	10.78986587	-9.69834453	14.87153457
10.849478390000	11.635668840000	7.654960189000	10.84947839	-9.648394073	14.85793675
10.909090910000	11.677351290000	7.654109743000	10.90909091	-9.596312732	14.84631684
10.968703430000	11.652251080000	7.683974457000	10.96870343	-9.577374182	14.83267033
11.028315950000	11.686164300000	7.698101683000	11.02831595	-9.537152267	14.83228896
11.087928460000	11.731649610000	7.696947441000	11.08792846	-9.4342911	14.83288152
11.147540980000	11.727471750000	7.716873825000	11.14754098	-9.421911574	14.83306287
11.207153500000	11.734259370000	7.725767238000	11.2071535	-9.387344008	14.83753362
11.266766020000	11.729553190000	7.719408110000	11.26676602	-9.354664377	14.84146989
11.326378540000	11.734083800000	7.715703446000	11.32637854	-9.347738191	14.83962469
11.385991060000	11.742709640000	7.718050649000	11.38599106	-9.322909741	14.84517919
11.445603580000	11.741700160000	7.717166948000	11.44560358	-9.299300246	14.84186118
11.505216100000	11.767557340000	7.725816774000	11.5052161	-9.297878127	14.84560764
11.564828610000	11.769049950000	7.725267861000	11.56482861	-9.29706102	14.842538
11.624441130000	11.749575640000	7.718955256000	11.62444113	-9.298572233	14.8435906
11.684053650000	11.747825010000	7.713116755000	11.68405365	-9.300457966	14.84613944
11.743666170000	11.759797990000	7.717577274000	11.74366617	-9.292555768	14.84495638
11.803278690000	11.752389800000	7.720242897000	11.80327869	-9.297008453	14.84612506
11.862891210000	11.744293180000	7.715416401000	11.86289121	-9.300619305	14.8436056
11.922503730000	11.735470660000	7.716244483000	11.92250373	-9.294316085	14.84304975
11.982116240000	11.726338750000	7.700152535000	11.98211624	-9.301684794	14.84113787
12.041728760000	11.787510990000	7.660047687000	12.04172876	-9.297401123	14.84021255
12.101341280000	11.797861880000	7.660221508000	12.10134128	-9.287617691	14.84148628
12.160953800000	11.781344140000	7.648620017000	12.1609538	-9.284247922	14.84514792
12.220566320000	11.765391920000	7.640999951000	12.22056632	-9.269702542	14.84493768
12.280178840000	11.739934610000	7.630678162000	12.28017884	-9.241570672	14.84975754
12.339791360000	11.786889100000	7.573583967000	12.33979136	-9.21193028	14.85573055
12.399403870000	11.799266950000	7.574120342000	12.39940387	-9.209607661	14.84678705
12.459016390000	11.746076440000	7.642780306000	12.45901639	-9.221922245	14.84604293
12.518628910000	11.727485210000	7.633755212000	12.51862891	-9.219221319	14.84016162
12.578241430000	11.725790920000	7.639655331000	12.57824143	-9.227719396	14.83330776
12.637853950000	11.724915690000	7.642430668000	12.63785395	-9.225442034	14.83319627
12.697466470000	11.710408260000	7.631715186000	12.69746647	-9.207140106	14.83030949
12.757078990000	11.714833260000	7.636449890000	12.75707899	-9.201704301	14.82954318
12.816691510000	11.714056680000	7.642748949000	12.81669151	-9.167296309	14.82684784
12.876304020000	11.705190540000	7.658381544000	12.87630402	-9.13175069	14.83618213
12.935916540000	11.705637080000	7.666305573000	12.93591654	-9.09306845	14.84514973
12.995529060000	11.628719090000	7.699997719000	12.99552906	-9.101646358	14.86519826
13.055141580000	11.611241610000	7.713243087000	13.05514158	-9.115202041	14.87757294
13.114754100000	11.623258990000	7.715034686000	13.1147541	-9.116849	14.88622967
13.174366620000	11.610615270000	7.727085880000	13.17436662	-9.116966794	14.8871427
13.233979140000	11.596874130000	7.719919308000	13.23397914	-9.111459898	14.89006111
13.293591650000	11.583053940000	7.722622550000	13.29359165	-9.119427303	14.89549356
13.353204170000	11.585913360000	7.748429881000	13.35320417	-9.133789342	14.89776158
13.412816690000	11.538308310000	7.798834259000	13.41281669	-9.160623643	14.89876468
13.472429210000	11.515948450000	7.820929588000	13.47242921	-9.165851868	14.8959004
13.532041730000	11.445895990000	7.858962000000	13.53204173	-9.157087645	14.90539993
13.591654250000	11.418473650000	7.866801931000	13.59165425	-9.175377321	14.92038675
13.651266770000	11.413585580000	7.874961930000	13.65126677	-9.242847536	14.95979961
13.710879280000	11.345121720000	7.924507958000	13.71087928	-9.236374354	14.95907887
13.770491800000	11.340688100000	7.940518582000	13.7704918	-9.258279667	14.96090801
13.830104320000	11.338389880000	7.955831103000	13.83010432	-9.273968504	14.97061892
13.889716840000	11.328054710000	7.964199204000	13.88971684	-9.334505033	14.97578494
13.949329360000	11.301562980000	7.970187509000	13.94932936	-9.389859067	14.95883696
14.008941880000	11.194873160000	7.997225297000	14.00894188	-9.455036037	14.95304812
14.068554400000	11.190803410000	8.018589515000	14.0685544	-9.500461122	14.9685137
14.128166920000	11.187605220000	8.031825838000	14.12816692	-9.556522798	14.96641194
14.187779430000	11.158531150000	8.023300155000	14.18777943	-9.551762638	14.96360719
14.247391950000	11.495687910000	7.723318160000	14.24739195	-9.603482421	14.92651688
14.307004470000	12.239949580000	7.331956436000	14.30700447	-8.767018675	14.93655294
14.366616990000	12.848255230000	7.097001788000			
14.426229510000	13.035796660000	7.039512479000			
14.485842030000	13.387552390000	6.744713983000			
14.545454550000	14.039298790000	6.401292089000			
