GMfasBEST			GMext					
t	x	y	t	x	y			
0.00000000000	12.24806014000	1.93789655300	0.00000000000	3.31599933700	12.37979951000			
0.05961251863	12.27969958000	1.93062873700	0.05961251863	3.31651152100	12.37945083000			
0.11922503730	12.40011616000	1.91932821600	0.11922503730	3.31563535100	12.37997041000			
0.17883755590	12.49112000000	1.91119437800	0.17883755590	3.31638562900	12.38015896000			
0.23845007450	12.57173655000	1.90134538800	0.23845007450	3.31553495900	12.38086793000			
0.29806259310	12.61847076000	1.89530467100	0.29806259310	3.31590576000	12.38085403000			
0.35767511180	12.70287031000	1.88061911400	0.35767511180	3.31601912900	12.38088834000			
0.41728763040	12.76563020000	1.87100614700	0.41728763040	3.31655523100	12.38119404000			
0.47690014900	12.80448791000	1.87042648000	0.47690014900	3.31528764000	12.38097986000			
0.53651266770	12.89128038000	1.86488813900	0.53651266770	3.31477646200	12.38178212000			
0.59612518630	12.97617333000	1.85842851700	0.59612518630	3.31628614300	12.38172004000			
0.65573770490	13.06602333000	1.84971584200	0.65573770490	3.31584669000	12.38100695000			
0.71535022350	13.17085639000	1.83237989400	0.71535022350	3.31657117300	12.38110086000			
0.77496274220	13.26197174000	1.82875156100	0.77496274220	3.31675913300	12.38142074000			
0.83457526080	13.32284240000	1.82658618400	0.83457526080	3.31623574100	12.38094048000			
0.89418777940	13.42965161000	1.80866786600	0.89418777940	3.31722471400	12.38135921000			
0.95380029810	13.48864966000	1.80556328500	0.95380029810	3.31779066200	12.38109919000			
1.01341281700	13.58441777000	1.79843353200	1.01341281700	3.31680129100	12.38129960000			
1.07302533500	13.72265458000	1.78669669500	1.07302533500	3.31924453200	12.38183988000			
1.13263785400	13.76871919000	1.78547665200	1.13263785400	3.31890105600	12.38157118000			
1.19225037300	13.84585060000	1.78535096400	1.19225037300	3.31839913400	12.38170587000			
1.25186289100	13.92072530000	1.78186755700	1.25186289100	3.31902230300	12.38145186000			
1.31147541000	14.05167992000	1.77614803200	1.31147541000	3.32057173800	12.38205413000			
1.37108792800	14.07883493000	1.77744180500	1.37108792800	3.31906185800	12.38181548000			
1.43070044700	14.18435464000	1.76536538200	1.43070044700	3.31911644900	12.38194349000			
1.49031296600	14.32360141000	1.74916975700	1.49031296600	3.32387220800	12.38251536000			
1.54992548400	14.34563071000	1.75338218000	1.54992548400	3.32079972000	12.38252166000			
1.60953800300	14.46065869000	1.74170609500	1.60953800300	3.32199532400	12.38222901000			
1.66915052200	14.51625521000	1.73544430900	1.66915052200	3.32148620700	12.38187766000			
1.72876304000	14.54523338000	1.73461331200	1.72876304000	3.32199835300	12.38196145000			
1.78837555900	14.59932892000	1.73123630000	1.78837555900	3.32246476100	12.38183674000			
1.84798807700	14.69306476000	1.72594186300	1.84798807700	3.32233966200	12.38234802000			
1.90760059600	14.77220956000	1.72189497500	1.90760059600	3.32111942500	12.38219482000			
1.96721311500	14.82673418000	1.70832705100	1.96721311500	3.32337030900	12.38126650000			
2.02682563300	14.83828948000	1.71270787800	2.02682563300	3.32092752500	12.38180365000			
2.08643815200	14.89200619000	1.70972141300	2.08643815200	3.32092887500	12.38168658000			
2.14605067100	15.00145144000	1.70439149300	2.14605067100	3.32178830500	12.38129968000			
2.20566318900	15.12962106000	1.69689920200	2.20566318900	3.32414988800	12.38051402000			
2.26527570800	15.17663336000	1.69438580800	2.26527570800	3.32190840700	12.38061339000			
2.32488822700	15.20517547000	1.69396756300	2.32488822700	3.31853549100	12.37955380000			
2.38450074500	15.32920142000	1.68407197600	2.38450074500	3.31998588400	12.37951423000			
2.44411326400	15.35231505000	1.67934915200	2.44411326400	3.32207688700	12.37955523000			
2.50372578200	15.48480622000	1.67139298500	2.50372578200	3.32240428000	12.37984812000			
2.56333830100	15.52134617000	1.66492983000	2.56333830100	3.32181816900	12.38009773000			
2.62295082000	15.55922462000	1.66077696600	2.62295082000	3.32063620800	12.38032170000			
2.68256333800	15.61401331000	1.65288188300	2.68256333800	3.32167434700	12.37970006000			
2.74217585700	15.67432361000	1.64457131200	2.74217585700	3.32237840400	12.37929462000			
2.80178837600	15.73727379000	1.63448510200	2.80178837600	3.32120121100	12.37964889000			
2.86140089400	15.81017058000	1.62614558800	2.86140089400	3.32244671400	12.37968590000			
2.92101341300	15.89864859000	1.62420937800	2.92101341300	3.32102267600	12.37925782000			
2.98062593100	15.98877160000	1.62073416500	2.98062593100	3.32053544500	12.38019576000			
3.04023845000	16.02255947000	1.62741592300	3.04023845000	3.31921245500	12.37940834000			
3.09985096900	16.07386561000	1.62526359100	3.09985096900	3.31697820700	12.37942582000			
3.15946348700	16.13592218000	1.61995982600	3.15946348700	3.31793220500	12.37919595000			
3.21907600600	16.19510523000	1.61324232900	3.21907600600	3.31904013000	12.37907875000			
3.27868852500	16.27667834000	1.60510827000	3.27868852500	3.31805834200	12.37888918000			
3.33830104300	16.34719072000	1.59398199500	3.33830104300	3.31994999400	12.37913375000			
3.39791356200	16.40726011000	1.58972908100	3.39791356200	3.31967665600	12.37863208000			
3.45752608000	16.46265087000	1.58638605300	3.45752608000	3.31910932000	12.37822790000			
3.51713859900	16.48094653000	1.58549070400	3.51713859900	3.32047258400	12.37748804000			
3.57675111800	16.54492154000	1.57854188500	3.57675111800	3.31922648300	12.37841146000			
3.63636363600	16.61289140000	1.57484761000	3.63636363600	3.32055654100	12.37837695000			
3.69597615500	16.64272057000	1.57341692500	3.69597615500	3.32021785700	12.37835720000			
3.75558867400	16.70022169000	1.57262120100	3.75558867400	3.32124130900	12.37805040000			
3.81520119200	16.80959510000	1.56513491800	3.81520119200	3.32244501500	12.37772762000			
3.87481371100	16.86677273000	1.55966160200	3.87481371100	3.32782812700	12.37657356000			
3.93442623000	16.86176183000	1.56307911400	3.93442623000	3.32345187300	12.37715795000			
3.99403874800	16.90640664000	1.56184046300	3.99403874800	3.32826196700	12.37696513000			
4.05365126700	16.93902458000	1.55932383500	4.05365126700	3.32855848700	12.37731896000			
4.11326378500	16.94869236000	1.55804845700	4.11326378500	3.32848870500	12.37765532000			
4.17287630400	16.98622119000	1.55517257000	4.17287630400	3.32603090000	12.37722842000			
4.23248882300	16.97833186000	1.55534892700	4.23248882300	3.32722116600	12.37757043000			
4.29210134100	17.03008649000	1.54808686300	4.29210134100	3.32555048200	12.37735487000			
4.35171386000	17.06664129000	1.54399041800	4.35171386000	3.32468673900	12.37749755000			
4.41132637900	17.13420445000	1.53697510100	4.41132637900	3.32553906300	12.37792077000			
4.47093889700	17.18794700000	1.53219358000	4.47093889700	3.32321926700	12.37783828000			
4.53055141600	17.20677155000	1.53137318000	4.53055141600	3.32360674600	12.37809281000			
4.59016393400	17.27720397000	1.52353566600	4.59016393400	3.32368484600	12.37795268000			
4.64977645300	17.35933155000	1.51565664200	4.64977645300	3.32119511300	12.37803832000			
4.70938897200	17.41280552000	1.51281447300	4.70938897200	3.32005639400	12.37845819000			
4.76900149000	17.47124506000	1.50798945400	4.76900149000	3.32151105800	12.37844331000			
4.82861400900	17.52977333000	1.50216630500	4.82861400900	3.32221165300	12.37874210000			
4.88822652800	17.56235351000	1.50224028700	4.88822652800	3.32057293800	12.37796707000			
4.94783904600	17.63205955000	1.49595067700	4.94783904600	3.32220855800	12.37841311000			
5.00745156500	17.67833108000	1.49159587400	5.00745156500	3.32141826100	12.37849417000			
5.06706408300	17.70697660000	1.48992424700	5.06706408300	3.32051521700	12.37847526000			
5.12667660200	17.78624047000	1.48246710900	5.12667660200	3.31994259100	12.37904413000			
5.18628912100	17.81662193000	1.47678613000	5.18628912100	3.31877270100	12.37829824000			
5.24590163900	17.86090449000	1.47462654200	5.24590163900	3.31965894200	12.37855045000			
5.30551415800	17.88063476000	1.47327991100	5.30551415800	3.31695463000	12.37863201000			
5.36512667700	17.95105205000	1.46487891900	5.36512667700	3.31584653900	12.37863415000			
5.42473919500	17.95231206000	1.46640769500	5.42473919500	3.31472794800	12.37994772000			
5.48435171400	17.99998733000	1.46390106300	5.48435171400	3.31440736800	12.38010568000			
5.54396423200	18.08646444000	1.45326559100	5.54396423200	3.31434393300	12.38003262000			
5.60357675100	18.10349338000	1.45224959500	5.60357675100	3.31294453500	12.38019735000			
5.66318927000	18.16645602000	1.44739176300	5.66318927000	3.31270039600	12.38032840000			
5.72280178800	18.20355834000	1.44618504100	5.72280178800	3.31239425600	12.38022740000			
5.78241430700	18.21270484000	1.44713218800	5.78241430700	3.30623005300	12.38060956000			
5.84202682600	18.26273994000	1.44398783400	5.84202682600	3.30828054800	12.38206281000			
5.90163934400	18.29008538000	1.44325109800	5.90163934400	3.30400187500	12.38385224000			
5.96125186300	18.30543777000	1.44438956600	5.96125186300	3.29762315700	12.38643525000			
6.02086438200	18.30527086000	1.44618545700	6.02086438200	3.29280864600	12.38855287000			
6.08047690000	18.35964177000	1.44206317000	6.08047690000	3.29197287500	12.39057779000			
6.14008941900	18.40197757000	1.43444632700	6.14008941900	3.28633704800	12.39214791000			
6.19970193700	18.51987100000	1.42215799300	6.19970193700	3.29284488600	12.39274981000			
6.25931445600	18.53578873000	1.42123893300	6.25931445600	3.29484377500	12.39174306000			
6.31892697500	18.55293820000	1.41704352500	6.31892697500	3.29605142000	12.39029582000			
6.37853949300	18.56243713000	1.41664909100	6.37853949300	3.29443802400	12.38987442000			
6.43815201200	18.59062975000	1.41451494700	6.43815201200	3.28926179200	12.38961330000			
6.49776453100	18.64828888000	1.41029977400	6.49776453100	3.28802154800	12.38812066000			
6.55737704900	18.68094727000	1.40560074700	6.55737704900	3.29337052800	12.38577798000			
6.61698956800	18.76811907000	1.39935737600	6.61698956800	3.28867667600	12.38546110000			
6.67660208600	18.82492962000	1.39922091500	6.67660208600	3.28458112300	12.38618302000			
6.73621460500	18.87054387000	1.39387272900	6.73621460500	3.29229476200	12.38568171000			
6.79582712400	18.90224845000	1.39504516600	6.79582712400	3.29373152900	12.38288549000			
6.85543964200	18.95873113000	1.38865490700	6.85543964200	3.29198037900	12.38203269000			
6.91505216100	18.96407000000	1.38945007400	6.91505216100	3.29317721800	12.38438038000			
6.97466468000	18.99974178000	1.38556118000	6.97466468000	3.29673856800	12.38533440000			
7.03427719800	19.03846041000	1.38594527800	7.03427719800	3.29623249800	12.38367991000			
7.09388971700	19.05373755000	1.38424234700	7.09388971700	3.29470661200	12.38544376000			
7.15350223500	19.08660876000	1.37786736300	7.15350223500	3.29641209600	12.38564967000			
7.21311475400	19.09262370000	1.37307908400	7.21311475400	3.29801209100	12.38449381000			
7.27272727300	19.12938422000	1.36935531000	7.27272727300	3.30126061000	12.38365887000			
7.33233979100	19.17450669000	1.36257729800	7.33233979100	3.30133030900	12.38329704000			
7.39195231000	19.24209863000	1.35436440400	7.39195231000	3.30357730500	12.38338892000			
7.45156482900	19.26690544000	1.35482668700	7.45156482900	3.30460996000	12.38339814000			
7.51117734700	19.26649684000	1.35590818700	7.51117734700	3.29914598900	12.38444927000			
7.57078986600	19.34376860000	1.34840128800	7.57078986600	3.30006427600	12.38708924000			
7.63040238500	19.35700535000	1.34689520600	7.63040238500	3.29546467000	12.38896525000			
7.69001490300	19.37197354000	1.34221887300	7.69001490300	3.29639825500	12.39124031000			
7.74962742200	19.36945479000	1.34192662400	7.74962742200	3.29412652200	12.39098747000			
7.80923994000	19.35512100000	1.34192190800	7.80923994000	3.29525419500	12.39454390000			
7.86885245900	19.35327351000	1.33496495500	7.86885245900	3.29546631200	12.39934443000			
7.92846497800	19.34344887000	1.33473481600	7.92846497800	3.29085708400	12.39984798000			
7.98807749600	19.35646895000	1.33909664700	7.98807749600	3.29094139700	12.39939152000			
8.04769001500	19.37504014000	1.33782215900	8.04769001500	3.29657861000	12.39661206000			
8.10730253400	19.42948374000	1.33348317000	8.10730253400	3.29855704000	12.39511702000			
8.16691505200	19.46744748000	1.33123794800	8.16691505200	3.29671055300	12.39324132000			
8.22652757100	19.45335021000	1.33238246000	8.22652757100	3.29627480300	12.39362279000			
8.28614008900	19.48125773000	1.33063180000	8.28614008900	3.29774018300	12.39206992000			
8.34575260800	19.51048294000	1.32820664400	8.34575260800	3.29779099700	12.39230605000			
8.40536512700	19.55325066000	1.32679378400	8.40536512700	3.30358231600	12.39131051000			
8.46497764500	19.65530054000	1.31676415500	8.46497764500	3.30825729800	12.39060064000			
8.52459016400	19.66172732000	1.31824119200	8.52459016400	3.30606810300	12.38962636000			
8.58420268300	19.69072142000	1.31571871900	8.58420268300	3.30617605400	12.38888763000			
8.64381520100	19.68701038000	1.31367945800	8.64381520100	3.30624802000	12.38995089000			
8.70342772000	19.69172133000	1.31313295400	8.70342772000	3.30724636800	12.38902077000			
8.76304023800	19.71690773000	1.31005616600	8.76304023800	3.30492735300	12.38690876000			
8.82265275700	19.70477703000	1.31139866000	8.82265275700	3.30282660900	12.38510809000			
8.88226527600	19.71071668000	1.31210667300	8.88226527600	3.29779694000	12.38386543000			
8.94187779400	19.72458345000	1.31220543900	8.94187779400	3.29851268200	12.38255651000			
9.00149031300	19.72506710000	1.31393033900	9.00149031300	3.29824095600	12.38101711000			
9.06110283200	19.73920128000	1.31165007400	9.06110283200	3.29621730600	12.38048209000			
9.12071535000	19.75044997000	1.31206320300	9.12071535000	3.30079922800	12.38096089000			
9.18032786900	19.83318321000	1.30806419700	9.18032786900	3.30196627700	12.38207164000			
9.23994038700	19.88831761000	1.30597719200	9.23994038700	3.30971606600	12.38122401000			
9.29955290600	19.94734467000	1.29890756700	9.29955290600	3.31145336300	12.38017926000			
9.35916542500	19.98001676000	1.29515033800	9.35916542500	3.30970360900	12.37796630000			
9.41877794300	20.00782121000	1.29005613700	9.41877794300	3.31580859400	12.37922542000			
9.47839046200	20.02289201000	1.29155656300	9.47839046200	3.31128160600	12.37889924000			
9.53800298100	20.04135746000	1.29079126500	9.53800298100	3.30800776500	12.38083321000			
9.59761549900	20.03558916000	1.29125587400	9.59761549900	3.30934951300	12.38115638000			
9.65722801800	20.05950718000	1.28435090600	9.65722801800	3.30153892400	12.38312224000			
9.71684053700	20.17375791000	1.27587839300	9.71684053700	3.30425366700	12.38435312000			
9.77645305500	20.20035546000	1.27332900100	9.77645305500	3.30744926800	12.38372712000			
9.83606557400	20.21713117000	1.27477524600	9.83606557400	3.30095131600	12.38678779000			
9.89567809200	20.22070369000	1.27462618400	9.89567809200	3.29815940200	12.39151467000			
9.95529061100	20.21463374000	1.27349340000	9.95529061100	3.29347661700	12.39600119000			
10.01490313000	20.23343427000	1.27178690500	10.01490313000	3.29032992100	12.39789679000			
10.07451565000	20.30719475000	1.26579802900	10.07451565000	3.29533567000	12.40107008000			
10.13412817000	20.35328046000	1.26355550900	10.13412817000	3.30298265900	12.40243783000			
10.19374069000	20.44251320000	1.25215177200	10.19374069000	3.30226464000	12.40263010000			
10.25335320000	20.51260188000	1.24639754900	10.25335320000	3.30311103600	12.40605628000			
10.31296572000	20.58890142000	1.24434253300	10.31296572000	3.30846107700	12.40568446000			
10.37257824000	20.63602657000	1.24542767300	10.37257824000	3.31292907800	12.40358152000			
10.43219076000	20.65247228000	1.24072453600	10.43219076000	3.31131212600	12.39950551000			
10.49180328000	20.66984597000	1.24122060800	10.49180328000	3.31155167200	12.39500166000			
10.55141580000	20.67337835000	1.24011020100	10.55141580000	3.31485653100	12.39012907000			
10.61102832000	20.68149059000	1.23996451900	10.61102832000	3.32055916900	12.38443201000			
10.67064083000	20.69388345000	1.24002609000	10.67064083000	3.32021471500	12.38254839000			
10.73025335000	20.74317836000	1.23296357300	10.73025335000	3.31851918800	12.38243710000			
10.78986587000	20.73132312000	1.23292908600	10.78986587000	3.31942549900	12.38100369000			
10.84947839000	20.74834477000	1.23093659300	10.84947839000	3.31964868500	12.37903375000			
10.90909091000	20.75346792000	1.23076517400	10.90909091000	3.31869840100	12.37876524000			
10.96870343000	20.73801546000	1.23138115200	10.96870343000	3.31775627500	12.37817395000			
11.02831595000	20.76137842000	1.23142755400	11.02831595000	3.32184622900	12.37677852000			
11.08792846000	20.76335772000	1.22970142100	11.08792846000	3.32198490700	12.37652430000			
11.14754098000	20.75898654000	1.23143029200	11.14754098000	3.31973044700	12.37697432000			
11.20715350000	20.76728408000	1.23183182600	11.20715350000	3.32090475700	12.37641978000			
11.26676602000	20.78117899000	1.22930641300	11.26676602000	3.31526548000	12.37662540000			
11.32637854000	20.83119752000	1.22474479400	11.32637854000	3.31538891500	12.37549150000			
11.38599106000	20.82018269000	1.22424028400	11.38599106000	3.31013139100	12.37577471000			
11.44560358000	20.82924538000	1.22322635600	11.44560358000	3.30809494200	12.37700994000			
11.50521610000	20.84199871000	1.22249768600	11.50521610000	3.29831979700	12.37764963000			
11.56482861000	20.87241984000	1.21702068900	11.56482861000	3.29679424800	12.38053540000			
11.62444113000	20.88419826000	1.21550262800	11.62444113000	3.28422523700	12.38598164000			
11.68405365000	20.86577182000	1.21267893300	11.68405365000	3.29800073200	12.39767165000			
11.74366617000	20.90229236000	1.20851027500	11.74366617000	3.30817914700	12.42401321000			
11.80327869000	20.91216381000	1.20978020100	11.80327869000	3.30112504800	12.43338669000			
11.86289121000	20.91295949000	1.20932036400	11.86289121000	3.30522605300	12.43574045000			
11.92250373000	20.89688773000	1.20854345200	11.92250373000	3.29382304400	12.43752485000			
11.98211624000	20.89038277000	1.20672724400	11.98211624000	3.28841561500	12.44245236000			
12.04172876000	20.90201394000	1.20848947800	12.04172876000	3.28900345200	12.44194033000			
12.10134128000	20.92734307000	1.20911137400	12.10134128000	3.28151427100	12.43800754000			
12.16095380000	21.01594406000	1.20377319900	12.16095380000	3.26769384200	12.44103481000			
12.22056632000	21.02952451000	1.20443294900	12.22056632000	3.25459525500	12.44365913000			
12.28017884000	21.04873822000	1.19760346300	12.28017884000	3.24774700000	12.44512161000			
12.33979136000	21.05044553000	1.19779690800	12.33979136000	3.24805356000	12.44789053000			
12.39940387000	21.11265087000	1.19586209700	12.39940387000	3.24897851100	12.44822572000			
12.45901639000	21.14805279000	1.18975780400	12.45901639000	3.25230387800	12.44696499000			
12.51862891000	21.17881407000	1.19134183600	12.51862891000	3.24855449000	12.44975436000			
12.57824143000	21.19442960000	1.19422356400	12.57824143000	3.25666237500	12.45384748000			
12.63785395000	21.23310347000	1.19260939900	12.63785395000	3.26418674200	12.45159113000			
12.69746647000	21.22856991000	1.19557124300	12.69746647000	3.25195386100	12.44592083000			
12.75707899000	21.20974009000	1.19768822500	12.75707899000	3.26379102600	12.44406090000			
12.81669151000	21.21204674000	1.19520312300	12.81669151000	3.27423682500	12.44054298000			
12.87630402000	21.21415691000	1.19131141700	12.87630402000	3.27329194600	12.44237214000			
12.93591654000	21.20444311000	1.19236007100	12.93591654000	3.26864449300	12.44330006000			
12.99552906000	21.20828087000	1.18941891100	12.99552906000	3.26291266300	12.44668910000			
13.05514158000	21.21812997000	1.19075809800	13.05514158000	3.25296408000	12.44767209000			
13.11475410000	21.22165999000	1.18776918300	13.11475410000	3.24607658800	12.44979857000			
13.17436662000	21.19120522000	1.17519777000	13.17436662000	3.21408689500	12.44780142000			
13.23397914000	21.18047473000	1.16264864500	13.23397914000	3.19515363200	12.44411666000			
13.29359165000	21.17890130000	1.16935659500	13.29359165000	3.18969011200	12.44768190000			
13.35320417000	21.19385359000	1.17112260400	13.35320417000	3.18249570100	12.44828944000			
13.41281669000	21.17732912000	1.17693054800	13.41281669000	3.17611820200	12.45203169000			
13.47242921000	21.17875424000	1.18044240700	13.47242921000	3.16752542200	12.45426737000			
13.53204173000	21.16351344000	1.18253667700	13.53204173000	3.15765794000	12.45655570000			
13.59165425000	21.15889966000	1.18332261300	13.59165425000	3.14656931200	12.45978693000			
13.65126677000	21.14836680000	1.18598372800	13.65126677000	3.13302216300	12.45993559000			
13.71087928000	21.07326470000	1.19279613400	13.71087928000	3.09619213500	12.46709392000			
13.77049180000	21.10029468000	1.19526279800	13.77049180000	3.07946605800	12.47097086000			
13.83010432000	21.14421917000	1.19046793100	13.83010432000	3.08658290000	12.47193775000			
13.88971684000	21.13231946000	1.19683708500	13.88971684000	3.06828558400	12.47473961000			
13.94932936000	21.09991593000	1.20150648900	13.94932936000	3.05182607300	12.47420016000			
14.00894188000	21.05351453000	1.20615503900	14.00894188000	3.01198227200	12.47958393000			
14.06855440000	21.06003626000	1.21039886700	14.06855440000	2.99037870300	12.48246345000			
14.12816692000	21.04546850000	1.21111839100	14.12816692000	2.97506596300	12.48034873000			
14.18777943000	21.05860509000	1.21191444300	14.18777943000	2.96551000000	12.48111795000			
14.24739195000	21.05648055000	1.21351681000	14.24739195000	2.95612622600	12.48249371000			
14.30700447000	21.07013056000	1.21118815000	14.30700447000	2.95297156100	12.48221445000			
14.36661699000	21.07795258000	1.20800730900	14.36661699000	2.94391267800	12.48428473000			
14.42622951000	21.08721803000	1.20624605900	14.42622951000	2.92002247000	12.48789831000			
14.48584203000	21.10950201000	1.20571487800	14.48584203000	2.91611737500	12.48933663000			
14.54545455000	21.06579943000	1.20944549800	14.54545455000	2.88007895900	12.49107178000			
14.60506706000	21.07712425000	1.20479373800	14.60506706000	2.87046702900	12.49274134000			
14.66467958000	21.11543898000	1.20291618200	14.66467958000	2.86638911100	12.49367289000			
14.72429210000	21.09950475000	1.20358836700	14.72429210000	2.85439350700	12.49469706000			
14.78390462000	21.10458644000	1.20116644000	14.78390462000	2.84515528300	12.49519629000			
14.84351714000	21.08634965000	1.19924582100	14.84351714000	2.82003461800	12.49270240000			
14.90312966000	21.09342928000	1.19778091300	14.90312966000	2.79945518900	12.49315137000			
14.96274218000	21.09889471000	1.19461217300	14.96274218000	2.78997401200	12.49478181000			
15.02235469000	21.07221382000	1.19587308200	15.02235469000	2.77842881700	12.49507703000			
15.08196721000	21.08338263000	1.19802633600	15.08196721000	2.77116508400	12.49545192000			
15.14157973000	21.03233015000	1.20256736600	15.14157973000	2.75485683100	12.49522513000			
15.20119225000	21.07983501000	1.19813015400	15.20119225000	2.74074385400	12.49680428000			
15.26080477000	21.08846025000	1.19875422500	15.26080477000	2.73491818900	12.49889019000			
15.32041729000	21.09132189000	1.19586014600	15.32041729000	2.72257559000	12.50050686000			
15.38002981000	21.09144140000	1.19558136800	15.38002981000	2.71353083400	12.50314933000			
15.43964232000	21.10430697000	1.19455884900	15.43964232000	2.70336604600	12.50485046000			
15.49925484000	21.09282489000	1.19408531800	15.49925484000	2.68814461300	12.50780862000			
15.55886736000	21.08631453000	1.19433819500	15.55886736000	2.67590121000	12.50994403000			
15.61847988000	21.10018176000	1.19319464200	15.61847988000	2.66742361600	12.51027939000			
15.67809240000	21.10711841000	1.19167014700	15.67809240000	2.66105170800	12.51118479000			
15.73770492000	21.11642918000	1.19128446300	15.73770492000	2.65649146100	12.51187448000			
15.79731744000	21.13841702000	1.19089272900	15.79731744000	2.65191373000	12.51051431000			
15.85692996000	21.13096349000	1.19139284200	15.85692996000	2.64668264400	12.51152158000			
15.91654247000	21.11376472000	1.19192247900	15.91654247000	2.62479486200	12.51235160000			
15.97615499000	21.12133498000	1.19046767100	15.97615499000	2.61885773600	12.51055559000			
16.03576751000	21.11243980000	1.18878990700	16.03576751000	2.60487323100	12.50996154000			
16.09538003000	21.10954803000	1.18801104400	16.09538003000	2.58144794700	12.51064968000			
16.15499255000	21.10560820000	1.18818094400	16.15499255000	2.57225518900	12.51239494000			
16.21460507000	21.10198518000	1.18652288300	16.21460507000	2.55809138900	12.51458952000			
16.27421759000	21.09578200000	1.18122638200	16.27421759000	2.53518102900	12.51536956000			
16.33383010000	21.08267598000	1.18215327000	16.33383010000	2.49589135300	12.52096826000			
16.39344262000	21.08494566000	1.18434904700	16.39344262000	2.46780498600	12.52367473000			
16.45305514000	21.06691140000	1.17997719800	16.45305514000	2.44709341600	12.52244612000			
16.51266766000	21.07731493000	1.17638934500	16.51266766000	2.43419981000	12.52325808000			
16.57228018000	21.08802197000	1.18112332800	16.57228018000	2.42404256400	12.52436126000			
16.63189270000	21.09946959000	1.18183162300	16.63189270000	2.42004688700	12.52505549000			
16.69150522000	21.11189543000	1.18504309800	16.69150522000	2.41212752100	12.52485168000			
16.75111773000	21.10049249000	1.18217194000	16.75111773000	2.40337211700	12.52753575000			
16.81073025000	21.11649229000	1.18742576600	16.81073025000	2.39651631600	12.52922810000			
16.87034277000	21.12323533000	1.18972354900	16.87034277000	2.39246649900	12.53079085000			
16.92995529000	21.10895924000	1.18932946300	16.92995529000	2.38995202500	12.53146556000			
16.98956781000	21.11494239000	1.19076654900	16.98956781000	2.37532855700	12.53350263000			
17.04918033000	21.10788186000	1.19194738800	17.04918033000	2.34785586300	12.53805615000			
17.10879285000	21.09417726000	1.18960371100	17.10879285000	2.33433053600	12.54260260000			
17.16840537000	21.01202467000	1.19853555300	17.16840537000	2.32022131600	12.55008283000			
17.22801788000	21.05882328000	1.19914722500	17.22801788000	2.29726794700	12.54872611000			
17.28763040000	20.96392593000	1.20624872900	17.28763040000	2.25011781200	12.55757782000			
17.34724292000	20.95196190000	1.20655147600	17.34724292000	2.21717904400	12.55921160000			
17.40685544000	20.96487735000	1.20725780800	17.40685544000	2.19836894000	12.56012119000			
17.46646796000	21.00945598000	1.20686482100	17.46646796000	2.19775471500	12.55919919000			
17.52608048000	21.00646482000	1.20809453800	17.52608048000	2.18724929100	12.56150085000			
17.58569300000	21.02952096000	1.20612248500	17.58569300000	2.18557562800	12.56103274000			
17.64530551000	21.00686536000	1.20273923300	17.64530551000	2.17346036400	12.56494220000			
17.70491803000	21.01457509000	1.20211227900	17.70491803000	2.16977384000	12.56465067000			
17.76453055000	21.02266301000	1.20109118500	17.76453055000	2.16338218100	12.56185286000			
17.82414307000	21.02869038000	1.19860474700	17.82414307000	2.14247471100	12.56539542000			
17.88375559000	21.02060506000	1.20126903800	17.88375559000	2.12056133500	12.56814028000			
17.94336811000	21.00031995000	1.19989223400	17.94336811000	2.10008285700	12.57452218000			
18.00298063000	20.97776523000	1.19812331900	18.00298063000	2.07326294300	12.57417867000			
18.06259314000	20.96051950000	1.20130174600	18.06259314000	2.05542533900	12.57877750000			
18.12220566000	20.93867769000	1.20213314600	18.12220566000	2.02355020100	12.58979343000			
18.18181818000	20.86749285000	1.20079618100	18.18181818000	1.98995614600	12.59689291000			
18.24143070000	20.81705430000	1.20564969100	18.24143070000	1.95270788900	12.60028519000			
18.30104322000	20.80721884000	1.20522374000	18.30104322000	1.93019419000	12.59324064000			
18.36065574000	20.80790047000	1.20759514700	18.36065574000	1.92173040900	12.58910844000			
18.42026826000	20.78391694000	1.21004285400	18.42026826000	1.90442994100	12.58332736000			
18.47988077000	20.79043939000	1.20955447200	18.47988077000	1.88700829000	12.58209609000			
18.53949329000	20.79476628000	1.20867950200	18.53949329000	1.87263264300	12.58243292000			
18.59910581000	20.81401106000	1.21050941600	18.59910581000	1.87792001600	12.58064944000			
18.65871833000	20.80393507000	1.21212238200	18.65871833000	1.86507252800	12.58048692000			
18.71833085000	20.81767173000	1.20999419100	18.71833085000	1.84036619800	12.58381794000			
18.77794337000	20.80396854000	1.20580270400	18.77794337000	1.82538743400	12.58474660000			
18.83755589000	20.80960629000	1.20713865300	18.83755589000	1.80671003300	12.58761123000			
18.89716841000	20.81686204000	1.20410379200	18.89716841000	1.81710528900	12.58555176000			
18.95678092000	20.80514341000	1.20739670400	18.95678092000	1.80080224700	12.58895122000			
19.01639344000	20.80835949000	1.21301989400	19.01639344000	1.79329879000	12.58685695000			
19.07600596000	20.80910792000	1.21268413200	19.07600596000	1.79269001400	12.58561458000			
19.13561848000	20.80062962000	1.21471098800	19.13561848000	1.79297683900	12.58569555000			
19.19523100000	20.79631016000	1.21633649900	19.19523100000	1.79304704500	12.58551010000			
19.25484352000	20.79522589000	1.21607766100	19.25484352000	1.78308173700	12.58273736000			
19.31445604000	20.80205904000	1.21701566700	19.31445604000	1.76813364300	12.58366522000			
19.37406855000	20.79883732000	1.21754391300	19.37406855000	1.75074420200	12.58718062000			
19.43368107000	20.82476049000	1.21758341800	19.43368107000	1.74992605100	12.58807924000			
19.49329359000	20.83468927000	1.21909991700	19.49329359000	1.74682154300	12.58868210000			
19.55290611000	20.82519782000	1.22050166700	19.55290611000	1.73833354100	12.59095692000			
19.61251863000	20.81563007000	1.22006954100	19.61251863000	1.71996903500	12.59415628000			
19.67213115000	20.80919289000	1.22116519100	19.67213115000	1.70414416400	12.59266736000			
19.73174367000	20.78646291000	1.22372139500	19.73174367000	1.66057255600	12.59792958000			
19.79135618000	20.78865833000	1.22252264500	19.79135618000	1.64320585000	12.59955453000			
19.85096870000	20.72609716000	1.22239209400	19.85096870000	1.61269608500	12.59889482000			
19.91058122000	20.71386930000	1.22227869900	19.91058122000	1.59336134000	12.59901010000			
19.97019374000	20.73220027000	1.22171179000	19.97019374000	1.58573710300	12.59990045000			
20.02980626000	20.76712304000	1.22205287600	20.02980626000	1.58483837100	12.60059433000			
20.08941878000	20.73874344000	1.22314280000	20.08941878000	1.57752761100	12.60292280000			
20.14903130000	20.74499155000	1.22252411100	20.14903130000	1.57671676600	12.60413115000			
20.20864382000	20.75015382000	1.22230891800	20.20864382000	1.56916798200	12.60448147000			
20.26825633000	20.75445079000	1.22168962800	20.26825633000	1.57009102200	12.60504596000			
20.32786885000	20.75421868000	1.21910595200	20.32786885000	1.56900283000	12.60474583000			
20.38748137000	20.77044335000	1.21671379000	20.38748137000	1.56750683200	12.60585520000			
20.44709389000	20.79567767000	1.21333651300	20.44709389000	1.56688609300	12.60605585000			
20.50670641000	20.80159597000	1.21260037800	20.50670641000	1.56915193600	12.60671343000			
20.56631893000	20.80296720000	1.21274562900	20.56631893000	1.57294917600	12.60512828000			
20.62593145000	20.80928519000	1.20916057000	20.62593145000	1.56896984000	12.60603970000			
20.68554396000	20.81030743000	1.20605585500	20.68554396000	1.55553131500	12.60386758000			
20.74515648000	20.82011792000	1.20375537800	20.74515648000	1.54534048800	12.60437431000			
20.80476900000	20.81079849000	1.20658198000	20.80476900000	1.53650361100	12.60544129000			
20.86438152000	20.79612150000	1.20951271700	20.86438152000	1.51714202500	12.60712157000			
20.92399404000	20.78211626000	1.20757465700	20.92399404000	1.49985465700	12.60921008000			
20.98360656000	20.77357423000	1.21247017600	20.98360656000	1.48099502600	12.60796854000			
21.04321908000	20.80350409000	1.21191116600	21.04321908000	1.46924143600	12.60901249000			
21.10283159000	20.81007426000	1.21339619600	21.10283159000	1.46615227400	12.60888395000			
21.16244411000	20.81765439000	1.21554850300	21.16244411000	1.47824189700	12.60822780000			
21.22205663000	20.82213129000	1.21627077300	21.22205663000	1.46884543500	12.60969229000			
21.28166915000	20.82882100000	1.21393149400	21.28166915000	1.45909499900	12.61044592000			
21.34128167000	20.81374064000	1.21422351800	21.34128167000	1.45296690000	12.61105207000			
21.40089419000	20.80270853000	1.21419824700	21.40089419000	1.44791561000	12.61143610000			
21.46050671000	20.80624122000	1.21352623700	21.46050671000	1.44123405900	12.61194827000			
21.52011923000	20.79719801000	1.21419633000	21.52011923000	1.43343827000	12.61196052000			
21.57973174000	20.79361942000	1.21639992200	21.57973174000	1.43309989000	12.61189093000			
21.63934426000	20.81277435000	1.21745355600	21.63934426000	1.43565727600	12.61186167000			
21.69895678000	20.82582681000	1.21897353800	21.69895678000	1.43860966400	12.61152173000			
21.75856930000	20.81061314000	1.21933774400	21.75856930000	1.43732574500	12.61110067000			
21.81818182000	20.81847255000	1.21980261800	21.81818182000	1.43848497200	12.61073525000			
21.87779434000	20.81873967000	1.21985387200	21.87779434000	1.43461711600	12.61094064000			
21.93740686000	20.81666611000	1.21954009900	21.93740686000	1.43603860200	12.61121543000			
21.99701937000	20.81373384000	1.22002265800	21.99701937000	1.43586480700	12.61135215000			
22.05663189000	20.81542348000	1.22017174700	22.05663189000	1.43613179800	12.61123265000			
22.11624441000	20.82736850000	1.21894089300	22.11624441000	1.43953528700	12.61061954000			
22.17585693000	20.82050411000	1.22107310700	22.17585693000	1.43779731200	12.61127783000			
22.23546945000	20.81064507000	1.22153815500	22.23546945000	1.43846923200	12.61134320000			
22.29508197000	20.82225335000	1.22123749100	22.29508197000	1.43716012800	12.61150161000			
22.35469449000	20.81775097000	1.21984793600	22.35469449000	1.43799776800	12.61099515000			
22.41430700000	20.80678871000	1.22100017200	22.41430700000	1.43747377000	12.61101388000			
22.47391952000	20.81434241000	1.21915234100	22.47391952000	1.44014093500	12.61039032000			
22.53353204000	20.79548019000	1.21972869200	22.53353204000	1.43548307300	12.61142634000			
22.59314456000	20.80266113000	1.21818435400	22.59314456000	1.43675660800	12.61149261000			
22.65275708000	20.80663345000	1.21749034300	22.65275708000	1.43586533400	12.61138839000			
22.71236960000	20.79202287000	1.21668293500	22.71236960000	1.42898229700	12.61180690000			
22.77198212000	20.78288883000	1.21659858700	22.77198212000	1.42752286100	12.61101450000			
22.83159463000	20.79720265000	1.21911193900	22.83159463000	1.42754823400	12.61166216000			
22.89120715000	20.77370040000	1.21841288000	22.89120715000	1.42529526400	12.61195956000			
22.95081967000	20.71940653000	1.22595066300	22.95081967000	1.41751514100	12.61255036000			
