CALbump			CALext		
t	x	y	t	x	y
0.000000000000	10.086308340000	9.686225126000	0.000000000000	-14.786426210000	13.923589190000
0.018529498960	10.087481310000	9.685874041000	0.018529498960	-14.785887260000	13.923739080000
0.037058997920	10.087720240000	9.685609952000	0.037058997920	-14.787658220000	13.923744870000
0.055588496890	10.089273930000	9.684958650000	0.055588496890	-14.786527280000	13.923544760000
0.074117995850	10.090242010000	9.683994280000	0.074117995850	-14.786193730000	13.922788820000
0.092647494810	10.089568750000	9.682816401000	0.092647494810	-14.785729860000	13.922467500000
0.111176993800	10.090223280000	9.683096894000	0.111176993800	-14.789695840000	13.922906350000
0.129706492700	10.088130220000	9.683293998000	0.129706492700	-14.789877960000	13.922399810000
0.148235991700	10.085026180000	9.683247154000	0.148235991700	-14.789786440000	13.922386950000
0.166765490700	10.086470390000	9.683557517000	0.166765490700	-14.789618590000	13.922599310000
0.185294989600	10.091215340000	9.681474732000	0.185294989600	-14.788945220000	13.923295050000
0.203824488600	10.093022190000	9.680574584000	0.203824488600	-14.789285490000	13.923031510000
0.222353987500	10.094457040000	9.681512345000	0.222353987500	-14.787142550000	13.923247160000
0.240883486500	10.092971430000	9.682693893000	0.240883486500	-14.790033690000	13.922997240000
0.259412985500	10.094621140000	9.682595439000	0.259412985500	-14.789329370000	13.923248810000
0.277942484400	10.097284750000	9.681857785000	0.277942484400	-14.787923320000	13.922617460000
0.296471983400	10.093955250000	9.683130903000	0.296471983400	-14.787576570000	13.922833390000
0.315001482400	10.087782910000	9.683112803000	0.315001482400	-14.787875390000	13.923347090000
0.333530981300	10.082963440000	9.683893350000	0.333530981300	-14.788846390000	13.923091650000
0.352060480300	10.080360900000	9.684510437000	0.352060480300	-14.791634170000	13.923524910000
0.370589979200	10.082214520000	9.684511013000	0.370589979200	-14.788980750000	13.922779100000
0.389119478200	10.083715340000	9.684021628000	0.389119478200	-14.790567470000	13.922750130000
0.407648977200	10.083697260000	9.683498516000	0.407648977200	-14.790307620000	13.923274010000
0.426178476100	10.083065300000	9.683143974000	0.426178476100	-14.790364900000	13.923336140000
0.444707975100	10.085837760000	9.683431625000	0.444707975100	-14.788571890000	13.922903500000
0.463237474100	10.083513440000	9.684061516000	0.463237474100	-14.788769650000	13.922898200000
0.481766973000	10.080892560000	9.683715833000	0.481766973000	-14.789643660000	13.922675040000
0.500296472000	10.079253420000	9.683820020000	0.500296472000	-14.787308640000	13.922138870000
0.518825970900	10.081852070000	9.683436228000	0.518825970900	-14.788057460000	13.922118200000
0.537355469900	10.080619570000	9.684560742000	0.537355469900	-14.785761910000	13.921024380000
0.555884968900	10.076239910000	9.684488727000	0.555884968900	-14.789241880000	13.921034360000
0.574414467800	10.081890210000	9.682896737000	0.574414467800	-14.784774520000	13.920822020000
0.592943966800	10.088048280000	9.681684354000	0.592943966800	-14.786445320000	13.921190560000
0.611473465800	10.090483040000	9.680621946000	0.611473465800	-14.784713920000	13.918068430000
0.630002964700	10.084852970000	9.682976063000	0.630002964700	-14.789211990000	13.918629950000
0.648532463700	10.076474350000	9.682132405000	0.648532463700	-14.787433890000	13.919147000000
0.667061962600	10.076368540000	9.681688119000	0.667061962600	-14.789541880000	13.919904680000
0.685591461600	10.085560890000	9.677249740000	0.685591461600	-14.795055780000	13.913301390000
0.704120960600	10.079816780000	9.678966421000	0.704120960600	-14.797215440000	13.915344130000
0.722650459500	10.079526200000	9.681943640000	0.722650459500	-14.794376990000	13.915688220000
0.741179958500	10.073529780000	9.685506171000	0.741179958500	-14.794992360000	13.916695970000
0.759709457500	10.066370270000	9.687235260000	0.759709457500	-14.791308990000	13.917683580000
0.778238956400	10.042271810000	9.686905998000	0.778238956400	-14.792977210000	13.917765810000
0.796768455400	10.014677500000	9.686355445000	0.796768455400	-14.793098980000	13.917288590000
0.815297954300	10.015924910000	9.687113629000	0.815297954300	-14.789742100000	13.919454320000
0.833827453300	10.016725260000	9.686947726000	0.833827453300	-14.791956140000	13.918506230000
0.852356952300	9.998815751000	9.688174000000	0.852356952300	-14.792408020000	13.920727690000
0.870886451200	9.970528452000	9.686194587000	0.870886451200	-14.794512010000	13.920712130000
0.889415950200	9.958307472000	9.685402336000	0.889415950200	-14.793605040000	13.920074840000
0.907945449200	9.952652706000	9.685214305000	0.907945449200	-14.794433240000	13.919407130000
0.926474948100	9.948148360000	9.685297619000	0.926474948100	-14.792833020000	13.920189780000
0.945004447100	9.948966820000	9.685711114000	0.945004447100	-14.792568750000	13.921057700000
0.963533946000	9.960732087000	9.687503948000	0.963533946000	-14.792346020000	13.920392570000
0.982063445000	9.961055406000	9.687279677000	0.982063445000	-14.790663640000	13.920159080000
1.000592944000	9.981849957000	9.686427211000	1.000592944000	-14.789659870000	13.921015890000
1.019122443000	9.998023694000	9.685186657000	1.019122443000	-14.792473520000	13.921505490000
1.037651942000	9.999251146000	9.685752095000	1.037651942000	-14.790574100000	13.921498560000
1.056181441000	10.000632920000	9.686018034000	1.056181441000	-14.791135750000	13.921964680000
1.074710940000	10.004488010000	9.685407574000	1.074710940000	-14.791758020000	13.921678470000
1.093240439000	9.998276494000	9.683786979000	1.093240439000	-14.792524570000	13.921795320000
1.111769938000	9.972666050000	9.684717748000	1.111769938000	-14.794722210000	13.923603600000
1.130299437000	9.945435039000	9.684530404000	1.130299437000	-14.799405920000	13.925446730000
1.148828936000	9.921025100000	9.683641601000	1.148828936000	-14.798968040000	13.926384680000
1.167358435000	9.917513543000	9.683255029000	1.167358435000	-14.801677820000	13.925232630000
1.185887934000	9.909398132000	9.681342100000	1.185887934000	-14.799502990000	13.927320920000
1.204417433000	9.871729523000	9.683127504000	1.204417433000	-14.803598730000	13.929475230000
1.222946932000	9.839052067000	9.682127594000	1.222946932000	-14.801498950000	13.928690700000
1.241476430000	9.823693669000	9.689271093000	1.241476430000	-14.803138770000	13.928594410000
1.260005929000	9.814927392000	9.689580592000	1.260005929000	-14.800164150000	13.927524740000
1.278535428000	9.800044530000	9.688593176000	1.278535428000	-14.801002040000	13.927995920000
1.297064927000	9.793288565000	9.688139363000	1.297064927000	-14.799789110000	13.927033150000
1.315594426000	9.804544971000	9.689773542000	1.315594426000	-14.798895060000	13.928407570000
1.334123925000	9.818514076000	9.692324577000	1.334123925000	-14.797139950000	13.926962160000
1.352653424000	9.802135641000	9.688757794000	1.352653424000	-14.797762410000	13.927226080000
1.371182923000	9.786370141000	9.686060937000	1.371182923000	-14.800878620000	13.926686760000
1.389712422000	9.782059179000	9.687026361000	1.389712422000	-14.796125100000	13.926025880000
1.408241921000	9.781700507000	9.686227826000	1.408241921000	-14.794427950000	13.925789130000
1.426771420000	9.776824733000	9.683770125000	1.426771420000	-14.796356920000	13.925597790000
1.445300919000	9.759079622000	9.681644803000	1.445300919000	-14.796663140000	13.925321570000
1.463830418000	9.717207128000	9.683545668000	1.463830418000	-14.797448280000	13.924865220000
1.482359917000	9.697508451000	9.682229809000	1.482359917000	-14.796492770000	13.923854140000
1.500889416000	9.690924893000	9.681031488000	1.500889416000	-14.796977940000	13.924478520000
1.519418915000	9.701745084000	9.680561039000	1.519418915000	-14.794072720000	13.924737910000
1.537948414000	9.658484506000	9.676726371000	1.537948414000	-14.790382630000	13.923405400000
1.556477913000	9.647558285000	9.676013077000	1.556477913000	-14.788068730000	13.922784270000
1.575007412000	9.638342124000	9.673399148000	1.575007412000	-14.784417130000	13.922196430000
1.593536911000	9.624479155000	9.669678421000	1.593536911000	-14.780880140000	13.923079680000
1.612066410000	9.601883848000	9.666104290000	1.612066410000	-14.769926780000	13.921160730000
1.630595909000	9.591370013000	9.671362148000	1.630595909000	-14.765939650000	13.919080320000
1.649125408000	9.555859667000	9.669961673000	1.649125408000	-14.757736630000	13.917468710000
1.667654907000	9.557759954000	9.671059505000	1.667654907000	-14.748540740000	13.917840560000
1.686184406000	9.574219506000	9.672260360000	1.686184406000	-14.731460350000	13.918482310000
1.704713905000	9.624762003000	9.664110041000	1.704713905000	-14.716825590000	13.918689230000
1.723243403000	9.642558404000	9.663188976000	1.723243403000	-14.707193050000	13.920788330000
1.741772902000	9.654159858000	9.661443692000	1.741772902000	-14.694681030000	13.918552160000
1.760302401000	9.700308652000	9.655585646000	1.760302401000	-14.693243000000	13.913021340000
1.778831900000	9.729245764000	9.659811075000	1.778831900000	-14.688638280000	13.915555070000
1.797361399000	9.739299268000	9.660817939000	1.797361399000	-14.691273930000	13.915096880000
1.815890898000	9.761587642000	9.656622393000	1.815890898000	-14.682252010000	13.913136840000
1.834420397000	9.774585989000	9.661375890000	1.834420397000	-14.681354070000	13.909476170000
1.852949896000	9.781418579000	9.663846928000	1.852949896000	-14.675398310000	13.911226390000
1.871479395000	9.799366820000	9.665249299000	1.871479395000	-14.668672020000	13.915167000000
1.890008894000	9.854849373000	9.663799283000	1.890008894000	-14.646768590000	13.921852850000
1.908538393000	9.874914156000	9.665894940000	1.908538393000	-14.645757190000	13.911096520000
1.927067892000	9.918421162000	9.664592041000	1.927067892000	-14.631174310000	13.921277130000
1.945597391000	9.954380743000	9.657767024000	1.945597391000	-14.635568720000	13.921798370000
1.964126890000	10.020818390000	9.646038321000	1.964126890000	-14.640744930000	13.920330480000
1.982656389000	10.089404280000	9.634179880000	1.982656389000	-14.651709910000	13.925343650000
2.001185888000	10.104623560000	9.628362757000	2.001185888000	-14.648825670000	13.930222020000
2.019715387000	10.103114680000	9.625004814000	2.019715387000	-14.640196850000	13.933049370000
2.038244886000	10.092512360000	9.619435983000	2.038244886000	-14.634117340000	13.934500190000
2.056774385000	10.089116530000	9.615212960000	2.056774385000	-14.619385720000	13.930396040000
2.075303884000	10.088736010000	9.614528990000	2.075303884000	-14.617714600000	13.930001870000
2.093833383000	10.090684300000	9.612656843000	2.093833383000	-14.609121250000	13.928925810000
2.112362882000	10.084300150000	9.607003920000	2.112362882000	-14.592543810000	13.919736400000
2.130892381000	10.085683070000	9.606707663000	2.130892381000	-14.579951990000	13.914238860000
2.149421880000	10.085636820000	9.605810755000	2.149421880000	-14.567121700000	13.912323100000
2.167951379000	10.072167230000	9.605277522000	2.167951379000	-14.584820560000	13.911417090000
2.186480878000	10.048652940000	9.603611794000	2.186480878000	-14.586990610000	13.915578610000
2.205010377000	10.028394260000	9.603428083000	2.205010377000	-14.600532510000	13.911129600000
2.223539875000	10.009287340000	9.605880859000	2.223539875000	-14.616674310000	13.913041570000
2.242069374000	9.973148048000	9.611727826000	2.242069374000	-14.604025040000	13.913265630000
2.260598873000	9.926250279000	9.610392166000	2.260598873000	-14.596545170000	13.916774370000
2.279128372000	9.926585875000	9.609283516000	2.279128372000	-14.582866720000	13.916066370000
2.297657871000	9.955803267000	9.607539674000	2.297657871000	-14.577596220000	13.920712000000
2.316187370000	9.941782528000	9.607934743000	2.316187370000	-14.586706990000	13.923584050000
2.334716869000	9.920841348000	9.607495881000	2.334716869000	-14.556575260000	13.918289400000
2.353246368000	9.923260580000	9.606594850000	2.353246368000	-14.551120860000	13.917537340000
2.371775867000	9.919704669000	9.605765245000	2.371775867000	-14.565027780000	13.912323710000
2.390305366000	9.892397267000	9.607572037000	2.390305366000	-14.575459110000	13.907857390000
2.408834865000	9.851548515000	9.608519275000	2.408834865000	-14.612202590000	13.896282980000
2.427364364000	9.858587487000	9.608775213000	2.427364364000	-14.620154310000	13.897410630000
2.445893863000	9.868191347000	9.607581820000	2.445893863000	-14.619211810000	13.902017880000
2.464423362000	9.893850056000	9.604001846000	2.464423362000	-14.625590930000	13.907370600000
2.482952861000	9.903139425000	9.603462255000	2.482952861000	-14.612736860000	13.906967050000
2.501482360000	9.938490090000	9.600343120000	2.501482360000	-14.604275570000	13.914963080000
2.520011859000	9.953111942000	9.598614230000	2.520011859000	-14.608783460000	13.919884510000
2.538541358000	10.014408360000	9.593090198000	2.538541358000	-14.596903220000	13.918847860000
2.557070857000	10.044634140000	9.583256717000	2.557070857000	-14.625641160000	13.922288110000
2.575600356000	10.037069630000	9.589030981000	2.575600356000	-14.631051580000	13.920079650000
2.594129855000	10.050795080000	9.586530912000	2.594129855000	-14.631816230000	13.921264640000
2.612659354000	10.064903320000	9.586147311000	2.612659354000	-14.640275750000	13.921545390000
2.631188853000	10.074144440000	9.586241769000	2.631188853000	-14.645247630000	13.920964230000
2.649718352000	10.077775030000	9.587461008000	2.649718352000	-14.648786520000	13.920086900000
2.668247851000	10.084180280000	9.583388166000	2.668247851000	-14.646143200000	13.920970490000
2.686777350000	10.089760370000	9.579440446000	2.686777350000	-14.652354750000	13.921464640000
2.705306849000	10.074521320000	9.587591266000	2.705306849000	-14.649001850000	13.920216560000
2.723836347000	10.067217490000	9.591896252000	2.723836347000	-14.643538690000	13.921911890000
2.742365846000	10.027137940000	9.591754908000	2.742365846000	-14.644078990000	13.919655060000
2.760895345000	10.009274250000	9.594434953000	2.760895345000	-14.643965560000	13.921084810000
2.779424844000	10.007455870000	9.592565245000	2.779424844000	-14.648031680000	13.921506590000
2.797954343000	9.999356301000	9.594986366000	2.797954343000	-14.644668040000	13.921516600000
2.816483842000	9.953619302000	9.591974138000	2.816483842000	-14.645023360000	13.920503690000
2.835013341000	9.918839884000	9.599189049000	2.835013341000	-14.645920940000	13.921421240000
2.853542840000	9.908829711000	9.601197671000	2.853542840000	-14.643733600000	13.916222840000
2.872072339000	9.896537879000	9.597947757000	2.872072339000	-14.638327940000	13.917521130000
2.890601838000	9.885237401000	9.600231838000	2.890601838000	-14.639784260000	13.917818400000
2.909131337000	9.877363569000	9.601576015000	2.909131337000	-14.626818720000	13.918270080000
2.927660836000	9.855021397000	9.603816166000	2.927660836000	-14.630717990000	13.918435580000
2.946190335000	9.826188935000	9.607607494000	2.946190335000	-14.627997380000	13.919024130000
2.964719834000	9.837820294000	9.608708992000	2.964719834000	-14.624581850000	13.920949230000
2.983249333000	9.828625640000	9.610869754000	2.983249333000	-14.631540200000	13.922812350000
3.001778832000	9.793013637000	9.609791188000	3.001778832000	-14.628866400000	13.923432720000
3.020308331000	9.768582997000	9.612081039000	3.020308331000	-14.622346480000	13.920806220000
3.038837830000	9.768595632000	9.610961003000	3.038837830000	-14.624859610000	13.920283640000
3.057367329000	9.753913935000	9.610938547000	3.057367329000	-14.617131330000	13.919095140000
3.075896828000	9.709467608000	9.606840206000	3.075896828000	-14.615470490000	13.920328490000
3.094426327000	9.685978802000	9.604782751000	3.094426327000	-14.622567430000	13.921461890000
3.112955826000	9.679055650000	9.605151083000	3.112955826000	-14.623217220000	13.926445250000
3.131485325000	9.641623409000	9.600057220000	3.131485325000	-14.624465920000	13.929723390000
3.150014824000	9.581082701000	9.595258218000	3.150014824000	-14.629766410000	13.929580530000
3.168544323000	9.557775803000	9.598728822000	3.168544323000	-14.623163560000	13.928282100000
3.187073822000	9.543260078000	9.601216494000	3.187073822000	-14.624803410000	13.926091280000
3.205603320000	9.535627241000	9.600189637000	3.205603320000	-14.623060940000	13.928190040000
3.224132819000	9.496128062000	9.598146338000	3.224132819000	-14.622398210000	13.927948350000
3.242662318000	9.459297851000	9.600616991000	3.242662318000	-14.618703210000	13.932994840000
3.261191817000	9.464976195000	9.601244766000	3.261191817000	-14.623535170000	13.930636600000
3.279721316000	9.459705119000	9.599743799000	3.279721316000	-14.619223940000	13.932464520000
3.298250815000	9.425829119000	9.595356588000	3.298250815000	-14.617597720000	13.935330490000
3.316780314000	9.393245845000	9.597543994000	3.316780314000	-14.618858700000	13.933610060000
3.335309813000	9.382656674000	9.598992154000	3.335309813000	-14.614354480000	13.933472860000
3.353839312000	9.388144532000	9.597154762000	3.353839312000	-14.619665010000	13.932611990000
3.372368811000	9.336198163000	9.587032487000	3.372368811000	-14.609677600000	13.932178210000
3.390898310000	9.336748543000	9.588734654000	3.390898310000	-14.607589310000	13.933174250000
3.409427809000	9.295683372000	9.589494481000	3.409427809000	-14.605167190000	13.935335220000
3.427957308000	9.276929472000	9.558237980000	3.427957308000	-14.606765620000	13.933615570000
3.446486807000	9.251924271000	9.551986680000	3.446486807000	-14.604702260000	13.930244040000
3.465016306000	9.239421671000	9.551986680000	3.465016306000	-14.604202240000	13.929557260000
3.483545805000	9.187670094000	9.535745673000	3.483545805000	-14.604321710000	13.927342340000
3.502075304000	9.178474472000	9.535939846000	3.502075304000	-14.607960880000	13.925546670000
3.520604803000	9.178525468000	9.535906100000	3.520604803000	-14.608885630000	13.926162790000
3.539134302000	9.175888713000	9.535208246000	3.539134302000	-14.610321010000	13.925273320000
3.557663801000	9.174619724000	9.535508194000	3.557663801000	-14.607576150000	13.925502260000
3.576193300000	9.152861262000	9.536419191000	3.576193300000	-14.609847630000	13.923095060000
3.594722799000	9.118468495000	9.533968676000	3.594722799000	-14.615857620000	13.920595270000
3.613252298000	9.101920565000	9.532450648000	3.613252298000	-14.611189730000	13.919506500000
3.631781797000	9.096067445000	9.532076374000	3.631781797000	-14.605190360000	13.918638410000
3.650311296000	9.069781682000	9.524039140000	3.650311296000	-14.606450510000	13.919066590000
3.668840795000	9.042241905000	9.521219778000	3.668840795000	-14.608938070000	13.917948980000
3.687370294000	9.027993865000	9.519439881000	3.687370294000	-14.612595990000	13.918110070000
3.705899792000	9.016185576000	9.520367895000	3.705899792000	-14.609734020000	13.920164490000
3.724429291000	8.993755599000	9.506744779000	3.724429291000	-14.612148080000	13.919239650000
3.742958790000	8.938367501000	9.513735451000	3.742958790000	-14.613542170000	13.919939500000
3.761488289000	8.933107962000	9.495724978000	3.761488289000	-14.607115240000	13.921619800000
3.780017788000	8.914354061000	9.476971078000	3.780017788000	-14.601239080000	13.920320560000
3.798547287000	8.906317117000	9.467063237000	3.798547287000	-14.590597170000	13.918772780000
3.817076786000	8.915570193000	9.460373583000	3.817076786000	-14.562730560000	13.918618000000
3.835606285000	8.902969714000	9.456859263000	3.835606285000	-14.570241980000	13.919201370000
3.854135784000	8.893003859000	9.452024736000	3.854135784000	-14.561084230000	13.918666530000
3.872665283000	8.891670889000	9.450137806000	3.872665283000	-14.553271710000	13.917204780000
3.891194782000	8.901823023000	9.435768710000	3.891194782000	-14.552821570000	13.916136190000
3.909724281000	8.896579399000	9.428559067000	3.909724281000	-14.545611610000	13.916087590000
3.928253780000	8.877558438000	9.433101695000	3.928253780000	-14.549718330000	13.916214570000
3.946783279000	8.875926536000	9.431912688000	3.946783279000	-14.557436700000	13.913247520000
3.965312778000	8.839338459000	9.445714577000	3.965312778000	-14.549552370000	13.915216570000
3.983842277000	8.833087159000	9.451965877000	3.983842277000	-14.548012900000	13.915677720000
4.002371776000	8.768266815000	9.427244317000	4.002371776000	-14.551552390000	13.916310340000
4.020901275000	8.745712825000	9.419951956000	4.020901275000	-14.547828560000	13.915660470000
4.039430774000	8.730939586000	9.422134554000	4.039430774000	-14.549358940000	13.915984010000
4.057960273000	8.719995456000	9.418617602000	4.057960273000	-14.550785930000	13.913467160000
4.076489772000	8.705681320000	9.412576051000	4.076489772000	-14.552173750000	13.912832760000
4.095019271000	8.682880860000	9.397114213000	4.095019271000	-14.551931120000	13.912419140000
4.113548770000	8.626585795000	9.395379045000	4.113548770000	-14.553418670000	13.909648300000
4.132078269000	8.633023587000	9.380578313000	4.132078269000	-14.549175860000	13.910565610000
4.150607768000	8.627213655000	9.368067072000	4.150607768000	-14.546877180000	13.908709640000
4.169137267000	8.629070322000	9.364597720000	4.169137267000	-14.551915930000	13.909673540000
4.187666765000	8.603233953000	9.361171184000	4.187666765000	-14.546526550000	13.906948440000
4.206196264000	8.575384926000	9.360164986000	4.206196264000	-14.552364260000	13.904371270000
4.224725763000	8.543913952000	9.357275745000	4.224725763000	-14.537114710000	13.904586660000
4.243255262000	8.505287723000	9.353884257000	4.243255262000	-14.542110590000	13.904510110000
4.261784761000	8.473818921000	9.353244359000	4.261784761000	-14.549850620000	13.904560920000
4.280314260000	8.471837454000	9.355202392000	4.280314260000	-14.533933820000	13.905325700000
4.298843759000	8.479157001000	9.348290365000	4.298843759000	-14.533464850000	13.907567310000
4.317373258000	8.475752064000	9.344770803000	4.317373258000	-14.529855700000	13.910421970000
4.335902757000	8.440689849000	9.334744230000	4.335902757000	-14.520777620000	13.899994440000
4.354432256000	8.389864730000	9.323559131000	4.354432256000	-14.495151260000	13.903521980000
4.372961755000	8.304108882000	9.313941647000	4.372961755000	-14.492606480000	13.903558970000
4.391491254000	8.283732740000	9.296795724000	4.391491254000	-14.494374830000	13.903639260000
4.410020753000	8.285561589000	9.292247926000	4.410020753000	-14.494911150000	13.904275840000
4.428550252000	8.291178313000	9.285126845000	4.428550252000	-14.485530920000	13.911203950000
4.447079751000	8.302609386000	9.284191543000	4.447079751000	-14.485113840000	13.913673180000
4.465609250000	8.363566491000	9.283434288000	4.465609250000	-14.477993660000	13.913444640000
4.484138749000	8.432190821000	9.284148720000	4.484138749000	-14.474531860000	13.911852950000
4.502668248000	8.444918582000	9.283521720000	4.502668248000	-14.473160640000	13.915547160000
4.521197747000	8.450185967000	9.283886854000	4.521197747000	-14.471083110000	13.915359270000
4.539727246000	8.457715481000	9.283967993000	4.539727246000	-14.473208280000	13.914022680000
4.558256745000	8.476080814000	9.287908819000	4.558256745000	-14.469810450000	13.914978200000
4.576786244000	8.498844204000	9.288285919000	4.576786244000	-14.461728530000	13.915877170000
4.595315743000	8.501181971000	9.287709635000	4.595315743000	-14.464714480000	13.916756240000
4.613845242000	8.528483593000	9.284484085000	4.613845242000	-14.458734900000	13.917011090000
4.632374741000	8.550811310000	9.288230784000	4.632374741000	-14.459912880000	13.916522740000
4.650904240000	8.566911196000	9.286376832000	4.650904240000	-14.468140560000	13.916393590000
4.669433739000	8.575832563000	9.284487984000	4.669433739000	-14.463820300000	13.916363840000
4.687963237000	8.568036670000	9.282333438000	4.687963237000	-14.454981700000	13.916481770000
4.706492736000	8.567610024000	9.282126257000	4.706492736000	-14.445311640000	13.914220560000
4.725022235000	8.570474172000	9.280822260000	4.725022235000	-14.442079540000	13.913443360000
4.743551734000	8.577458757000	9.278642928000	4.743551734000	-14.437178970000	13.913238890000
4.762081233000	8.572678637000	9.276443686000	4.762081233000	-14.421178500000	13.914832540000
4.780610732000	8.569620949000	9.275659376000	4.780610732000	-14.412639060000	13.916088860000
4.799140231000	8.541938758000	9.271654770000	4.799140231000	-14.398386470000	13.915640400000
4.817669730000	8.550044440000	9.271463103000	4.817669730000	-14.400031060000	13.916128720000
4.836199229000	8.594586110000	9.270917197000	4.836199229000	-14.400389910000	13.914883260000
4.854728728000	8.600836336000	9.270871350000	4.854728728000	-14.405634690000	13.914163790000
4.873258227000	8.617429825000	9.271276853000	4.873258227000	-14.405232870000	13.911884460000
4.891787726000	8.620945525000	9.278095786000	4.891787726000	-14.405283050000	13.912477560000
4.910317225000	8.634626464000	9.273911157000	4.910317225000	-14.406677380000	13.911945410000
4.928846724000	8.646738338000	9.276310594000	4.928846724000	-14.399232800000	13.913532980000
4.947376223000	8.636205643000	9.274835188000	4.947376223000	-14.401393950000	13.914492030000
4.965905722000	8.593255124000	9.272580137000	4.965905722000	-14.397094590000	13.917884290000
4.984435221000	8.576208749000	9.274675843000	4.984435221000	-14.398848030000	13.919062630000
5.002964720000	8.575583715000	9.276779184000	5.002964720000	-14.393689430000	13.918673890000
5.021494219000	8.564748146000	9.274773202000	5.021494219000	-14.395098010000	13.912583470000
5.040023718000	8.559266608000	9.269729866000	5.040023718000	-14.393856760000	13.916144300000
5.058553217000	8.551470525000	9.268664913000	5.058553217000	-14.400838100000	13.912678050000
5.077082716000	8.553383731000	9.269678540000	5.077082716000	-14.391813940000	13.916703520000
5.095612215000	8.545460785000	9.267944464000	5.095612215000	-14.394977300000	13.915636950000
5.114141714000	8.547111177000	9.264509307000	5.114141714000	-14.397663060000	13.915877380000
5.132671213000	8.562551065000	9.268951853000	5.132671213000	-14.399043120000	13.908957210000
5.151200712000	8.565722627000	9.269099249000	5.151200712000	-14.388838090000	13.912188350000
5.169730210000	8.559238274000	9.269140797000	5.169730210000	-14.396814350000	13.910545780000
5.188259709000	8.545929115000	9.265477562000	5.188259709000	-14.398301930000	13.911797980000
5.206789208000	8.547649272000	9.275623453000	5.206789208000	-14.400740800000	13.912520220000
5.225318707000	8.547849837000	9.275577434000	5.225318707000	-14.395199180000	13.912243470000
5.243848206000	8.553191407000	9.277245683000	5.243848206000	-14.404414870000	13.909500010000
5.262377705000	8.562409899000	9.276982254000	5.262377705000	-14.394844090000	13.910738840000
5.280907204000	8.554768178000	9.277441984000	5.280907204000	-14.392655000000	13.912329190000
5.299436703000	8.561202273000	9.279497873000	5.299436703000	-14.395606430000	13.912751720000
5.317966202000	8.571784280000	9.281748574000	5.317966202000	-14.389310660000	13.912962710000
5.336495701000	8.586507801000	9.285815879000	5.336495701000	-14.384230790000	13.910173000000
5.355025200000	8.605151119000	9.287309150000	5.355025200000	-14.370223140000	13.911181580000
5.373554699000	8.663755961000	9.300537557000	5.373554699000	-14.333509550000	13.916118860000
5.392084198000	8.695031827000	9.307898973000	5.392084198000	-14.323001430000	13.913598280000
5.410613697000	8.695050443000	9.308191716000	5.410613697000	-14.327368900000	13.915889760000
5.429143196000	8.699140123000	9.309165407000	5.429143196000	-14.318301690000	13.920197870000
5.447672695000	8.706135006000	9.310019205000	5.447672695000	-14.314383310000	13.926375770000
5.466202194000	8.713893519000	9.311800478000	5.466202194000	-14.306453530000	13.929180520000
5.484731693000	8.829086532000	9.317880767000	5.484731693000	-14.288859940000	13.933974330000
5.503261192000	8.842727900000	9.313790874000	5.503261192000	-14.276167760000	13.933365820000
5.521790691000	8.852618647000	9.310740752000	5.521790691000	-14.269024670000	13.934513660000
5.540320190000	8.851907182000	9.310460201000	5.540320190000	-14.267730860000	13.934449720000
5.558849689000	8.861405587000	9.311053736000	5.558849689000	-14.255512420000	13.932459880000
5.577379188000	8.871599148000	9.310613710000	5.577379188000	-14.254037240000	13.936279180000
5.595908687000	8.912064274000	9.315378984000	5.595908687000	-14.251299660000	13.934332760000
5.614438186000	8.903073997000	9.317936509000	5.614438186000	-14.255438010000	13.935803680000
5.632967685000	8.915598306000	9.320369392000	5.632967685000	-14.247681300000	13.936884870000
5.651497184000	8.917678272000	9.321943875000	5.651497184000	-14.248608860000	13.935287400000
5.670026682000	8.933733691000	9.324799586000	5.670026682000	-14.251909080000	13.936033980000
5.688556181000	8.985333584000	9.334663758000	5.688556181000	-14.261034010000	13.936860950000
5.707085680000	9.055499044000	9.339790978000	5.707085680000	-14.254096180000	13.934524930000
5.725615179000	9.080588710000	9.333989231000	5.725615179000	-14.251141210000	13.935974230000
5.744144678000	9.112762178000	9.333021516000	5.744144678000	-14.234306100000	13.935504840000
5.762674177000	9.141276763000	9.327591393000	5.762674177000	-14.237038830000	13.936160330000
5.781203676000	9.162284825000	9.324432753000	5.781203676000	-14.230228280000	13.930712520000
5.799733175000	9.149690160000	9.324407143000	5.799733175000	-14.229060140000	13.930712240000
5.818262674000	9.160908863000	9.323486336000	5.818262674000	-14.212235490000	13.931970150000
5.836792173000	9.213641126000	9.323900625000	5.836792173000	-14.197172040000	13.927099300000
5.855321672000	9.297842904000	9.320177404000	5.855321672000	-14.193836460000	13.922216890000
5.873851171000	9.307561629000	9.316414298000	5.873851171000	-14.173495510000	13.924971590000
5.892380670000	9.296561220000	9.316410430000	5.892380670000	-14.168598570000	13.922872040000
5.910910169000	9.292710393000	9.318183941000	5.910910169000	-14.170939880000	13.923959760000
5.929439668000	9.322519833000	9.318805761000	5.929439668000	-14.160863480000	13.921915830000
5.947969167000	9.428655915000	9.319772346000	5.947969167000	-14.168102010000	13.920269740000
5.966498666000	9.453167651000	9.314570094000	5.966498666000	-14.162609590000	13.919962350000
5.985028165000	9.456582719000	9.308817834000	5.985028165000	-14.145894960000	13.917766270000
6.003557664000	9.434560912000	9.309555778000	6.003557664000	-14.141058930000	13.919887570000
6.022087163000	9.434505167000	9.314098095000	6.022087163000	-14.132488280000	13.919341980000
6.040616662000	9.445197272000	9.315225087000	6.040616662000	-14.131691600000	13.920500040000
6.059146161000	9.484601606000	9.318837095000	6.059146161000	-14.122088840000	13.920575510000
6.077675660000	9.508033090000	9.318049779000	6.077675660000	-14.115308290000	13.922038990000
6.096205159000	9.500722496000	9.318637243000	6.096205159000	-14.119497670000	13.918143690000
6.114734658000	9.551213014000	9.317099716000	6.114734658000	-14.116256000000	13.918253600000
6.133264157000	9.584245673000	9.318675208000	6.133264157000	-14.102405090000	13.918307430000
6.151793655000	9.624619912000	9.315304642000	6.151793655000	-14.105096600000	13.915128350000
6.170323154000	9.611653286000	9.316214833000	6.170323154000	-14.095494230000	13.918756200000
6.188852653000	9.610324938000	9.317735522000	6.188852653000	-14.094623500000	13.917835800000
6.207382152000	9.646299409000	9.320492906000	6.207382152000	-14.090351290000	13.915806970000
6.225911651000	9.707903888000	9.321432514000	6.225911651000	-14.076626320000	13.914828080000
6.244441150000	9.682190793000	9.314817682000	6.244441150000	-14.073351710000	13.913969090000
6.262970649000	9.627706868000	9.311536109000	6.262970649000	-14.062931170000	13.914877280000
6.281500148000	9.590624875000	9.317669759000	6.281500148000	-14.051416050000	13.916243190000
6.300029647000	9.594453108000	9.318064167000	6.300029647000	-14.041692790000	13.918607650000
6.318559146000	9.609299378000	9.315805521000	6.318559146000	-14.031560360000	13.917408230000
6.337088645000	9.606701690000	9.312723445000	6.337088645000	-14.013404900000	13.917459770000
6.355618144000	9.593098364000	9.312697344000	6.355618144000	-14.015453100000	13.921953350000
6.374147643000	9.585426475000	9.316408521000	6.374147643000	-13.994371980000	13.917183670000
6.392677142000	9.592918180000	9.315836328000	6.392677142000	-13.987798270000	13.915657710000
6.411206641000	9.642785580000	9.319405518000	6.411206641000	-13.964284270000	13.916872180000
6.429736140000	9.729987200000	9.321440346000	6.429736140000	-13.947796790000	13.911724310000
6.448265639000	9.800789671000	9.319112771000	6.448265639000	-13.928224970000	13.905634130000
6.466795138000	9.813755465000	9.317680255000	6.466795138000	-13.924844120000	13.907335680000
6.485324637000	9.803450592000	9.320341868000	6.485324637000	-13.892298470000	13.912725240000
6.503854136000	9.781677088000	9.325916267000	6.503854136000	-13.881380000000	13.914080780000
6.522383635000	9.839198088000	9.323298120000	6.522383635000	-13.897790580000	13.916367030000
6.540913134000	9.919043856000	9.323520230000	6.540913134000	-13.894764650000	13.902068600000
6.559442633000	10.044158450000	9.337879568000	6.559442633000	-13.938351110000	13.913098280000
6.577972132000	10.126340900000	9.370767432000	6.577972132000	-13.936099660000	13.920446980000
6.596501631000	10.082466820000	9.393129739000	6.596501631000	-13.937836690000	13.920143090000
6.615031130000	10.117305220000	9.395230501000	6.615031130000	-13.905029500000	13.920838610000
6.633560629000	10.336577530000	9.399887096000	6.633560629000	-13.858084760000	13.922678990000
6.652090127000	10.406120160000	9.404255629000	6.652090127000	-13.836975780000	13.928867520000
6.670619626000	10.301406980000	9.464461854000	6.670619626000	-13.829967040000	13.922034350000
6.689149125000	10.228580280000	9.483134744000	6.689149125000	-13.837262580000	13.920953710000
6.707678624000	10.280080090000	9.481454228000	6.707678624000	-13.830346970000	13.920631440000
6.726208123000	10.390789590000	9.492329608000	6.726208123000	-13.836255160000	13.914859050000
6.744737622000	10.498096550000	9.533395524000	6.744737622000	-13.868387490000	13.910585350000
6.763267121000	10.467688560000	9.562733948000	6.763267121000	-13.908388660000	13.906478020000
6.781796620000	10.563187620000	9.602829578000	6.781796620000	-13.874261300000	13.905761410000
6.800326119000	10.630359270000	9.622090351000	6.800326119000	-13.925088490000	13.913560300000
6.818855618000	10.709925770000	9.630739107000	6.818855618000	-13.930767930000	13.903986890000
6.837385117000	10.728284490000	9.634475909000	6.837385117000	-13.963769560000	13.906687060000
6.855914616000	10.840329090000	9.678493398000	6.855914616000	-13.949603950000	13.903362360000
6.874444115000	10.814736230000	9.688473488000	6.874444115000	-13.952197980000	13.905318820000
6.892973614000	10.755358150000	9.702831464000	6.892973614000	-13.884991980000	13.905013230000
6.911503113000	10.738564230000	9.703766231000	6.911503113000	-13.853739690000	13.914537670000
6.930032612000	10.729451430000	9.709300350000	6.930032612000	-13.864628410000	13.911180860000
6.948562111000	10.823083060000	9.750059953000	6.948562111000	-13.831850170000	13.893968320000
6.967091610000	10.806064340000	9.767612041000	6.967091610000	-13.824602690000	13.905275450000
