SOLfasBEST			SOLext		
t	x	y	t	x	y
0.000000000000	13.768420750000	8.905262965000	0.000000000000	26.336841530000	14.421052320000
0.023725918190	13.768382770000	8.905013583000	0.023725918190	26.336636310000	14.419942210000
0.047451836390	13.768676510000	8.904797327000	0.047451836390	26.336193120000	14.420120680000
0.071177754580	13.768975780000	8.905085465000	0.071177754580	26.336214760000	14.420198080000
0.094903672770	13.768360680000	8.905140091000	0.094903672770	26.336217330000	14.420322260000
0.118629591000	13.767132190000	8.905183198000	0.118629591000	26.336141510000	14.420158050000
0.142355509200	13.767802440000	8.905032680000	0.142355509200	26.336420670000	14.420036380000
0.166081427400	13.768801550000	8.904987089000	0.166081427400	26.335689710000	14.420568790000
0.189807345500	13.768349700000	8.904638544000	0.189807345500	26.337355220000	14.420172810000
0.213533263700	13.767625270000	8.904691495000	0.213533263700	26.336923570000	14.420815630000
0.237259181900	13.766982020000	8.904533011000	0.237259181900	26.336764120000	14.420324530000
0.260985100100	13.768577200000	8.904660361000	0.260985100100	26.336790380000	14.420163120000
0.284711018300	13.768410530000	8.904721354000	0.284711018300	26.336123550000	14.420462820000
0.308436936500	13.768344380000	8.905035130000	0.308436936500	26.336906760000	14.420373140000
0.332162854700	13.768059170000	8.905182867000	0.332162854700	26.336760120000	14.420471140000
0.355888772900	13.770559550000	8.904940204000	0.355888772900	26.335100220000	14.419782120000
0.379614691100	13.771377270000	8.905055322000	0.379614691100	26.336386060000	14.419765890000
0.403340609300	13.769472860000	8.905150025000	0.403340609300	26.336442340000	14.420152770000
0.427066527500	13.769160790000	8.904880117000	0.427066527500	26.337017370000	14.420046070000
0.450792445700	13.769053600000	8.904727810000	0.450792445700	26.336072280000	14.420725790000
0.474518363900	13.767944370000	8.905068108000	0.474518363900	26.335849500000	14.420746190000
0.498244282100	13.768521310000	8.905003312000	0.498244282100	26.336590180000	14.420265350000
0.521970200200	13.767546060000	8.904553114000	0.521970200200	26.335441420000	14.420606030000
0.545696118400	13.766366180000	8.904993571000	0.545696118400	26.336410650000	14.420370940000
0.569422036600	13.767733720000	8.904790825000	0.569422036600	26.335714190000	14.420458560000
0.593147954800	13.766339170000	8.904715314000	0.593147954800	26.334905170000	14.420754380000
0.616873873000	13.767559690000	8.904825470000	0.616873873000	26.335458080000	14.421123790000
0.640599791200	13.767453580000	8.904807001000	0.640599791200	26.335248280000	14.420845150000
0.664325709400	13.767105250000	8.904931445000	0.664325709400	26.335188960000	14.421416490000
0.688051627600	13.766279430000	8.904331023000	0.688051627600	26.335929290000	14.420969280000
0.711777545800	13.766667710000	8.904816900000	0.711777545800	26.335739700000	14.421395720000
0.735503464000	13.766092150000	8.904726395000	0.735503464000	26.335006660000	14.421346600000
0.759229382200	13.761684060000	8.904540955000	0.759229382200	26.335399850000	14.421370280000
0.782955300400	13.741771850000	8.905595791000	0.782955300400	26.336326500000	14.420953760000
0.806681218600	13.710984140000	8.903700079000	0.806681218600	26.334683650000	14.421612580000
0.830407136800	13.652117240000	8.900116623000	0.830407136800	26.333581850000	14.421959640000
0.854133054900	13.623754920000	8.901761821000	0.854133054900	26.334937870000	14.422460030000
0.877858973100	13.602222850000	8.902208652000	0.877858973100	26.334150010000	14.422179970000
0.901584891300	13.589752880000	8.902350766000	0.901584891300	26.334460090000	14.422022350000
0.925310809500	13.555241420000	8.899524728000	0.925310809500	26.333031140000	14.423132560000
0.949036727700	13.503069590000	8.897685908000	0.949036727700	26.333938820000	14.423161420000
0.972762645900	13.471760040000	8.898643422000	0.972762645900	26.334371140000	14.423728000000
0.996488564100	13.302642020000	8.891242964000	0.996488564100	26.333330770000	14.425327380000
1.020214482000	13.177292130000	8.887811611000	1.020214482000	26.328850660000	14.426141240000
1.043940400000	12.997593630000	8.888456617000	1.043940400000	26.328814310000	14.427287190000
1.067666319000	12.901295990000	8.879911150000	1.067666319000	26.329167130000	14.428451890000
1.091392237000	12.869921670000	8.894026187000	1.091392237000	26.327667090000	14.430697430000
1.115118155000	12.745943900000	8.889963276000	1.115118155000	26.326841610000	14.430950460000
1.138844073000	12.716408680000	8.889497101000	1.138844073000	26.326342410000	14.432578590000
1.162569991000	12.650353080000	8.843367674000	1.162569991000	26.319571450000	14.432741630000
1.186295910000	12.566424900000	8.832543591000	1.186295910000	26.323086170000	14.432336160000
1.210021828000	12.474985090000	8.823921996000	1.210021828000	26.328317900000	14.435445380000
1.233747746000	12.424699320000	8.823069334000	1.233747746000	26.328383110000	14.438253290000
1.257473664000	12.297960760000	8.813108891000	1.257473664000	26.338807140000	14.443497100000
1.281199582000	12.226711130000	8.817165672000	1.281199582000	26.341278680000	14.442985600000
1.304925501000	12.142274820000	8.814762163000	1.304925501000	26.337345140000	14.440630410000
1.328651419000	12.108652940000	8.813939143000	1.328651419000	26.340974250000	14.433485450000
1.352377337000	12.085666740000	8.817770525000	1.352377337000	26.339195480000	14.431838590000
1.376103255000	11.989113050000	8.809515993000	1.376103255000	26.345673460000	14.431226640000
1.399829173000	11.934185410000	8.806333730000	1.399829173000	26.341041660000	14.431305420000
1.423555092000	11.821439220000	8.811971945000	1.423555092000	26.330205190000	14.433496900000
1.447281010000	11.675240200000	8.815414105000	1.447281010000	26.331694970000	14.432229960000
1.471006928000	11.604143550000	8.811856663000	1.471006928000	26.330345130000	14.432613480000
1.494732846000	11.550068750000	8.815209213000	1.494732846000	26.326478500000	14.431676860000
1.518458764000	11.468456360000	8.822718053000	1.518458764000	26.327987660000	14.429318330000
1.542184683000	11.398311770000	8.825910393000	1.542184683000	26.325662990000	14.429203600000
1.565910601000	11.251181790000	8.824918089000	1.565910601000	26.315917150000	14.431521310000
1.589636519000	11.202088510000	8.827103522000	1.589636519000	26.315893530000	14.430024840000
1.613362437000	11.044877700000	8.822159056000	1.613362437000	26.316970160000	14.427922050000
1.637088355000	10.996443870000	8.822511711000	1.637088355000	26.317334970000	14.427755290000
1.660814274000	10.922506220000	8.822162645000	1.660814274000	26.316230910000	14.427907160000
1.684540192000	10.829097570000	8.819627478000	1.684540192000	26.323585040000	14.422030920000
1.708266110000	10.794799950000	8.819327462000	1.708266110000	26.320754780000	14.422181880000
1.731992028000	10.723345210000	8.820769360000	1.731992028000	26.318634440000	14.424149860000
1.755717946000	10.623061250000	8.820973121000	1.755717946000	26.323408630000	14.425458380000
1.779443864000	10.581701770000	8.822370737000	1.779443864000	26.326613200000	14.425602860000
1.803169783000	10.508074920000	8.820206635000	1.803169783000	26.323385970000	14.425553970000
1.826895701000	10.485495910000	8.818283789000	1.826895701000	26.324904440000	14.426316680000
1.850621619000	10.458133570000	8.824014835000	1.850621619000	26.322418220000	14.424806420000
1.874347537000	10.461587160000	8.825543648000	1.874347537000	26.322002120000	14.424280400000
1.898073455000	10.454726000000	8.822404184000	1.898073455000	26.314676340000	14.425260550000
1.921799374000	10.399858500000	8.824525998000	1.921799374000	26.312390010000	14.423091880000
1.945525292000	10.357447010000	8.825892442000	1.945525292000	26.311258800000	14.422865890000
1.969251210000	10.335403230000	8.827831864000	1.969251210000	26.311729740000	14.422274710000
1.992977128000	10.258368340000	8.837308106000	1.992977128000	26.313595140000	14.424539600000
2.016703046000	10.072193420000	8.839772678000	2.016703046000	26.313092260000	14.426408990000
2.040428965000	10.019239640000	8.835847937000	2.040428965000	26.315370670000	14.428527590000
2.064154883000	9.909402213000	8.832441944000	2.064154883000	26.314577800000	14.424380700000
2.087880801000	9.815095331000	8.833575935000	2.087880801000	26.314333540000	14.426985310000
2.111606719000	9.743558197000	8.831972631000	2.111606719000	26.316868270000	14.426999440000
2.135332637000	9.656892075000	8.836244287000	2.135332637000	26.317703870000	14.426255540000
2.159058556000	9.603955079000	8.834094040000	2.159058556000	26.317619040000	14.423876340000
2.182784474000	9.574772776000	8.833712290000	2.182784474000	26.318458980000	14.423651480000
2.206510392000	9.507928867000	8.839225287000	2.206510392000	26.314218590000	14.423796060000
2.230236310000	9.472629344000	8.835074436000	2.230236310000	26.314720090000	14.424963040000
2.253962228000	9.416886187000	8.831867427000	2.253962228000	26.314018300000	14.424242100000
2.277688147000	9.354474434000	8.830315187000	2.277688147000	26.317424050000	14.424203830000
2.301414065000	9.287611743000	8.829856909000	2.301414065000	26.314045760000	14.424074740000
2.325139983000	9.241840312000	8.833065875000	2.325139983000	26.320212450000	14.424083960000
2.348865901000	9.161004090000	8.832645937000	2.348865901000	26.319974040000	14.423372240000
2.372591819000	9.131877155000	8.828676967000	2.372591819000	26.316903050000	14.421794400000
2.396317737000	9.094968159000	8.826916310000	2.396317737000	26.322757400000	14.422671900000
2.420043656000	9.058076980000	8.825544532000	2.420043656000	26.320256570000	14.423990860000
2.443769574000	9.021831421000	8.826628646000	2.443769574000	26.318287340000	14.424380880000
2.467495492000	8.925833430000	8.830453735000	2.467495492000	26.320518320000	14.425620240000
2.491221410000	8.907702248000	8.827353338000	2.491221410000	26.324935710000	14.425428610000
2.514947328000	8.781952423000	8.829724850000	2.514947328000	26.323693550000	14.428297780000
2.538673247000	8.721022639000	8.826363742000	2.538673247000	26.325993930000	14.428928010000
2.562399165000	8.676758513000	8.824895369000	2.562399165000	26.324729710000	14.432014530000
2.586125083000	8.608892111000	8.823829147000	2.586125083000	26.329004940000	14.433874350000
2.609851001000	8.564815672000	8.822458255000	2.609851001000	26.326901690000	14.433237150000
2.633576919000	8.531761360000	8.821034364000	2.633576919000	26.325323800000	14.429846080000
2.657302838000	8.451844919000	8.822485329000	2.657302838000	26.328306740000	14.429470340000
2.681028756000	8.294698125000	8.817665134000	2.681028756000	26.329346210000	14.430946910000
2.704754674000	8.253280604000	8.817040313000	2.704754674000	26.328348750000	14.430206020000
2.728480592000	8.216149051000	8.815378875000	2.728480592000	26.327997130000	14.431497690000
2.752206510000	8.232120904000	8.814347556000	2.752206510000	26.334358790000	14.428956570000
2.775932429000	8.237658478000	8.815049467000	2.775932429000	26.335968980000	14.428573110000
2.799658347000	8.227196967000	8.817078820000	2.799658347000	26.332175630000	14.428706640000
2.823384265000	8.190500471000	8.817271303000	2.823384265000	26.338188950000	14.429614000000
2.847110183000	8.100767971000	8.817320821000	2.847110183000	26.339074500000	14.429958390000
2.870836101000	8.080818291000	8.819125867000	2.870836101000	26.340921330000	14.431409090000
2.894562020000	8.076962248000	8.819166736000	2.894562020000	26.342226880000	14.432670010000
2.918287938000	8.066897222000	8.822017091000	2.918287938000	26.341805250000	14.434868660000
2.942013856000	8.062634906000	8.823618341000	2.942013856000	26.344723390000	14.434288450000
2.965739774000	8.059786841000	8.824354018000	2.965739774000	26.345908540000	14.434748890000
2.989465692000	8.075589545000	8.822484846000	2.989465692000	26.344039590000	14.433367890000
3.013191611000	8.084446443000	8.822348597000	3.013191611000	26.343706700000	14.431414380000
3.036917529000	8.079901985000	8.824805562000	3.036917529000	26.339273430000	14.433170060000
3.060643447000	8.020248711000	8.824932906000	3.060643447000	26.339890140000	14.434161030000
3.084369365000	7.952948906000	8.820851610000	3.084369365000	26.342767120000	14.434471420000
3.108095283000	7.869536390000	8.824386603000	3.108095283000	26.346318300000	14.435669440000
3.131821201000	7.872351963000	8.825568569000	3.131821201000	26.345237920000	14.435575640000
3.155547120000	7.817307878000	8.823884555000	3.155547120000	26.345234450000	14.435632710000
3.179273038000	7.711168729000	8.823679223000	3.179273038000	26.347604190000	14.435763170000
3.202998956000	7.672627979000	8.823044834000	3.202998956000	26.352345150000	14.435184720000
3.226724874000	7.566276827000	8.818280187000	3.226724874000	26.354853800000	14.438763340000
3.250450792000	7.498453656000	8.818784016000	3.250450792000	26.360580780000	14.438078410000
3.274176711000	7.460148906000	8.818769261000	3.274176711000	26.348813000000	14.433030310000
3.297902629000	7.449798199000	8.820136746000	3.297902629000	26.347697620000	14.435088020000
3.321628547000	7.446606101000	8.819765137000	3.321628547000	26.348613280000	14.430527460000
3.345354465000	7.446689264000	8.822162868000	3.345354465000	26.348925700000	14.429974400000
3.369080383000	7.449499197000	8.823603480000	3.369080383000	26.352021650000	14.427878350000
3.392806302000	7.458349004000	8.821359069000	3.392806302000	26.350226370000	14.430153350000
3.416532220000	7.494362532000	8.821986186000	3.416532220000	26.348685460000	14.428567350000
3.440258138000	7.507447634000	8.823035222000	3.440258138000	26.351822820000	14.429639370000
3.463984056000	7.487667211000	8.825439955000	3.463984056000	26.351231390000	14.428414660000
3.487709974000	7.478397971000	8.827058253000	3.487709974000	26.351328570000	14.428107560000
3.511435893000	7.467429607000	8.830358384000	3.511435893000	26.354526240000	14.426681250000
3.535161811000	7.436414157000	8.831595169000	3.535161811000	26.353009310000	14.426871330000
3.558887729000	7.323242780000	8.837733095000	3.558887729000	26.356055800000	14.426200740000
3.582613647000	7.304798556000	8.832893042000	3.582613647000	26.352825960000	14.425425590000
3.606339565000	7.132378445000	8.837315683000	3.606339565000	26.348956630000	14.425327210000
3.630065484000	7.104285633000	8.833451818000	3.630065484000	26.353984130000	14.425789420000
3.653791402000	7.062580234000	8.835129597000	3.653791402000	26.348141570000	14.424907620000
3.677517320000	6.977709500000	8.837405634000	3.677517320000	26.348263810000	14.425742240000
3.701243238000	6.761863043000	8.835347881000	3.701243238000	26.349588070000	14.426261870000
3.724969156000	6.732338875000	8.832290354000	3.724969156000	26.347334890000	14.428136940000
3.748695074000	6.716104658000	8.829928963000	3.748695074000	26.342422250000	14.426978110000
3.772420993000	6.753145817000	8.827831598000	3.772420993000	26.343928650000	14.425741200000
3.796146911000	6.826674640000	8.826170717000	3.796146911000	26.344146020000	14.424433660000
3.819872829000	6.808761946000	8.826471899000	3.819872829000	26.346356420000	14.424658650000
3.843598747000	6.651869876000	8.827246919000	3.843598747000	26.342328700000	14.425546850000
3.867324665000	6.562150811000	8.825477083000	3.867324665000	26.344190750000	14.425145520000
3.891050584000	6.548991129000	8.822770092000	3.891050584000	26.345477030000	14.425642420000
3.914776502000	6.451115756000	8.822836419000	3.914776502000	26.341059120000	14.425925120000
3.938502420000	6.249589613000	8.828495246000	3.938502420000	26.344186730000	14.424312440000
3.962228338000	6.175307735000	8.823942815000	3.962228338000	26.344743050000	14.422255190000
3.985954256000	6.035897934000	8.827836108000	3.985954256000	26.346565780000	14.422549150000
4.009680175000	5.881131422000	8.819182634000	4.009680175000	26.340141450000	14.421185520000
4.033406093000	5.706572620000	8.826821047000	4.033406093000	26.338193300000	14.420428700000
4.057132011000	5.533011911000	8.826763089000	4.057132011000	26.334086620000	14.421506750000
4.080857929000	5.400799480000	8.824682962000	4.080857929000	26.335422330000	14.421378510000
4.104583847000	5.271135576000	8.835398896000	4.104583847000	26.334681750000	14.422059440000
4.128309766000	5.215793071000	8.833462930000	4.128309766000	26.331892890000	14.421336400000
4.152035684000	5.105967358000	8.828392009000	4.152035684000	26.330329950000	14.420733370000
4.175761602000	4.853707613000	8.819163382000	4.175761602000	26.327853180000	14.422977510000
4.199487520000	4.817053348000	8.818696942000	4.199487520000	26.325666970000	14.424691940000
4.223213438000	4.756034005000	8.817191844000	4.223213438000	26.327121360000	14.424252810000
4.246939357000	4.666901296000	8.817749083000	4.246939357000	26.325177080000	14.424103790000
4.270665275000	4.501513049000	8.814647389000	4.270665275000	26.327641740000	14.424802720000
4.294391193000	4.437929817000	8.815090831000	4.294391193000	26.322245610000	14.423161390000
4.318117111000	4.365980870000	8.814830781000	4.318117111000	26.326719080000	14.422750470000
4.341843029000	4.342984082000	8.813080750000	4.341843029000	26.325335840000	14.423168280000
4.365568948000	4.246263143000	8.810289608000	4.365568948000	26.323599100000	14.423124930000
4.389294866000	4.127855449000	8.809443499000	4.389294866000	26.324689630000	14.423464730000
4.413020784000	4.121612439000	8.810647679000	4.413020784000	26.321073740000	14.421738570000
4.436746702000	4.108920537000	8.812173191000	4.436746702000	26.322194280000	14.421594070000
4.460472620000	4.065197839000	8.814762590000	4.460472620000	26.325513300000	14.422866290000
4.484198538000	4.041798410000	8.816814045000	4.484198538000	26.324403130000	14.421662190000
4.507924457000	3.960667257000	8.815804944000	4.507924457000	26.330965880000	14.421910800000
4.531650375000	3.914429880000	8.814662596000	4.531650375000	26.328393730000	14.422670660000
4.555376293000	3.867603087000	8.813542877000	4.555376293000	26.326822960000	14.421048800000
4.579102211000	3.837481807000	8.812923969000	4.579102211000	26.328723760000	14.422782860000
4.602828129000	3.824413188000	8.813579001000	4.602828129000	26.330244720000	14.422562140000
4.626554048000	3.795168298000	8.813737057000	4.626554048000	26.331754020000	14.422563450000
4.650279966000	3.747820962000	8.815822746000	4.650279966000	26.331585810000	14.423075260000
4.674005884000	3.724174436000	8.816918310000	4.674005884000	26.333418760000	14.421661000000
4.697731802000	3.709629330000	8.817830969000	4.697731802000	26.333728520000	14.421243230000
4.721457720000	3.702197584000	8.816911959000	4.721457720000	26.334782450000	14.423907820000
4.745183639000	3.669733260000	8.816182929000	4.745183639000	26.335734440000	14.423347890000
4.768909557000	3.552915410000	8.816590269000	4.768909557000	26.332774630000	14.422156680000
4.792635475000	3.537820859000	8.817063650000	4.792635475000	26.335051090000	14.423546400000
4.816361393000	3.453968510000	8.816114021000	4.816361393000	26.334025720000	14.423812930000
4.840087311000	3.413602443000	8.816479693000	4.840087311000	26.335018290000	14.423313220000
4.863813230000	3.376432956000	8.816715470000	4.863813230000	26.335083710000	14.423143940000
4.887539148000	3.344649174000	8.817698591000	4.887539148000	26.333952720000	14.422540270000
4.911265066000	3.279510608000	8.816086095000	4.911265066000	26.334487110000	14.423622030000
4.934990984000	3.257502242000	8.817154348000	4.934990984000	26.332449620000	14.422531040000
4.958716902000	3.236475447000	8.817626425000	4.958716902000	26.335161170000	14.423465750000
4.982442821000	3.233471773000	8.817476348000	4.982442821000	26.335707730000	14.423423320000
5.006168739000	3.243666219000	8.816952606000	5.006168739000	26.334879230000	14.422577600000
5.029894657000	3.233855813000	8.815870392000	5.029894657000	26.335380300000	14.422461620000
5.053620575000	3.218137323000	8.814523867000	5.053620575000	26.335586300000	14.422413020000
5.077346493000	3.186217752000	8.814722538000	5.077346493000	26.341227180000	14.423399910000
5.101072412000	3.191960131000	8.815787961000	5.101072412000	26.339373010000	14.423160170000
5.124798330000	3.215441577000	8.815428937000	5.124798330000	26.342308950000	14.423400000000
5.148524248000	3.233766876000	8.816082922000	5.148524248000	26.342681610000	14.423017570000
5.172250166000	3.236059952000	8.816541346000	5.172250166000	26.341888800000	14.423468050000
5.195976084000	3.250423333000	8.815855010000	5.195976084000	26.343251130000	14.423291130000
5.219702002000	3.260686895000	8.816153901000	5.219702002000	26.345203480000	14.424193820000
5.243427921000	3.257262190000	8.815824053000	5.243427921000	26.345469390000	14.422312580000
5.267153839000	3.261905353000	8.815322666000	5.267153839000	26.345655790000	14.423476300000
5.290879757000	3.268787175000	8.814070333000	5.290879757000	26.347737070000	14.422404430000
5.314605675000	3.273176388000	8.813940147000	5.314605675000	26.346443070000	14.421991000000
5.338331593000	3.273892537000	8.813751722000	5.338331593000	26.343427970000	14.421998030000
5.362057512000	3.292900357000	8.812848256000	5.362057512000	26.345710120000	14.422574000000
5.385783430000	3.291123872000	8.812757145000	5.385783430000	26.345879550000	14.422017350000
5.409509348000	3.312860198000	8.813915542000	5.409509348000	26.345289930000	14.421825440000
5.433235266000	3.349256203000	8.815509015000	5.433235266000	26.348974590000	14.421891970000
5.456961184000	3.354439057000	8.815334829000	5.456961184000	26.348539100000	14.421922210000
5.480687103000	3.380400549000	8.816173995000	5.480687103000	26.344432910000	14.421672120000
5.504413021000	3.407469074000	8.816132649000	5.504413021000	26.346664290000	14.421786390000
5.528138939000	3.439601668000	8.814689672000	5.528138939000	26.347474790000	14.420579980000
5.551864857000	3.471906282000	8.812939133000	5.551864857000	26.346313980000	14.421708760000
5.575590775000	3.530142981000	8.812330722000	5.575590775000	26.348244080000	14.419719000000
5.599316694000	3.555678269000	8.812649936000	5.599316694000	26.346998760000	14.420114900000
5.623042612000	3.563232386000	8.813296496000	5.623042612000	26.346433410000	14.421205520000
5.646768530000	3.571197504000	8.812944185000	5.646768530000	26.345124680000	14.419929330000
5.670494448000	3.561094397000	8.813136305000	5.670494448000	26.346921320000	14.421518340000
5.694220366000	3.550915252000	8.813824150000	5.694220366000	26.344737200000	14.419733110000
5.717946285000	3.550778857000	8.814341390000	5.717946285000	26.344344230000	14.419621100000
5.741672203000	3.554404703000	8.814024292000	5.741672203000	26.344876360000	14.419678270000
5.765398121000	3.559287632000	8.814339496000	5.765398121000	26.346423130000	14.420188790000
5.789124039000	3.572102658000	8.813330780000	5.789124039000	26.345537540000	14.420040330000
5.812849957000	3.592119426000	8.811248098000	5.812849957000	26.342669150000	14.419854430000
5.836575875000	3.650702597000	8.805799768000	5.836575875000	26.343253280000	14.419611380000
5.860301794000	3.676835747000	8.808485408000	5.860301794000	26.341729200000	14.419879080000
5.884027712000	3.700792661000	8.809711414000	5.884027712000	26.343000120000	14.419823090000
5.907753630000	3.703096621000	8.810479574000	5.907753630000	26.343860770000	14.419882110000
5.931479548000	3.707738266000	8.811053933000	5.931479548000	26.345104560000	14.419712460000
5.955205466000	3.718017022000	8.810226714000	5.955205466000	26.345827350000	14.419569910000
5.978931385000	3.725878308000	8.809622303000	5.978931385000	26.341577180000	14.418384290000
6.002657303000	3.711951251000	8.811288162000	6.002657303000	26.344685720000	14.420689260000
6.026383221000	3.709854202000	8.811795351000	6.026383221000	26.344763630000	14.419500520000
6.050109139000	3.694754585000	8.811524940000	6.050109139000	26.344067040000	14.420030180000
6.073835057000	3.680917156000	8.813429311000	6.073835057000	26.340257950000	14.419169420000
6.097560976000	3.687247140000	8.814359414000	6.097560976000	26.344600130000	14.419637640000
6.121286894000	3.682601923000	8.814163188000	6.121286894000	26.341984510000	14.418872990000
6.145012812000	3.642511290000	8.813552645000	6.145012812000	26.339523240000	14.419068310000
6.168738730000	3.624858242000	8.814693956000	6.168738730000	26.342178520000	14.419571090000
6.192464648000	3.594638844000	8.816288733000	6.192464648000	26.341417310000	14.419453970000
6.216190567000	3.659681492000	8.814836581000	6.216190567000	26.338862930000	14.418668100000
6.239916485000	3.767580802000	8.814111077000	6.239916485000	26.341406160000	14.417842920000
6.263642403000	3.858513170000	8.816128359000	6.263642403000	26.341942310000	14.417175220000
6.287368321000	4.288263898000	8.821523676000	6.287368321000	26.341591790000	14.415019540000
6.311094239000	4.582577524000	8.822598310000	6.311094239000	26.346353310000	14.412048920000
6.334820158000	4.720195114000	8.818567433000	6.334820158000	26.345101080000	14.409672780000
6.358546076000	5.062865223000	8.804461068000	6.358546076000	26.351594540000	14.409649000000
			6.382271994000	26.353557670000	14.406721380000
			6.405997912000	26.355001040000	14.403370360000
			6.429723830000	26.362972080000	14.400748630000
			6.453449749000	26.364713400000	14.399459980000
			6.477175667000	26.369918740000	14.402094070000
			6.500901585000	26.370485750000	14.401524700000
			6.524627503000	26.368835870000	14.408672050000
			6.548353421000	26.377174360000	14.410124250000
			6.572079339000	26.371122630000	14.413094040000
			6.595805258000	26.386683970000	14.419330420000
			6.619531176000	26.403435320000	14.419746030000
			6.643257094000	26.402430470000	14.420020560000
			6.666983012000	26.391835740000	14.413906240000
			6.690708930000	26.378793240000	14.417210250000
			6.714434849000	26.377331540000	14.418593980000
			6.738160767000	26.458592640000	14.402164390000
			6.761886685000	26.439907950000	14.392535080000
			6.785612603000	26.478473510000	14.403505230000
			6.809338521000	26.467138710000	14.410476610000
			6.833064440000	26.498531720000	14.415481820000
			6.856790358000	26.788681200000	14.415639670000
			6.880516276000	26.913474470000	14.376630440000
			6.904242194000	26.827932990000	14.410377240000
			6.927968112000	27.011331200000	14.383955710000
			6.951694031000	27.068816390000	14.404525300000
