GMfasBEST			GMext		
t	x	y	t	x	y
0.000000000000	18.072232410000	0.242316097600	0.000000000000	40.874602590000	9.435998728000
0.023329600600	18.072190140000	0.242310458400	0.023329600600	40.875043710000	9.435354920000
0.046659201190	18.072421890000	0.242141399600	0.046659201190	40.874912530000	9.435389754000
0.069988801790	18.072442000000	0.242205299000	0.069988801790	40.874811330000	9.435218628000
0.093318402390	18.072880140000	0.242080685100	0.093318402390	40.875247530000	9.435241041000
0.116648003000	18.073540170000	0.241930442800	0.116648003000	40.874799020000	9.435471872000
0.139977603600	18.072958580000	0.242174774600	0.139977603600	40.874639780000	9.435200507000
0.163307204200	18.073070320000	0.241972677600	0.163307204200	40.874752710000	9.435641095000
0.186636804800	18.072896750000	0.241876864000	0.186636804800	40.874635330000	9.435517946000
0.209966405400	18.072782330000	0.241773298900	0.209966405400	40.874760100000	9.435442474000
0.233296006000	18.073649980000	0.241629076200	0.233296006000	40.874203800000	9.435470495000
0.256625606600	18.073966550000	0.241308046300	0.256625606600	40.875182230000	9.435269680000
0.279955207200	18.073606510000	0.241374868300	0.279955207200	40.874646000000	9.435608841000
0.303284807800	18.074467830000	0.241404197400	0.303284807800	40.874543360000	9.435329339000
0.326614408400	18.073809590000	0.241242536000	0.326614408400	40.874338870000	9.435509318000
0.349944009000	18.073966560000	0.241281437200	0.349944009000	40.874685780000	9.435283528000
0.373273609600	18.074054530000	0.241170029000	0.373273609600	40.874353180000	9.435277649000
0.396603210200	18.074497100000	0.241115721300	0.396603210200	40.874370550000	9.435249799000
0.419932810800	18.074080450000	0.241197994500	0.419932810800	40.874336660000	9.435168520000
0.443262411300	18.073897820000	0.241547939100	0.443262411300	40.873925490000	9.435361395000
0.466592011900	18.073466840000	0.242045238300	0.466592011900	40.874482410000	9.435563687000
0.489921612500	18.072861950000	0.242178981500	0.489921612500	40.874559760000	9.435453097000
0.513251213100	18.071988630000	0.242503971200	0.513251213100	40.874201900000	9.435645003000
0.536580813700	18.071770140000	0.242647385700	0.536580813700	40.873709440000	9.435825443000
0.559910414300	18.072387200000	0.242656321000	0.559910414300	40.874011630000	9.435732864000
0.583240014900	18.071484300000	0.242741153800	0.583240014900	40.873959810000	9.435878171000
0.606569615500	18.071200060000	0.242745100500	0.606569615500	40.874928710000	9.435200989000
0.629899216100	18.072013620000	0.242541713100	0.629899216100	40.873875850000	9.435661504000
0.653228816700	18.072407440000	0.242424897700	0.653228816700	40.873771560000	9.435442645000
0.676558417300	18.072254390000	0.242383165500	0.676558417300	40.874065880000	9.435257876000
0.699888017900	18.072327600000	0.242142085700	0.699888017900	40.873746230000	9.435555413000
0.723217618500	18.072760060000	0.242202300700	0.723217618500	40.873838460000	9.435428275000
0.746547219100	18.072850890000	0.242381790000	0.746547219100	40.873731680000	9.435609270000
0.769876819700	18.072520930000	0.242243387400	0.769876819700	40.873359580000	9.435476458000
0.793206420300	18.072667400000	0.242098441400	0.793206420300	40.873817870000	9.435041280000
0.816536020900	18.072915010000	0.242224866200	0.816536020900	40.873799520000	9.435615864000
0.839865621500	18.072555000000	0.242224555000	0.839865621500	40.873523970000	9.435440875000
0.863195222100	18.072792040000	0.242116573000	0.863195222100	40.873596010000	9.435304356000
0.886524822700	18.073032110000	0.242111152300	0.886524822700	40.873501670000	9.435178581000
0.909854423300	18.072930060000	0.242030524400	0.909854423300	40.873198430000	9.435215307000
0.933184023900	18.073588060000	0.242039025200	0.933184023900	40.874103910000	9.434944378000
0.956513624500	18.073687350000	0.241768016400	0.956513624500	40.873543090000	9.435057135000
0.979843225100	18.074088190000	0.241631197200	0.979843225100	40.873607660000	9.434959115000
1.003172826000	18.073992640000	0.241811244600	1.003172826000	40.872953910000	9.434887401000
1.026502426000	18.073903010000	0.241645484200	1.026502426000	40.873803340000	9.434904525000
1.049832027000	18.074770840000	0.241406553600	1.049832027000	40.873917820000	9.434787102000
1.073161627000	18.074486520000	0.241301789700	1.073161627000	40.874125470000	9.434565866000
1.096491228000	18.074064310000	0.240961301200	1.096491228000	40.873460770000	9.434604828000
1.119820829000	18.074327620000	0.240691559200	1.119820829000	40.873046470000	9.434639626000
1.143150429000	18.074950420000	0.240488976200	1.143150429000	40.873742350000	9.434607158000
1.166480030000	18.072146580000	0.239884382400	1.166480030000	40.873996880000	9.434970545000
1.189809630000	18.053447020000	0.240199762500	1.189809630000	40.873626920000	9.435351238000
1.213139231000	17.746544290000	0.271149147200	1.213139231000	40.875238220000	9.436147345000
1.236468832000	17.629232670000	0.286691706300	1.236468832000	40.875587850000	9.436178063000
1.259798432000	17.181320180000	0.307590913100	1.259798432000	40.876311350000	9.436205755000
1.283128033000	17.006279880000	0.303271279200	1.283128033000	40.874881820000	9.437381091000
1.306457633000	16.881060540000	0.318028067000	1.306457633000	40.876013280000	9.437245634000
1.329787234000	16.726279740000	0.336220041300	1.329787234000	40.878629160000	9.437582135000
1.353116835000	16.556017060000	0.366244042600	1.353116835000	40.875688340000	9.440028695000
1.376446435000	16.242756650000	0.394149695000	1.376446435000	40.880224360000	9.439804855000
1.399776036000	16.151575250000	0.403217066900	1.399776036000	40.879567050000	9.441040679000
1.423105636000	15.754856400000	0.403298770900	1.423105636000	40.883562770000	9.441372366000
1.446435237000	15.557552500000	0.415247768100	1.446435237000	40.882647450000	9.441736162000
1.469764838000	15.489697940000	0.424178511000	1.469764838000	40.880261340000	9.443550063000
1.493094438000	15.103998600000	0.466445658000	1.493094438000	40.881386030000	9.444290026000
1.516424039000	14.960819420000	0.476773230100	1.516424039000	40.881176730000	9.444536068000
1.539753639000	14.854883490000	0.479787602700	1.539753639000	40.881631000000	9.444537647000
1.563083240000	14.795139300000	0.485577032600	1.563083240000	40.881893040000	9.444721720000
1.586412841000	14.598726090000	0.514078844200	1.586412841000	40.882787630000	9.445338124000
1.609742441000	14.487550660000	0.528036861000	1.609742441000	40.882833590000	9.445815783000
1.633072042000	14.407796630000	0.529253602700	1.633072042000	40.882310490000	9.446438138000
1.656401642000	14.188356810000	0.543229049300	1.656401642000	40.882663680000	9.447091590000
1.679731243000	14.064955080000	0.554311147200	1.679731243000	40.882048590000	9.448336175000
1.703060844000	13.971117500000	0.564409721500	1.703060844000	40.881855620000	9.448989501000
1.726390444000	13.888889120000	0.578755318000	1.726390444000	40.881197110000	9.449465848000
1.749720045000	13.849439780000	0.582207875900	1.749720045000	40.880989150000	9.449956272000
1.773049645000	13.787024800000	0.590483354500	1.773049645000	40.880244700000	9.451844996000
1.796379246000	13.687971600000	0.604390714800	1.796379246000	40.880034110000	9.452639759000
1.819708847000	13.504565910000	0.630520183700	1.819708847000	40.878344140000	9.456023869000
1.843038447000	13.265038210000	0.667315941500	1.843038447000	40.878582830000	9.458343149000
1.866368048000	13.145969130000	0.683369452200	1.866368048000	40.875692880000	9.460609723000
1.889697648000	12.870158910000	0.724002366900	1.889697648000	40.876163280000	9.464944535000
1.913027249000	12.826501930000	0.720853204000	1.913027249000	40.874973350000	9.465423323000
1.936356850000	12.703155620000	0.707489257700	1.936356850000	40.875514860000	9.465960629000
1.959686450000	12.538915270000	0.718963355700	1.959686450000	40.875514390000	9.464918077000
1.983016051000	12.390764290000	0.737672326100	1.983016051000	40.876624810000	9.469493336000
2.006345651000	12.104868470000	0.773014692100	2.006345651000	40.873669040000	9.475031546000
2.029675252000	11.931082420000	0.789541896400	2.029675252000	40.872704780000	9.472613036000
2.053004853000	11.759506300000	0.816440699300	2.053004853000	40.871376290000	9.479422605000
2.076334453000	11.497038290000	0.854302255100	2.076334453000	40.871316360000	9.480246031000
2.099664054000	11.329495810000	0.879960478600	2.099664054000	40.868977430000	9.482428847000
2.122993654000	11.169569060000	0.897703402300	2.122993654000	40.867853690000	9.484092642000
2.146323255000	11.000485660000	0.891297990100	2.146323255000	40.864754430000	9.486069231000
2.169652856000	10.839770830000	0.906896854500	2.169652856000	40.861360160000	9.488931965000
2.192982456000	10.564828060000	0.965566263300	2.192982456000	40.860823990000	9.492219040000
2.216312057000	10.357192280000	0.986966655400	2.216312057000	40.860602400000	9.495010088000
2.239641657000	10.192302820000	1.008170766000	2.239641657000	40.858988190000	9.498040629000
2.262971258000	9.912247977000	1.048040135000	2.262971258000	40.858664510000	9.505396558000
2.286300859000	9.682135169000	1.088898749000	2.286300859000	40.860291660000	9.506887122000
2.309630459000	9.525367719000	1.119168151000	2.309630459000	40.862524220000	9.508580993000
2.332960060000	9.381031583000	1.133117733000	2.332960060000	40.863720090000	9.511354428000
2.356289660000	9.246033165000	1.152829033000	2.356289660000	40.865167070000	9.514243907000
2.379619261000	9.080896392000	1.174887186000	2.379619261000	40.864502910000	9.515449160000
2.402948862000	8.956043385000	1.189374948000	2.402948862000	40.864793640000	9.516116386000
2.426278462000	8.669331522000	1.252617235000	2.426278462000	40.862912840000	9.518344938000
2.449608063000	8.637544586000	1.251802806000	2.449608063000	40.864731250000	9.518380775000
2.472937663000	8.527972981000	1.277405245000	2.472937663000	40.861784690000	9.520782024000
2.496267264000	8.376973022000	1.303745260000	2.496267264000	40.863308140000	9.523580032000
2.519596865000	8.365604281000	1.308976911000	2.519596865000	40.862097060000	9.523441117000
2.542926465000	8.332335022000	1.316345398000	2.542926465000	40.862443280000	9.524868321000
2.566256066000	8.253898705000	1.342251617000	2.566256066000	40.862925710000	9.525949608000
2.589585666000	8.216264421000	1.352173154000	2.589585666000	40.861531810000	9.527644255000
2.612915267000	8.125997716000	1.352292339000	2.612915267000	40.861345250000	9.530105288000
2.636244867000	8.121204930000	1.360110980000	2.636244867000	40.862149690000	9.531066009000
2.659574468000	8.066075367000	1.373097622000	2.659574468000	40.861736720000	9.530844362000
2.682904069000	7.976869226000	1.387344737000	2.682904069000	40.862633360000	9.533185542000
2.706233669000	7.933597538000	1.399253733000	2.706233669000	40.862055740000	9.533712026000
2.729563270000	7.833125745000	1.413207565000	2.729563270000	40.858703240000	9.536773932000
2.752892870000	7.755595258000	1.423238696000	2.752892870000	40.863328030000	9.536612177000
2.776222471000	7.605994306000	1.437812574000	2.776222471000	40.860752850000	9.539455845000
2.799552072000	7.574652046000	1.442203918000	2.799552072000	40.862414170000	9.538494706000
2.822881672000	7.503395127000	1.450172073000	2.822881672000	40.863553250000	9.543084812000
2.846211273000	7.485716976000	1.460878051000	2.846211273000	40.861006390000	9.544800091000
2.869540873000	7.269468913000	1.494833033000	2.869540873000	40.859695930000	9.545417779000
2.892870474000	7.114608321000	1.527925070000	2.892870474000	40.859149660000	9.546998651000
2.916200075000	7.043451962000	1.538375799000	2.916200075000	40.858154720000	9.548091056000
2.939529675000	6.974067247000	1.547337604000	2.939529675000	40.858184210000	9.548972244000
2.962859276000	6.907500486000	1.555200302000	2.962859276000	40.859491730000	9.549275467000
2.986188876000	6.878835251000	1.559527057000	2.986188876000	40.857009830000	9.550457040000
3.009518477000	6.744382566000	1.584714320000	3.009518477000	40.855156750000	9.552668583000
3.032848078000	6.624340183000	1.602035781000	3.032848078000	40.852803680000	9.556501362000
3.056177678000	6.452393921000	1.634129644000	3.056177678000	40.851455170000	9.558341876000
3.079507279000	6.386310691000	1.647540298000	3.079507279000	40.852137820000	9.559518104000
3.102836879000	6.302142130000	1.657646202000	3.102836879000	40.851853070000	9.560773815000
3.126166480000	6.267441318000	1.664776321000	3.126166480000	40.852666700000	9.561190929000
3.149496081000	6.179813339000	1.678572153000	3.149496081000	40.851432780000	9.561127240000
3.172825681000	6.113904023000	1.691758730000	3.172825681000	40.851582780000	9.562131439000
3.196155282000	5.928456506000	1.725001237000	3.196155282000	40.852258700000	9.564435255000
3.219484882000	5.886219589000	1.730709171000	3.219484882000	40.853294660000	9.564440374000
3.242814483000	5.759011238000	1.758152968000	3.242814483000	40.852538180000	9.566052816000
3.266144084000	5.703757920000	1.771848282000	3.266144084000	40.851929710000	9.568872508000
3.289473684000	5.598401705000	1.793314341000	3.289473684000	40.851665900000	9.571300182000
3.312803285000	5.568738759000	1.799713223000	3.312803285000	40.855600330000	9.576669983000
3.336132885000	5.473816035000	1.817370810000	3.336132885000	40.856822390000	9.578409378000
3.359462486000	5.321358386000	1.843998383000	3.359462486000	40.855584650000	9.579809518000
3.382792087000	5.299785605000	1.846162676000	3.382792087000	40.855499380000	9.580174686000
3.406121687000	5.141074388000	1.876652249000	3.406121687000	40.855320810000	9.582098048000
3.429451288000	5.059225148000	1.889067701000	3.429451288000	40.854799890000	9.583494557000
3.452780888000	4.966720719000	1.905483136000	3.452780888000	40.857436840000	9.586934473000
3.476110489000	4.837435845000	1.926662932000	3.476110489000	40.857146190000	9.588506341000
3.499440090000	4.641488074000	1.954602005000	3.499440090000	40.859031120000	9.592211232000
3.522769690000	4.559067205000	1.973579838000	3.522769690000	40.858631760000	9.592282677000
3.546099291000	4.455167594000	1.984498613000	3.546099291000	40.857969920000	9.593990848000
3.569428891000	4.301279099000	2.007955836000	3.569428891000	40.857666000000	9.595546990000
3.592758492000	4.131318017000	2.028790458000	3.592758492000	40.861018260000	9.598100099000
3.616088093000	3.920145111000	2.065180149000	3.616088093000	40.861321340000	9.601310613000
3.639417693000	3.652101245000	2.115258532000	3.639417693000	40.861670300000	9.606635460000
3.662747294000	3.520294628000	2.139194294000	3.662747294000	40.864134840000	9.609483272000
3.686076894000	3.472275058000	2.139713354000	3.686076894000	40.862058020000	9.606505737000
3.709406495000	3.362666810000	2.163081185000	3.709406495000	40.864902140000	9.606893974000
3.732736096000	3.122840435000	2.193692833000	3.732736096000	40.866300310000	9.610844781000
3.756065696000	2.996637998000	2.219824805000	3.756065696000	40.863581300000	9.613476484000
3.779395297000	2.927860397000	2.233241351000	3.779395297000	40.863956780000	9.613314092000
3.802724897000	2.806432867000	2.245116728000	3.802724897000	40.864399200000	9.613892296000
3.826054498000	2.801297966000	2.211740224000	3.826054498000	40.864258710000	9.613839182000
3.849384099000	2.727658445000	2.217470030000	3.849384099000	40.865113060000	9.614862950000
3.872713699000	2.747419401000	2.223929296000	3.872713699000	40.865393650000	9.615114484000
3.896043300000	2.750898422000	2.224241887000	3.896043300000	40.865024090000	9.616331876000
3.919372900000	2.757395725000	2.226493859000	3.919372900000	40.865208410000	9.618003001000
3.942702501000	2.752511531000	2.225772082000	3.942702501000	40.866779680000	9.617414517000
3.966032102000	2.743098892000	2.225912679000	3.966032102000	40.866754540000	9.618101034000
3.989361702000	2.730389214000	2.226917684000	3.989361702000	40.866262500000	9.618219888000
4.012691303000	2.677189470000	2.236834786000	4.012691303000	40.867637150000	9.618333824000
4.036020903000	2.613729103000	2.248132972000	4.036020903000	40.867958570000	9.619346785000
4.059350504000	2.594112757000	2.251143097000	4.059350504000	40.869832550000	9.619075816000
4.082680105000	2.486383088000	2.270086714000	4.082680105000	40.870786600000	9.619973347000
4.106009705000	2.456373844000	2.273692020000	4.106009705000	40.872384600000	9.620202631000
4.129339306000	2.340534021000	2.289670377000	4.129339306000	40.870511010000	9.621679512000
4.152668906000	2.222409286000	2.307624420000	4.152668906000	40.872016120000	9.621008626000
4.175998507000	2.110294380000	2.324986169000	4.175998507000	40.873287820000	9.621999583000
4.199328108000	1.945048578000	2.349182737000	4.199328108000	40.870519120000	9.623259637000
4.222657708000	1.757272964000	2.367761564000	4.222657708000	40.873088670000	9.624589883000
4.245987309000	1.714811475000	2.380344570000	4.245987309000	40.873707650000	9.623904577000
4.269316909000	1.665120505000	2.393415994000	4.269316909000	40.874914220000	9.628025246000
4.292646510000	1.640827075000	2.399197003000	4.292646510000	40.876040470000	9.626094188000
4.315976110000	1.518461977000	2.406502852000	4.315976110000	40.877411070000	9.626719797000
4.339305711000	1.511202883000	2.387894219000	4.339305711000	40.875832090000	9.626638961000
4.362635312000	1.456723301000	2.378474284000	4.362635312000	40.876422340000	9.627073456000
4.385964912000	1.343245411000	2.385908100000	4.385964912000	40.876590690000	9.627479580000
4.409294513000	1.166157550000	2.391077514000	4.409294513000	40.874016820000	9.632775996000
4.432624113000	0.878587030700	2.376057249000	4.432624113000	40.874519790000	9.633516116000
4.455953714000	0.781758706200	2.373512064000	4.455953714000	40.873680460000	9.633281563000
4.479283315000	0.578910432300	2.343675674000	4.479283315000	40.875798840000	9.640568967000
4.502612915000	0.361431273300	2.368388503000	4.502612915000	40.874034360000	9.640999112000
4.525942516000	0.063021840040	2.414025376000	4.525942516000	40.874373940000	9.643042387000
4.549272116000	-0.060202779260	2.435568824000	4.549272116000	40.873537620000	9.643027430000
4.572601717000	-0.190676544600	2.440846660000	4.572601717000	40.871877040000	9.641943590000
4.595931318000	-0.315246760300	2.464773249000	4.595931318000	40.872865700000	9.643004758000
4.619260918000	-0.355370544100	2.479677771000	4.619260918000	40.870847410000	9.643165959000
4.642590519000	-0.443569609300	2.484130361000	4.642590519000	40.868967080000	9.643887594000
4.665920119000	-0.459312441400	2.490629051000	4.665920119000	40.870200950000	9.642965761000
4.689249720000	-0.515194294400	2.507309988000	4.689249720000	40.869455460000	9.643659537000
4.712579321000	-0.526184242000	2.500440610000	4.712579321000	40.868503780000	9.639978768000
4.735908921000	-0.416262476900	2.481354227000	4.735908921000	40.867141740000	9.637509121000
4.759238522000	-0.240969876000	2.454757408000	4.759238522000	40.866543120000	9.634393773000
4.782568122000	-0.204431993600	2.460189080000	4.782568122000	40.867554640000	9.630651530000
4.805897723000	-0.149177260300	2.411706897000	4.805897723000	40.863539830000	9.632285275000
4.829227324000	-0.189851056200	2.407122645000	4.829227324000	40.866071650000	9.629989265000
4.852556924000	-0.314908414300	2.429796941000	4.852556924000	40.864370720000	9.630460844000
4.875886525000	-0.343377964700	2.430950715000	4.875886525000	40.863255730000	9.628726224000
4.899216125000	-0.491366946200	2.452463074000	4.899216125000	40.862095120000	9.630429318000
4.922545726000	-0.557582407600	2.462933068000	4.922545726000	40.861023260000	9.631027243000
4.945875327000	-0.596526401800	2.469484287000	4.945875327000	40.861730380000	9.628956416000
4.969204927000	-0.669955143400	2.480217864000	4.969204927000	40.862934490000	9.630479176000
4.992534528000	-0.752489326300	2.493755032000	4.992534528000	40.860645320000	9.631601531000
5.015864128000	-0.799678990700	2.487561315000	5.015864128000	40.858686610000	9.633871693000
5.039193729000	-0.757468254700	2.475972701000	5.039193729000	40.858900920000	9.632994862000
5.062523330000	-0.678482139000	2.465518192000	5.062523330000	40.858263590000	9.632625631000
5.085852930000	-0.707539127200	2.467469360000	5.085852930000	40.858551840000	9.633039872000
5.109182531000	-0.769586663000	2.464736543000	5.109182531000	40.857571880000	9.634440504000
5.132512131000	-0.787572876200	2.463692519000	5.132512131000	40.856635640000	9.631167524000
5.155841732000	-0.813857537500	2.478534489000	5.155841732000	40.858329690000	9.630091952000
5.179171333000	-0.831695182700	2.488701719000	5.179171333000	40.857511610000	9.630122284000
5.202500933000	-0.851643874200	2.481763468000	5.202500933000	40.857890220000	9.629207096000
5.225830534000	-0.867466200500	2.494581673000	5.225830534000	40.857464790000	9.630440224000
5.249160134000	-0.924513206300	2.505205721000	5.249160134000	40.856772630000	9.631325993000
5.272489735000	-0.958614627700	2.515322732000	5.272489735000	40.858452900000	9.629495478000
5.295819336000	-0.991167432300	2.518352484000	5.295819336000	40.856210160000	9.630984133000
5.319148936000	-1.010852253000	2.524677583000	5.319148936000	40.856006700000	9.629423000000
5.342478537000	-1.035435178000	2.531845417000	5.342478537000	40.855888630000	9.629333156000
5.365808137000	-1.055650647000	2.532666086000	5.365808137000	40.853947700000	9.630055228000
5.389137738000	-1.030433005000	2.528978228000	5.389137738000	40.854886440000	9.629456795000
5.412467339000	-0.959555780300	2.513714931000	5.412467339000	40.853491970000	9.627436494000
5.435796939000	-0.912766765400	2.502967500000	5.435796939000	40.855532290000	9.626578755000
5.459126540000	-0.822577831900	2.462745411000	5.459126540000	40.857027150000	9.624446925000
5.482456140000	-0.703233634900	2.422392078000	5.482456140000	40.857913000000	9.623289546000
5.505785741000	-0.686205768300	2.412499755000	5.505785741000	40.857282130000	9.622434130000
5.529115342000	-0.613886437200	2.395440798000	5.529115342000	40.856816870000	9.620284571000
5.552444942000	-0.488226412000	2.374538429000	5.552444942000	40.857599660000	9.619862907000
5.575774543000	-0.370944713200	2.363783737000	5.575774543000	40.857011230000	9.619972486000
5.599104143000	-0.336098342700	2.357676122000	5.599104143000	40.857124210000	9.619996332000
5.622433744000	-0.272490315500	2.342123254000	5.622433744000	40.856440710000	9.620192962000
5.645763345000	-0.223685298200	2.334538303000	5.645763345000	40.857420470000	9.618543122000
5.669092945000	-0.162248567800	2.319033689000	5.669092945000	40.858105280000	9.617611984000
5.692422546000	-0.113965624700	2.310328310000	5.692422546000	40.857270060000	9.616897429000
5.715752146000	-0.087999341950	2.307615617000	5.715752146000	40.858584370000	9.617321564000
5.739081747000	-0.035982721290	2.298871370000	5.739081747000	40.858198680000	9.616764824000
5.762411348000	-0.036117973040	2.295498747000	5.762411348000	40.857374220000	9.616924409000
5.785740948000	-0.007354942853	2.292571283000	5.785740948000	40.856785830000	9.617168111000
5.809070549000	0.018003769860	2.287863662000	5.809070549000	40.854449500000	9.616663184000
5.832400149000	0.060952448040	2.283348179000	5.832400149000	40.856961730000	9.616683680000
5.855729750000	0.081992570860	2.276117067000	5.855729750000	40.857198010000	9.615422245000
5.879059351000	0.062118772850	2.277812620000	5.879059351000	40.855121330000	9.616907293000
5.902388951000	0.050969392030	2.275844983000	5.902388951000	40.854261830000	9.616667439000
5.925718552000	0.057669504310	2.277706187000	5.925718552000	40.855441830000	9.615280741000
5.949048152000	0.067305157000	2.276981453000	5.949048152000	40.854800350000	9.616200089000
5.972377753000	0.123710000600	2.269119646000	5.972377753000	40.855712640000	9.615578802000
5.995707353000	0.150473927200	2.260787416000	5.995707353000	40.855980100000	9.614981651000
6.019036954000	0.177087288200	2.256063738000	6.019036954000	40.854065150000	9.614727640000
6.042366555000	0.193987787100	2.254135520000	6.042366555000	40.854717490000	9.614577894000
6.065696155000	0.257246169100	2.241484118000	6.065696155000	40.856451670000	9.613482290000
6.089025756000	0.419542942100	2.218028675000	6.089025756000	40.855933210000	9.612474947000
6.112355356000	0.470764423200	2.211879041000	6.112355356000	40.855337180000	9.612906863000
6.135684957000	0.548928554400	2.198852672000	6.135684957000	40.856963860000	9.613199910000
6.159014558000	0.621079337300	2.186352481000	6.159014558000	40.854686640000	9.613930960000
6.182344158000	0.860182416300	2.239118145000	6.182344158000	40.854073260000	9.614032727000
6.205673759000	0.900555704200	2.232362958000	6.205673759000	40.853733230000	9.614129448000
6.229003359000	0.989144290000	2.224471448000	6.229003359000	40.855435750000	9.613467326000
6.252332960000	1.005398153000	2.222327414000	6.252332960000	40.855355790000	9.614117151000
6.275662561000	1.042701698000	2.215364838000	6.275662561000	40.854185420000	9.614963792000
6.298992161000	1.270426608000	2.186621752000	6.298992161000	40.855629880000	9.614359352000
6.322321762000	1.378419178000	2.204315120000	6.322321762000	40.853544030000	9.614798020000
6.345651362000	1.310666446000	2.468322104000	6.345651362000	40.854795270000	9.615398525000
6.368980963000	1.365516303000	2.450820306000	6.368980963000	40.855007610000	9.615245752000
6.392310564000	1.420044279000	2.444650527000	6.392310564000	40.854666060000	9.614733813000
6.415640164000	1.481377040000	2.443493426000	6.415640164000	40.853180680000	9.613854846000
6.438969765000	1.438486096000	2.443369528000	6.438969765000	40.855181190000	9.614926990000
6.462299365000	1.435390667000	2.440643240000	6.462299365000	40.855103860000	9.614433210000
6.485628966000	1.486752195000	2.433415518000	6.485628966000	40.855345490000	9.613324367000
6.508958567000	1.559053914000	2.424780895000	6.508958567000	40.854440810000	9.613423458000
6.532288167000	1.523429194000	2.427643288000	6.532288167000	40.853766000000	9.613811679000
6.555617768000	1.504738389000	2.427306698000	6.555617768000	40.855181990000	9.613379755000
6.578947368000	1.505660825000	2.428149270000	6.578947368000	40.854741970000	9.613891485000
6.602276969000	1.560839294000	2.424596142000	6.602276969000	40.853941150000	9.613093576000
6.625606570000	1.578518727000	2.425487773000	6.625606570000	40.855114270000	9.612264635000
6.648936170000	1.588344830000	2.428304172000	6.648936170000	40.854696640000	9.612902095000
6.672265771000	1.598038452000	2.426460632000	6.672265771000	40.853610730000	9.612312387000
6.695595371000	1.648994899000	2.414391359000	6.695595371000	40.854304170000	9.611806256000
6.718924972000	1.916661461000	2.376530640000	6.718924972000	40.854409330000	9.610773422000
6.742254573000	2.023714521000	2.415684166000	6.742254573000	40.854125690000	9.608463710000
6.765584173000	2.180179423000	2.404462176000	6.765584173000	40.852655590000	9.608773963000
6.788913774000	2.340610193000	2.412977337000	6.788913774000	40.854469460000	9.610602894000
6.812243374000	2.372758935000	2.426121557000	6.812243374000	40.854151460000	9.610866386000
6.835572975000	2.461538824000	2.426507679000	6.835572975000	40.853010470000	9.609909219000
6.858902576000	2.561618617000	2.425958092000	6.858902576000	40.853516890000	9.608279529000
6.882232176000	2.609459469000	2.448460733000	6.882232176000	40.854898650000	9.608588279000
6.905561777000	2.660904589000	2.456920962000	6.905561777000	40.853896080000	9.607783330000
6.928891377000	2.808236525000	2.453393858000	6.928891377000	40.854410350000	9.607016588000
6.952220978000	2.891375500000	2.455987209000	6.952220978000	40.855025930000	9.606875461000
