SOLendBEST			SOLext		
t	x	y	t	x	y
0.000000000000	19.670747420000	9.783255909000	0.000000000000	26.084209960000	13.368420760000
0.023864070260	19.677201660000	9.779994349000	0.023864070260	26.083648550000	13.368591730000
0.047728140510	19.681179190000	9.777417307000	0.047728140510	26.084573620000	13.368688830000
0.071592210770	19.693168970000	9.770204764000	0.071592210770	26.084071270000	13.368707570000
0.095456281020	19.698603580000	9.762197853000	0.095456281020	26.084823530000	13.368992160000
0.119320351300	19.674021870000	9.742069239000	0.119320351300	26.088400190000	13.369492350000
0.143184421500	19.677481750000	9.720933904000	0.143184421500	26.086166690000	13.369428190000
0.167048491800	19.677851860000	9.712295311000	0.167048491800	26.085512550000	13.369381480000
0.190912562000	19.687487510000	9.698988239000	0.190912562000	26.087290830000	13.368734390000
0.214776632300	19.684857410000	9.701661546000	0.214776632300	26.087932720000	13.368775880000
0.238640702600	19.674464760000	9.706998925000	0.238640702600	26.088471010000	13.368796700000
0.262504772800	19.666540140000	9.707534499000	0.262504772800	26.088865760000	13.369183440000
0.286368843100	19.658588380000	9.705499987000	0.286368843100	26.088662750000	13.369344550000
0.310232913300	19.655997210000	9.706729006000	0.310232913300	26.088573090000	13.369214370000
0.334096983600	19.650183880000	9.708027342000	0.334096983600	26.088123210000	13.368890110000
0.357961053800	19.656900790000	9.707434209000	0.357961053800	26.088373880000	13.369400720000
0.381825124100	19.649560530000	9.708379316000	0.381825124100	26.086206800000	13.369771780000
0.405689194300	19.634009100000	9.709032251000	0.405689194300	26.087399410000	13.368279390000
0.429553264600	19.603929200000	9.706971796000	0.429553264600	26.086490710000	13.368624050000
0.453417334900	19.550161160000	9.706713712000	0.453417334900	26.085071460000	13.367410980000
0.477281405100	19.456300600000	9.711645332000	0.477281405100	26.081339500000	13.366309190000
0.501145475400	19.437978550000	9.712015923000	0.501145475400	26.082705840000	13.366234750000
0.525009545600	19.432513280000	9.713952665000	0.525009545600	26.081953030000	13.365993910000
0.548873615900	19.397091070000	9.712943266000	0.548873615900	26.083171330000	13.365644880000
0.572737686100	19.346896900000	9.716798313000	0.572737686100	26.082262230000	13.363635380000
0.596601756400	19.289327010000	9.718438952000	0.596601756400	26.082589530000	13.360308630000
0.620465826700	19.143661340000	9.724926747000	0.620465826700	26.090101420000	13.342667800000
0.644329896900	19.048641460000	9.726601651000	0.644329896900	26.094414010000	13.332218090000
0.668193967200	18.965498460000	9.730014254000	0.668193967200	26.092924570000	13.325988890000
0.692058037400	18.864989460000	9.724480645000	0.692058037400	26.092175850000	13.313328950000
0.715922107700	18.701724960000	9.720080220000	0.715922107700	26.093715450000	13.307484970000
0.739786177900	18.677180210000	9.728376349000	0.739786177900	26.098881220000	13.301315150000
0.763650248200	18.564624060000	9.765919771000	0.763650248200	26.099486010000	13.296379570000
0.787514318400	18.526799540000	9.783049970000	0.787514318400	26.095438030000	13.298676640000
0.811378388700	18.486700400000	9.843470323000	0.811378388700	26.094151800000	13.296360000000
0.835242459000	18.398138570000	9.857142068000	0.835242459000	26.086844280000	13.294764210000
0.859106529200	18.340885590000	9.861714633000	0.859106529200	26.079112870000	13.296240360000
0.882970599500	18.332038170000	9.865233684000	0.882970599500	26.081116660000	13.295132070000
0.906834669700	18.331041810000	9.871875696000	0.906834669700	26.083996430000	13.294377920000
0.930698740000	18.277226420000	9.876729515000	0.930698740000	26.078798440000	13.293722540000
0.954562810200	18.164246520000	9.874436131000	0.954562810200	26.072527310000	13.294329850000
0.978426880500	18.109877990000	9.888497534000	0.978426880500	26.061696760000	13.297916320000
1.002290951000	18.096913570000	9.899366513000	1.002290951000	26.060312420000	13.301552310000
1.026155021000	17.992792910000	9.917148968000	1.026155021000	26.051756570000	13.307221760000
1.050019091000	17.949450850000	9.924418996000	1.050019091000	26.050651050000	13.305820720000
1.073883162000	17.879408780000	9.931588822000	1.073883162000	26.051552460000	13.305036540000
1.097747232000	17.674157530000	9.939233316000	1.097747232000	26.022540400000	13.306696130000
1.121611302000	17.606927230000	9.941350080000	1.121611302000	26.015136150000	13.302016930000
1.145475372000	17.499450510000	9.953737333000	1.145475372000	26.003881170000	13.299737640000
1.169339443000	17.388928440000	9.967588493000	1.169339443000	25.985294940000	13.298483490000
1.193203513000	17.332901170000	9.964066718000	1.193203513000	25.979824660000	13.298384610000
1.217067583000	17.225549180000	9.961587083000	1.217067583000	25.948616600000	13.302093530000
1.240931653000	17.120578130000	9.956654820000	1.240931653000	25.923256000000	13.300774010000
1.264795724000	16.921858230000	9.964869465000	1.264795724000	25.912938520000	13.301762740000
1.288659794000	16.854925120000	9.982351751000	1.288659794000	25.884927570000	13.295901200000
1.312523864000	16.767235560000	9.999734598000	1.312523864000	25.853963760000	13.289230870000
1.336387934000	16.722425700000	10.006316110000	1.336387934000	25.844763770000	13.288876410000
1.360252005000	16.683185470000	10.011900420000	1.360252005000	25.840310160000	13.287999830000
1.384116075000	16.639944110000	10.018399410000	1.384116075000	25.836968600000	13.291628880000
1.407980145000	16.640967640000	10.018390470000	1.407980145000	25.831678710000	13.290466120000
1.431844215000	16.565230410000	10.019507330000	1.431844215000	25.812586630000	13.293326270000
1.455708286000	16.517580880000	10.023815680000	1.455708286000	25.801438190000	13.295861590000
1.479572356000	16.437296220000	10.030706750000	1.479572356000	25.789008580000	13.300381770000
1.503436426000	16.377767330000	10.029090220000	1.503436426000	25.773233330000	13.300245080000
1.527300496000	16.265309670000	10.043024260000	1.527300496000	25.762955260000	13.302356920000
1.551164567000	16.260666520000	10.064555340000	1.551164567000	25.759159320000	13.298738310000
1.575028637000	16.167919890000	10.066902650000	1.575028637000	25.737243850000	13.297450900000
1.598892707000	16.109613400000	10.081495130000	1.598892707000	25.720506070000	13.297462820000
1.622756777000	16.011659910000	10.076162550000	1.622756777000	25.714017030000	13.298663630000
1.646620848000	15.974219560000	10.083714070000	1.646620848000	25.701799200000	13.294532580000
1.670484918000	15.935472990000	10.083976090000	1.670484918000	25.700998660000	13.292289720000
1.694348988000	15.883994590000	10.088058650000	1.694348988000	25.692632710000	13.291494880000
1.718213058000	15.829010760000	10.089498730000	1.718213058000	25.684959690000	13.291040760000
1.742077129000	15.810442140000	10.092169780000	1.742077129000	25.682227450000	13.290832590000
1.765941199000	15.732279190000	10.088929420000	1.765941199000	25.677357690000	13.290680990000
1.789805269000	15.601671370000	10.098004930000	1.789805269000	25.653078190000	13.293284760000
1.813669339000	15.569287390000	10.093722280000	1.813669339000	25.643900940000	13.290965580000
1.837533410000	15.460492320000	10.098484920000	1.837533410000	25.637927140000	13.290648370000
1.861397480000	15.359456400000	10.105005770000	1.861397480000	25.619506840000	13.290984220000
1.885261550000	15.191597640000	10.098533960000	1.885261550000	25.591581320000	13.292817680000
1.909125620000	15.140484840000	10.100907070000	1.909125620000	25.568608200000	13.291590800000
1.932989691000	15.018949150000	10.096516620000	1.932989691000	25.531970920000	13.286980690000
1.956853761000	14.980205800000	10.093812830000	1.956853761000	25.520532510000	13.287813070000
1.980717831000	14.927087850000	10.099163840000	1.980717831000	25.498357470000	13.288698470000
2.004581901000	14.920829850000	10.097027210000	2.004581901000	25.484702360000	13.289874340000
2.028445972000	14.909072690000	10.098043100000	2.028445972000	25.478565820000	13.292169900000
2.052310042000	14.851927240000	10.094951800000	2.052310042000	25.476325190000	13.295367370000
2.076174112000	14.811344660000	10.091894640000	2.076174112000	25.469429610000	13.296432480000
2.100038183000	14.705554650000	10.097875160000	2.100038183000	25.458655070000	13.302907040000
2.123902253000	14.677529540000	10.095301070000	2.123902253000	25.444766560000	13.304377520000
2.147766323000	14.562066210000	10.099941460000	2.147766323000	25.376022300000	13.293822630000
2.171630393000	14.438143440000	10.097085620000	2.171630393000	25.327416520000	13.288481200000
2.195494464000	14.364459260000	10.098399280000	2.195494464000	25.313661800000	13.291726800000
2.219358534000	14.335892490000	10.102673140000	2.219358534000	25.311952870000	13.291270860000
2.243222604000	14.291632430000	10.102514340000	2.243222604000	25.327429480000	13.290532010000
2.267086674000	14.175101310000	10.103181400000	2.267086674000	25.311125320000	13.282850170000
2.290950745000	14.113478810000	10.099526590000	2.290950745000	25.290202610000	13.281941000000
2.314814815000	14.075063600000	10.098376070000	2.314814815000	25.263865670000	13.279920560000
2.338678885000	14.010106460000	10.102530790000	2.338678885000	25.238713400000	13.279066710000
2.362542955000	13.942990710000	10.097986010000	2.362542955000	25.222410760000	13.285770320000
2.386407026000	13.894603530000	10.096118570000	2.386407026000	25.215585000000	13.281913790000
2.410271096000	13.830874780000	10.095716240000	2.410271096000	25.196907930000	13.275604180000
2.434135166000	13.756636260000	10.093575600000	2.434135166000	25.149974540000	13.269872370000
2.457999236000	13.730209100000	10.093592020000	2.457999236000	25.121857550000	13.268965100000
2.481863307000	13.724277980000	10.093966140000	2.481863307000	25.116930810000	13.271281790000
2.505727377000	13.678276150000	10.090340380000	2.505727377000	25.101466630000	13.274578330000
2.529591447000	13.632955700000	10.086474780000	2.529591447000	25.084625000000	13.279437780000
2.553455517000	13.580119380000	10.087612540000	2.553455517000	25.042764970000	13.286508050000
2.577319588000	13.511619140000	10.087103840000	2.577319588000	25.012104460000	13.291527450000
2.601183658000	13.403826970000	10.084285910000	2.601183658000	24.984166840000	13.294304900000
2.625047728000	13.360765560000	10.084952280000	2.625047728000	24.971017120000	13.294158800000
2.648911798000	13.256153420000	10.080635490000	2.648911798000	24.921171090000	13.285107890000
2.672775869000	13.212785150000	10.082379510000	2.672775869000	24.893152180000	13.287168040000
2.696639939000	13.139906450000	10.083476310000	2.696639939000	24.863355560000	13.286746560000
2.720504009000	13.103579430000	10.081906530000	2.720504009000	24.848228700000	13.293105650000
2.744368079000	13.009381540000	10.079656280000	2.744368079000	24.788173840000	13.291362090000
2.768232150000	12.925428540000	10.080666870000	2.768232150000	24.724937200000	13.286089450000
2.792096220000	12.893543860000	10.080809440000	2.792096220000	24.683527270000	13.297226010000
2.815960290000	12.867583350000	10.075760060000	2.815960290000	24.660414950000	13.303546640000
2.839824360000	12.799146530000	10.075820600000	2.839824360000	24.612846500000	13.307931060000
2.863688431000	12.805145880000	10.074591560000	2.863688431000	24.590578570000	13.304124550000
2.887552501000	12.799223900000	10.072378710000	2.887552501000	24.573029350000	13.301780000000
2.911416571000	12.753796200000	10.075702700000	2.911416571000	24.525236330000	13.290849970000
2.935280641000	12.738181360000	10.077662230000	2.935280641000	24.475769080000	13.290870410000
2.959144712000	12.713759590000	10.076535570000	2.959144712000	24.468162740000	13.289529720000
2.983008782000	12.660832230000	10.077842920000	2.983008782000	24.458553980000	13.289231700000
3.006872852000	12.552616650000	10.074816770000	3.006872852000	24.435923480000	13.286322220000
3.030736922000	12.475502180000	10.074445280000	3.030736922000	24.398369410000	13.282800950000
3.054600993000	12.400552730000	10.073470010000	3.054600993000	24.339220320000	13.288840330000
3.078465063000	12.305223660000	10.071468470000	3.078465063000	24.282556430000	13.297744510000
3.102329133000	12.257825140000	10.071314370000	3.102329133000	24.256063100000	13.290770200000
3.126193204000	12.208746240000	10.072458800000	3.126193204000	24.190179780000	13.307348850000
3.150057274000	12.185355160000	10.071406320000	3.150057274000	24.164411990000	13.313316780000
3.173921344000	12.116067790000	10.070207870000	3.173921344000	24.118549150000	13.302877440000
3.197785414000	12.032919640000	10.069390030000	3.197785414000	24.080763850000	13.306041000000
3.221649485000	11.888916630000	10.062714370000	3.221649485000	23.983016050000	13.293453700000
3.245513555000	11.858585830000	10.065098700000	3.245513555000	23.960136070000	13.292134950000
3.269377625000	11.653602340000	10.058747890000	3.269377625000	23.819177380000	13.312298600000
3.293241695000	11.572305090000	10.058955510000	3.293241695000	23.724196450000	13.320790230000
3.317105766000	11.544340240000	10.063434950000	3.317105766000	23.699591360000	13.324056800000
3.340969836000	11.475585300000	10.054987070000	3.340969836000	23.680353910000	13.320341790000
3.364833906000	11.456456290000	10.053144560000	3.364833906000	23.643144990000	13.308896170000
3.388697976000	11.436434570000	10.060160170000	3.388697976000	23.618432410000	13.309095210000
3.412562047000	11.386953750000	10.065573300000	3.412562047000	23.559032420000	13.312425540000
3.436426117000	11.317745810000	10.059536730000	3.436426117000	23.468532390000	13.342309110000
3.460290187000	11.312809630000	10.062411750000	3.460290187000	23.441886310000	13.349183550000
3.484154257000	11.306400910000	10.061054970000	3.484154257000	23.440161420000	13.352606340000
3.508018328000	11.242616080000	10.065374260000	3.508018328000	23.343961360000	13.354305720000
3.531882398000	11.228706900000	10.063082230000	3.531882398000	23.317696140000	13.354677740000
3.555746468000	11.178465110000	10.065515700000	3.555746468000	23.302210490000	13.355626640000
3.579610538000	11.162982910000	10.069539220000	3.579610538000	23.290060270000	13.354547350000
3.603474609000	11.176653480000	10.072954350000	3.603474609000	23.271060100000	13.354753220000
3.627338679000	11.186103970000	10.074219420000	3.627338679000	23.244893190000	13.352219220000
3.651202749000	11.173201760000	10.076663240000	3.651202749000	23.218916750000	13.350358430000
3.675066819000	11.166497180000	10.077944570000	3.675066819000	23.192644280000	13.356331130000
3.698930890000	11.155550840000	10.075913780000	3.698930890000	23.164326410000	13.361214930000
3.722794960000	11.119252900000	10.076930690000	3.722794960000	23.155548450000	13.362111080000
3.746659030000	11.052949050000	10.079842460000	3.746659030000	23.129917820000	13.360703090000
3.770523100000	11.039054470000	10.081688910000	3.770523100000	23.123119000000	13.363105580000
3.794387171000	11.001459700000	10.080585270000	3.794387171000	23.103695510000	13.363089950000
3.818251241000	10.920632180000	10.076429220000	3.818251241000	23.044531110000	13.365236430000
3.842115311000	10.836276170000	10.076707060000	3.842115311000	22.966296760000	13.382222390000
3.865979381000	10.745690350000	10.074661480000	3.865979381000	22.932267500000	13.377865190000
3.889843452000	10.681908610000	10.071770670000	3.889843452000	22.889709000000	13.372869710000
3.913707522000	10.609088970000	10.071533710000	3.913707522000	22.843463030000	13.364793970000
3.937571592000	10.574401370000	10.072779440000	3.937571592000	22.803349210000	13.365314580000
3.961435662000	10.445747620000	10.063164440000	3.961435662000	22.701423460000	13.371698340000
3.985299733000	10.392536830000	10.061658210000	3.985299733000	22.652336840000	13.368900570000
4.009163803000	10.326518810000	10.062744180000	4.009163803000	22.603136170000	13.363273130000
4.033027873000	10.298261780000	10.064067730000	4.033027873000	22.542641940000	13.371594360000
4.056891943000	10.273847150000	10.064342030000	4.056891943000	22.509281130000	13.373406450000
4.080756014000	10.228291390000	10.062819680000	4.080756014000	22.469878610000	13.369785360000
4.104620084000	10.201592440000	10.067118540000	4.104620084000	22.445244890000	13.371692830000
4.128484154000	10.146400700000	10.063731690000	4.128484154000	22.346866310000	13.367027070000
4.152348225000	10.115368940000	10.066155720000	4.152348225000	22.310462960000	13.376924610000
4.176212295000	10.102259310000	10.063456080000	4.176212295000	22.287248620000	13.373768780000
4.200076365000	10.047175960000	10.069489940000	4.200076365000	22.246982700000	13.371768420000
4.223940435000	9.968333833000	10.065799750000	4.223940435000	22.155070780000	13.374695500000
4.247804506000	9.977465403000	10.067902300000	4.247804506000	22.154095870000	13.374874830000
4.271668576000	10.001659400000	10.069630220000	4.271668576000	22.145944530000	13.379270870000
4.295532646000	9.985681558000	10.070717800000	4.295532646000	22.108074720000	13.375357210000
4.319396716000	9.976589314000	10.073130640000	4.319396716000	22.100359000000	13.372775460000
4.343260787000	9.970069733000	10.075075130000	4.343260787000	22.075090180000	13.368979720000
4.367124857000	9.979782117000	10.075924070000	4.367124857000	22.064443920000	13.370838720000
4.390988927000	9.977251211000	10.077208790000	4.390988927000	22.046175860000	13.368970460000
4.414852997000	9.953145350000	10.075851360000	4.414852997000	22.009415800000	13.367016280000
4.438717068000	9.900027267000	10.078787090000	4.438717068000	21.988138030000	13.369945260000
4.462581138000	9.861586743000	10.076607230000	4.462581138000	21.951357000000	13.372281690000
4.486445208000	9.854830310000	10.077015330000	4.486445208000	21.948910730000	13.372638340000
4.510309278000	9.843572696000	10.077497550000	4.510309278000	21.944621500000	13.376701420000
4.534173349000	9.826247992000	10.079001100000	4.534173349000	21.928410170000	13.381305540000
4.558037419000	9.749537502000	10.075853940000	4.558037419000	21.875646280000	13.379008820000
4.581901489000	9.728824332000	10.074553550000	4.581901489000	21.860702200000	13.375037570000
4.605765559000	9.702300087000	10.076504880000	4.605765559000	21.835238740000	13.371394220000
4.629629630000	9.656374252000	10.072306020000	4.629629630000	21.765359680000	13.375685250000
4.653493700000	9.632638833000	10.076115420000	4.653493700000	21.739332170000	13.381131980000
4.677357770000	9.641129382000	10.078411900000	4.677357770000	21.726686910000	13.384572830000
4.701221840000	9.559078712000	10.077053640000	4.701221840000	21.674778970000	13.402422130000
4.725085911000	9.498091917000	10.081261070000	4.725085911000	21.594136680000	13.410240900000
4.748949981000	9.474395613000	10.084365310000	4.748949981000	21.552341380000	13.423571740000
4.772814051000	9.482380022000	10.082869390000	4.772814051000	21.505318440000	13.445370030000
4.796678121000	9.494907901000	10.082045580000	4.796678121000	21.508679100000	13.444609530000
4.820542192000	9.509302303000	10.086284800000	4.820542192000	21.507003940000	13.447428540000
4.844406262000	9.507661431000	10.085045320000	4.844406262000	21.493663030000	13.452368400000
4.868270332000	9.483730876000	10.086340550000	4.868270332000	21.485832130000	13.458187790000
4.892134402000	9.469504467000	10.087884350000	4.892134402000	21.478926660000	13.457959090000
4.915998473000	9.454855858000	10.090121320000	4.915998473000	21.462651350000	13.444739880000
4.939862543000	9.454603604000	10.089387610000	4.939862543000	21.448863520000	13.444585150000
4.963726613000	9.451878336000	10.089846130000	4.963726613000	21.441274850000	13.443020410000
4.987590683000	9.418708040000	10.086466250000	4.987590683000	21.423176170000	13.445835760000
5.011454754000	9.371259558000	10.089595450000	5.011454754000	21.389192900000	13.454578870000
5.035318824000	9.368689115000	10.088294170000	5.035318824000	21.371551680000	13.454620080000
5.059182894000	9.362223256000	10.087736340000	5.059182894000	21.354650890000	13.458833640000
5.083046964000	9.371818014000	10.088062390000	5.083046964000	21.347125350000	13.458436500000
5.106911035000	9.370169593000	10.089531350000	5.106911035000	21.339131190000	13.460709280000
5.130775105000	9.355334091000	10.084051260000	5.130775105000	21.318526570000	13.457307620000
5.154639175000	9.328839135000	10.085269420000	5.154639175000	21.294361100000	13.456569580000
5.178503246000	9.312452732000	10.084723000000	5.178503246000	21.264388780000	13.459518740000
5.202367316000	9.308415675000	10.083319280000	5.202367316000	21.246903040000	13.456743340000
5.226231386000	9.316639005000	10.082259760000	5.226231386000	21.235608630000	13.456357440000
5.250095456000	9.328016646000	10.082350100000	5.250095456000	21.212659610000	13.460038120000
5.273959527000	9.333299560000	10.081441950000	5.273959527000	21.209201700000	13.458648850000
5.297823597000	9.318432032000	10.080562700000	5.297823597000	21.196313760000	13.457179240000
5.321687667000	9.323991751000	10.080217310000	5.321687667000	21.195316060000	13.456609950000
5.345551737000	9.329752590000	10.079734630000	5.345551737000	21.183608120000	13.458287000000
5.369415808000	9.339786692000	10.078792860000	5.369415808000	21.184423550000	13.456711980000
5.393279878000	9.325089153000	10.080415220000	5.393279878000	21.177730800000	13.453225000000
5.417143948000	9.331608576000	10.077061000000	5.417143948000	21.156576940000	13.451691890000
5.441008018000	9.325438719000	10.077987610000	5.441008018000	21.145533970000	13.450993830000
5.464872089000	9.305090149000	10.079438390000	5.464872089000	21.116822990000	13.453160670000
5.488736159000	9.303788494000	10.080501000000	5.488736159000	21.101135480000	13.457425500000
5.512600229000	9.307799704000	10.079932540000	5.512600229000	21.092609120000	13.457303680000
5.536464299000	9.324953644000	10.077797600000	5.536464299000	21.092982400000	13.454252530000
5.560328370000	9.321638807000	10.079811480000	5.560328370000	21.077055560000	13.457687030000
5.584192440000	9.344294801000	10.078457100000	5.584192440000	21.084102580000	13.453225470000
5.608056510000	9.356353539000	10.077341560000	5.608056510000	21.088694170000	13.450597550000
5.631920580000	9.347107984000	10.078349150000	5.631920580000	21.077009670000	13.453480510000
5.655784651000	9.451397619000	10.082609640000	5.655784651000	21.099144290000	13.448969140000
5.679648721000	9.448672295000	10.082631300000	5.679648721000	21.099663230000	13.447748510000
5.703512791000	9.455362503000	10.083103010000	5.703512791000	21.103637500000	13.449257770000
5.727376861000	9.483901185000	10.082156470000	5.727376861000	21.119449500000	13.449035360000
5.751240932000	9.477584556000	10.082987060000	5.751240932000	21.117840170000	13.448360860000
5.775105002000	9.473571855000	10.083404090000	5.775105002000	21.115908410000	13.447711080000
5.798969072000	9.480023335000	10.082941490000	5.798969072000	21.115405960000	13.449594020000
5.822833142000	9.533246020000	10.080925560000	5.822833142000	21.131997110000	13.448094510000
5.846697213000	9.512994695000	10.082393260000	5.846697213000	21.131639940000	13.448021180000
5.870561283000	9.521670224000	10.082116970000	5.870561283000	21.128074150000	13.446724610000
5.894425353000	9.570100012000	10.080830110000	5.894425353000	21.134306270000	13.448661120000
5.918289423000	9.560890945000	10.079949960000	5.918289423000	21.134184730000	13.448101470000
5.942153494000	9.560959557000	10.080029940000	5.942153494000	21.134920830000	13.445279260000
5.966017564000	9.557900593000	10.080707600000	5.966017564000	21.132857270000	13.445512020000
5.989881634000	9.592708349000	10.079995410000	5.989881634000	21.133942210000	13.445297860000
6.013745704000	9.621683114000	10.079793880000	6.013745704000	21.136442540000	13.447961570000
6.037609775000	9.618563160000	10.080397000000	6.037609775000	21.133883180000	13.446540570000
6.061473845000	9.701197755000	10.080591450000	6.061473845000	21.160251710000	13.451221580000
6.085337915000	9.706851352000	10.079875710000	6.085337915000	21.159660900000	13.448805660000
6.109201985000	9.711336056000	10.080704350000	6.109201985000	21.157412320000	13.446785330000
6.133066056000	9.730266330000	10.080491050000	6.133066056000	21.163945440000	13.448150440000
6.156930126000	9.744963131000	10.083951770000	6.156930126000	21.160478730000	13.451230800000
6.180794196000	9.777207748000	10.082978480000	6.180794196000	21.166491030000	13.452182000000
6.204658267000	9.778972842000	10.083438180000	6.204658267000	21.163483140000	13.452066810000
6.228522337000	9.848159949000	10.082341630000	6.228522337000	21.176617810000	13.456657780000
6.252386407000	9.843011810000	10.082985650000	6.252386407000	21.188310570000	13.456161720000
6.276250477000	9.843049806000	10.083605130000	6.276250477000	21.191864920000	13.454404050000
6.300114548000	9.840257261000	10.084532940000	6.300114548000	21.189083720000	13.454897270000
6.323978618000	9.865262187000	10.082222420000	6.323978618000	21.198999820000	13.449701800000
6.347842688000	9.866301523000	10.082574410000	6.347842688000	21.202275300000	13.449710580000
6.371706758000	9.875689110000	10.082124030000	6.371706758000	21.203367720000	13.450481760000
6.395570829000	9.926713678000	10.082663350000	6.395570829000	21.218799320000	13.450975080000
6.419434899000	9.977606080000	10.081491790000	6.419434899000	21.231685250000	13.451160750000
6.443298969000	9.982072544000	10.081793620000	6.443298969000	21.237787500000	13.448540220000
6.467163039000	9.982690982000	10.081964600000	6.467163039000	21.235951320000	13.448123700000
6.491027110000	9.988592243000	10.082126510000	6.491027110000	21.230985760000	13.451887280000
6.514891180000	10.019606610000	10.080756650000	6.514891180000	21.259064570000	13.448877480000
6.538755250000	10.015278220000	10.080620140000	6.538755250000	21.260338860000	13.448440970000
6.562619320000	10.015499170000	10.079984520000	6.562619320000	21.269431370000	13.448922080000
6.586483391000	10.021685980000	10.079412600000	6.586483391000	21.274574280000	13.446636880000
6.610347461000	9.987551241000	10.081356420000	6.610347461000	21.256801360000	13.444330010000
6.634211531000	9.997563686000	10.081626580000	6.634211531000	21.258778520000	13.446117220000
6.658075601000	9.986127409000	10.082674920000	6.658075601000	21.264295210000	13.446453060000
6.681939672000	9.978199329000	10.082895340000	6.681939672000	21.261809600000	13.444870250000
6.705803742000	9.979544321000	10.083214000000	6.705803742000	21.253281580000	13.446148300000
6.729667812000	10.010622240000	10.080994250000	6.729667812000	21.269860500000	13.444140500000
6.753531882000	10.013464290000	10.079386690000	6.753531882000	21.273960230000	13.443828550000
6.777395953000	10.019297310000	10.078197980000	6.777395953000	21.277342140000	13.447035130000
6.801260023000	10.059739390000	10.080682730000	6.801260023000	21.288079040000	13.445920950000
6.825124093000	10.059106540000	10.082021160000	6.825124093000	21.289182880000	13.446170400000
6.848988163000	10.063538470000	10.083064930000	6.848988163000	21.289580150000	13.446672190000
6.872852234000	10.115488780000	10.083186100000	6.872852234000	21.292954180000	13.444127600000
6.896716304000	10.104907060000	10.079661790000	6.896716304000	21.290160120000	13.443653660000
6.920580374000	10.077099730000	10.078931720000	6.920580374000	21.291405770000	13.443858560000
6.944444444000	10.074724990000	10.079723200000	6.944444444000	21.289163310000	13.447668940000
6.968308515000	10.118558540000	10.082567660000	6.968308515000	21.293980310000	13.446864560000
6.992172585000	10.153132400000	10.080273500000	6.992172585000	21.300045910000	13.439138290000
