GMfas2BEST			GMext					
t	x	y	t	x	y			
0.00000000000	29.87773366000	1.29861912400	0.00000000000	3.95017555700	8.89413847800			
0.05961251863	29.89430388000	1.29487953800	0.05961251863	3.94713731900	8.89356135200			
0.11922503730	29.99600066000	1.28619672000	0.11922503730	3.94668848400	8.89373436700			
0.17883755590	30.05595263000	1.27570946300	0.17883755590	3.94434501400	8.89418611500			
0.23845007450	30.15857279000	1.26883321900	0.23845007450	3.94581857400	8.89394802000			
0.29806259310	30.29953941000	1.25574517400	0.29806259310	3.94498802700	8.89416975500			
0.35767511180	30.40677816000	1.24476531600	0.35767511180	3.94482794400	8.89362933400			
0.41728763040	30.47188173000	1.24006033100	0.41728763040	3.94517324400	8.89465257000			
0.47690014900	30.57519266000	1.22829564000	0.47690014900	3.94390334200	8.89472956900			
0.53651266770	30.62959275000	1.22577178900	0.53651266770	3.93933853700	8.89551903900			
0.59612518630	30.66931361000	1.22611743000	0.59612518630	3.93790146000	8.89615441600			
0.65573770490	30.79055692000	1.20733378600	0.65573770490	3.93324818300	8.89683701500			
0.71535022350	30.91557353000	1.19609281000	0.71535022350	3.93176923400	8.89763009500			
0.77496274220	30.99934993000	1.18466108400	0.77496274220	3.93322596800	8.89770786000			
0.83457526080	31.07743441000	1.17467820500	0.83457526080	3.93129857400	8.89817943000			
0.89418777940	31.15013045000	1.16712013200	0.89418777940	3.92174256000	8.89854258100			
0.95380029810	31.22051209000	1.16182295100	0.95380029810	3.91547043000	8.90051688200			
1.01341281700	31.28318530000	1.15803578200	1.01341281700	3.90580589100	8.90102664600			
1.07302533500	31.36746082000	1.14957934900	1.07302533500	3.88868238200	8.90346170000			
1.13263785400	31.47967738000	1.13826924100	1.13263785400	3.87327908800	8.90367388100			
1.19225037300	31.50813309000	1.13707095300	1.19225037300	3.84496665600	8.90753091800			
1.25186289100	31.55514196000	1.13203829900	1.25186289100	3.83714725600	8.90652109400			
1.31147541000	31.65470291000	1.13161326200	1.31147541000	3.82427981700	8.90927485700			
1.37108792800	31.72385130000	1.12370626800	1.37108792800	3.81972385700	8.90926442600			
1.43070044700	31.76360637000	1.11386694800	1.43070044700	3.81236505400	8.91102480400			
1.49031296600	31.79268657000	1.11464904200	1.49031296600	3.80142539600	8.91215662300			
1.54992548400	31.87540788000	1.10663062400	1.54992548400	3.80088940500	8.91175731300			
1.60953800300	31.94964465000	1.10474690400	1.60953800300	3.79821684200	8.91161448300			
1.66915052200	32.01890870000	1.09351101200	1.66915052200	3.78979206900	8.91476500900			
1.72876304000	32.06541487000	1.08049953600	1.72876304000	3.78636826900	8.91427014000			
1.78837555900	32.13781272000	1.07744662600	1.78837555900	3.78568029200	8.91344445400			
1.84798807700	32.20225516000	1.07359453500	1.84798807700	3.77971144200	8.91346498900			
1.90760059600	32.28144673000	1.06771268800	1.90760059600	3.77913209600	8.91164553200			
1.96721311500	32.34615460000	1.05417226900	1.96721311500	3.77196378200	8.91421166000			
2.02682563300	32.38740159000	1.04852930100	2.02682563300	3.76014398200	8.91234720900			
2.08643815200	32.46826984000	1.04040393000	2.08643815200	3.75074246000	8.91559659800			
2.14605067100	32.54697825000	1.02966651200	2.14605067100	3.74283453500	8.91383511200			
2.20566318900	32.59826309000	1.01980925600	2.20566318900	3.73986632600	8.91454985000			
2.26527570800	32.65285372000	1.01539526500	2.26527570800	3.73496814100	8.91472534100			
2.32488822700	32.66898603000	1.01338494600	2.32488822700	3.73333172200	8.91564994300			
2.38450074500	32.72273291000	1.00853112100	2.38450074500	3.73173312600	8.91507271100			
2.44411326400	32.76703939000	1.00202227500	2.44411326400	3.72839551000	8.91622304300			
2.50372578200	32.85481554000	0.98926297500	2.50372578200	3.72990541700	8.91638188500			
2.56333830100	32.92492712000	0.98126335210	2.56333830100	3.72817221100	8.91676543800			
2.62295082000	33.00498251000	0.97160493510	2.62295082000	3.72592940600	8.91589824000			
2.68256333800	33.05386134000	0.96927821220	2.68256333800	3.72756822900	8.91695750300			
2.74217585700	33.10783900000	0.96320305440	2.74217585700	3.72888783100	8.91585923300			
2.80178837600	33.16100849000	0.95832569170	2.80178837600	3.72821520100	8.91508213900			
2.86140089400	33.22513856000	0.95086205420	2.86140089400	3.72847261400	8.91596411500			
2.92101341300	33.26996887000	0.94206555470	2.92101341300	3.72568908700	8.91581526500			
2.98062593100	33.35407618000	0.93627440550	2.98062593100	3.72536976200	8.91599322900			
3.04023845000	33.45428128000	0.92254436320	3.04023845000	3.72487414900	8.91650633400			
3.09985096900	33.51753011000	0.91681493910	3.09985096900	3.72404990700	8.91682000800			
3.15946348700	33.65282212000	0.90435501420	3.15946348700	3.72284206600	8.91672728800			
3.21907600600	33.78663181000	0.88905513190	3.21907600600	3.72151012800	8.91573730600			
3.27868852500	33.85357742000	0.88104332960	3.27868852500	3.72330025400	8.91624969700			
3.33830104300	33.97020814000	0.87648921530	3.33830104300	3.72295970900	8.91651776800			
3.39791356200	33.97502014000	0.87359219770	3.39791356200	3.72196285600	8.91639714500			
3.45752608000	34.08792187000	0.86300136840	3.45752608000	3.72147479900	8.91596172100			
3.51713859900	34.11284944000	0.86185920480	3.51713859900	3.72144095700	8.91676535500			
3.57675111800	34.20207766000	0.84626599160	3.57675111800	3.71777487600	8.91768606500			
3.63636363600	34.27095640000	0.84172259270	3.63636363600	3.71887795900	8.91715474100			
3.69597615500	34.34654853000	0.83993880950	3.69597615500	3.71590365000	8.91739611600			
3.75558867400	34.60780452000	0.85453608290	3.75558867400	3.71546985400	8.91706779100			
3.81520119200	34.69709015000	0.85784673390	3.81520119200	3.71024820900	8.91812723800			
3.87481371100	34.75328326000	0.86080036130	3.87481371100	3.71323210200	8.91767544600			
3.93442623000	34.84344986000	0.85082754630	3.93442623000	3.70875818400	8.91671852100			
3.99403874800	34.91293010000	0.84288923000	3.99403874800	3.70521653600	8.91834322500			
4.05365126700	35.00637222000	0.83778106990	4.05365126700	3.70042226600	8.91788523100			
4.11326378500	35.04648351000	0.83309819660	4.11326378500	3.69436981500	8.91837408500			
4.17287630400	35.12822167000	0.82474407950	4.17287630400	3.69801422200	8.91831821700			
4.23248882300	35.19102676000	0.82001020260	4.23248882300	3.67933882100	8.91606946300			
4.29210134100	35.30258071000	0.81082841070	4.29210134100	3.66400153000	8.91729652700			
4.35171386000	35.33141904000	0.80932099230	4.35171386000	3.66656118700	8.91870105900			
4.41132637900	35.42357941000	0.80674062950	4.41132637900	3.66193961800	8.91971785400			
4.47093889700	35.43689314000	0.80573493670	4.47093889700	3.64720780200	8.92131514900			
4.53055141600	35.45066195000	0.80327494020	4.53055141600	3.64669885900	8.92313170100			
4.59016393400	35.55291232000	0.79540401040	4.59016393400	3.62640397500	8.92551444100			
4.64977645300	35.58034687000	0.79415587120	4.64977645300	3.61917226000	8.92639307800			
4.70938897200	35.62600290000	0.78677643750	4.70938897200	3.61748072300	8.92549753900			
4.76900149000	35.73901249000	0.77967568330	4.76900149000	3.61636617500	8.92530265900			
4.82861400900	35.76583273000	0.77326321420	4.82861400900	3.60347875600	8.92398336800			
4.88822652800	35.78496495000	0.76881235090	4.88822652800	3.59231411500	8.92468624600			
4.94783904600	35.85835552000	0.76163212120	4.94783904600	3.58106792700	8.92576812800			
5.00745156500	35.89733996000	0.75890584200	5.00745156500	3.58246750300	8.92679195000			
5.06706408300	35.96962994000	0.75206106950	5.06706408300	3.57947707800	8.92619599700			
5.12667660200	36.08485293000	0.73800076840	5.12667660200	3.57673783500	8.92666848200			
5.18628912100	36.15506863000	0.73515117470	5.18628912100	3.57125782800	8.92587297700			
5.24590163900	36.18853300000	0.73430354180	5.24590163900	3.56210137000	8.92598064600			
5.30551415800	36.23847682000	0.73196324540	5.30551415800	3.56330947900	8.92835616700			
5.36512667700	36.49298298000	0.74036202420	5.36512667700	3.55973453900	8.92835334900			
5.42473919500	36.52048872000	0.74189334930	5.42473919500	3.55716512800	8.92665958000			
5.48435171400	36.53953233000	0.73872801920	5.48435171400	3.55102613500	8.92735351000			
5.54396423200	36.62431929000	0.73426343830	5.54396423200	3.52904856500	8.92985355300			
5.60357675100	36.64044542000	0.73418308720	5.60357675100	3.51730444800	8.92911807000			
5.66318927000	36.66638212000	0.72995570580	5.66318927000	3.51844017500	8.92741721700			
5.72280178800	36.70860243000	0.72948312160	5.72280178800	3.50720583700	8.93041308200			
5.78241430700	36.80260568000	0.72272074220	5.78241430700	3.50610721700	8.93117708600			
5.84202682600	36.83952445000	0.71836724000	5.84202682600	3.50401862100	8.92850754400			
5.90163934400	36.92085753000	0.71228684480	5.90163934400	3.50755565600	8.92702139900			
5.96125186300	36.95975787000	0.70910194270	5.96125186300	3.50081228300	8.92774551100			
6.02086438200	37.01238450000	0.70553017010	6.02086438200	3.50336346000	8.92828974800			
6.08047690000	37.09878446000	0.69654919440	6.08047690000	3.50123417700	8.92763987000			
6.14008941900	37.15051469000	0.68543900230	6.14008941900	3.49854356700	8.92866485800			
6.19970193700	37.17893268000	0.69054783750	6.19970193700	3.49238398600	8.92857688100			
6.25931445600	37.23800777000	0.68632001370	6.25931445600	3.48738475100	8.93038792900			
6.31892697500	37.30429761000	0.67273642030	6.31892697500	3.49204432000	8.93017438000			
6.37853949300	37.37550050000	0.66659809860	6.37853949300	3.48847287800	8.93190503700			
6.43815201200	37.40650017000	0.66463620810	6.43815201200	3.48775647500	8.93153773700			
6.49776453100	37.45564488000	0.65781681950	6.49776453100	3.48828894900	8.93246609100			
6.55737704900	37.52698682000	0.64077123380	6.55737704900	3.48326943700	8.93310435500			
6.61698956800	37.53391762000	0.64967756580	6.61698956800	3.47826216100	8.93488894000			
6.67660208600	37.60842586000	0.63799564450	6.67660208600	3.47371265600	8.93536394000			
6.73621460500	37.68656817000	0.62599957730	6.73621460500	3.46925463500	8.93487069500			
6.79582712400	37.75279787000	0.62269784250	6.79582712400	3.46699750600	8.93627926500			
6.85543964200	37.80931492000	0.61307581800	6.85543964200	3.45209719100	8.93432803400			
6.91505216100	37.85799195000	0.60578124790	6.91505216100	3.44148057000	8.93510658600			
6.97466468000	37.94305850000	0.59461921110	6.97466468000	3.43483525800	8.93877547300			
7.03427719800	37.99448372000	0.59324469860	7.03427719800	3.42259021300	8.94143046300			
7.09388971700	38.03704464000	0.58599705660	7.09388971700	3.41500259800	8.94278645000			
7.15350223500	38.07028866000	0.58293757740	7.15350223500	3.40923717100	8.94547059400			
7.21311475400	38.14641301000	0.57617998050	7.21311475400	3.41047725800	8.94555694900			
7.27272727300	38.17358375000	0.57102210880	7.27272727300	3.40537870900	8.94630839800			
7.33233979100	38.19464960000	0.56623271960	7.33233979100	3.40411332400	8.94678833700			
7.39195231000	38.25674162000	0.56261526210	7.39195231000	3.40642775600	8.94657363100			
7.45156482900	38.30493892000	0.55906960970	7.45156482900	3.40319277100	8.94819743200			
7.51117734700	38.33790816000	0.55468744800	7.51117734700	3.40470627500	8.94864786100			
7.57078986600	38.36692768000	0.55463661690	7.57078986600	3.40540529900	8.94901056100			
7.63040238500	38.43837155000	0.54852788970	7.63040238500	3.40305849400	8.94916688800			
7.69001490300	38.47977095000	0.54161526810	7.69001490300	3.40746068400	8.94931905900			
7.74962742200	38.52735022000	0.53965079820	7.74962742200	3.40672699600	8.94940849600			
7.80923994000	38.56730456000	0.53341704800	7.80923994000	3.40841830200	8.95017688200			
7.86885245900	38.59044987000	0.53243032800	7.86885245900	3.40458896500	8.94986886300			
7.92846497800	38.61871814000	0.52640303650	7.92846497800	3.40412459700	8.95084729700			
7.98807749600	38.66288546000	0.52197872380	7.98807749600	3.40475323600	8.95067271500			
8.04769001500	38.69887009000	0.51623614060	8.04769001500	3.40464332600	8.95119509400			
8.10730253400	38.75505971000	0.51078949260	8.10730253400	3.40716786200	8.95137686500			
8.16691505200	38.76223765000	0.51035197700	8.16691505200	3.40883808200	8.95091659500			
8.22652757100	38.78568906000	0.50446526250	8.22652757100	3.40534478800	8.95170019100			
8.28614008900	38.79148884000	0.50327440530	8.28614008900	3.40555051000	8.95229460500			
8.34575260800	38.78750666000	0.50278282070	8.34575260800	3.40326229100	8.95179073400			
8.40536512700	38.77970137000	0.50333344240	8.40536512700	3.40355956100	8.95242582200			
8.46497764500	38.77764903000	0.50478810300	8.46497764500	3.40810356400	8.95198640100			
8.52459016400	38.76194810000	0.50816123430	8.52459016400	3.40989880500	8.95178542200			
8.58420268300	38.75209027000	0.50948640490	8.58420268300	3.41080507600	8.95127020100			
8.64381520100	38.75636529000	0.50959574530	8.64381520100	3.40838309300	8.95217235200			
8.70342772000	38.76342979000	0.50812747730	8.70342772000	3.40789233200	8.95312350200			
8.76304023800	38.76765567000	0.50818492630	8.76304023800	3.40932761700	8.95171663600			
8.82265275700	38.76805893000	0.50816686560	8.82265275700	3.40898005600	8.95264666700			
8.88226527600	38.75577667000	0.50958834190	8.88226527600	3.40880616600	8.95341432700			
8.94187779400	38.75395453000	0.50943887480	8.94187779400	3.40673082700	8.95364842200			
9.00149031300	38.76338621000	0.50716623950	9.00149031300	3.40813341800	8.95295996600			
9.06110283200	38.76360497000	0.50693819060	9.06110283200	3.40590012400	8.95297933300			
9.12071535000	38.76652662000	0.50551519470	9.12071535000	3.40554017800	8.95404926800			
9.18032786900	38.76719075000	0.50474025750	9.18032786900	3.40747285100	8.95355654100			
9.23994038700	38.76152927000	0.50641905450	9.23994038700	3.40416540200	8.95423865500			
9.29955290600	38.75490758000	0.50709402180	9.29955290600	3.40565744200	8.95360710800			
9.35916542500	38.74222577000	0.50927189420	9.35916542500	3.40494012900	8.95352146500			
9.41877794300	38.65443262000	0.51773906250	9.41877794300	3.40533133400	8.95359026900			
9.47839046200	38.61947793000	0.51979922750	9.47839046200	3.40533485100	8.95345539300			
9.53800298100	38.60341294000	0.52226814100	9.53800298100	3.40378778600	8.95391942800			
9.59761549900	38.57910506000	0.52589067490	9.59761549900	3.39845400500	8.95503384300			
9.65722801800	38.52453726000	0.52936312960	9.65722801800	3.40044436400	8.95454850400			
9.71684053700	38.46967394000	0.53330958050	9.71684053700	3.40125437100	8.95434137500			
9.77645305500	38.42126989000	0.53848437640	9.77645305500	3.39641899400	8.95465695800			
9.83606557400	38.33419618000	0.54559132420	9.83606557400	3.39344476800	8.95522655100			
9.89567809200	38.31127131000	0.54973199790	9.89567809200	3.39677507000	8.95528041100			
9.95529061100	38.28981797000	0.55399721580	9.95529061100	3.39299680800	8.95497909000			
10.01490313000	38.24220501000	0.55696479910	10.01490313000	3.39582647000	8.95527319600			
10.07451565000	38.17013763000	0.56323680090	10.07451565000	3.39498650700	8.95435303800			
10.13412817000	38.13297330000	0.56927368330	10.13412817000	3.40108678200	8.95429836700			
10.19374069000	38.10488649000	0.57026123740	10.19374069000	3.40002952900	8.95454340500			
10.25335320000	38.03346331000	0.57562491300	10.25335320000	3.39674406400	8.95386888500			
10.31296572000	37.99525074000	0.58061247980	10.31296572000	3.40079148900	8.95472775600			
10.37257824000	37.96983729000	0.58145188470	10.37257824000	3.39905682400	8.95449063400			
10.43219076000	37.94386692000	0.58652959640	10.43219076000	3.40116424200	8.95486823600			
10.49180328000	37.87173323000	0.59345901490	10.49180328000	3.40301616000	8.95371727800			
10.55141580000	37.83362830000	0.59850699610	10.55141580000	3.40526143700	8.95387091800			
10.61102832000	37.77927494000	0.60379853130	10.61102832000	3.40192350200	8.95380699700			
10.67064083000	37.76506173000	0.60645868200	10.67064083000	3.40376990000	8.95360917600			
10.73025335000	37.68338291000	0.61315169100	10.73025335000	3.40965914800	8.95285239800			
10.78986587000	37.62915051000	0.61821373900	10.78986587000	3.40603952900	8.95391931300			
10.84947839000	37.56461042000	0.62274803970	10.84947839000	3.40916263300	8.95332965500			
10.90909091000	37.51860281000	0.62725410310	10.90909091000	3.40770096100	8.95361424500			
10.96870343000	37.47319820000	0.63450281870	10.96870343000	3.40947621100	8.95269401700			
11.02831595000	37.44299626000	0.63769979880	11.02831595000	3.40815839800	8.95333528600			
11.08792846000	37.38736183000	0.64484729470	11.08792846000	3.41059681100	8.95346497900			
11.14754098000	37.33529192000	0.64912724940	11.14754098000	3.41041330700	8.95321127600			
11.20715350000	37.28811657000	0.65362195710	11.20715350000	3.41004149400	8.95235930000			
11.26676602000	37.22941949000	0.66324938920	11.26676602000	3.41161440000	8.95297737800			
11.32637854000	37.14855585000	0.66846881100	11.32637854000	3.41191938200	8.95230722500			
11.38599106000	37.10493902000	0.67509392450	11.38599106000	3.40676169600	8.95325295000			
11.44560358000	37.03703341000	0.68196556490	11.44560358000	3.40561663500	8.95268434100			
11.50521610000	36.97849050000	0.68782570040	11.50521610000	3.40400240400	8.95328517100			
11.56482861000	36.90214013000	0.69531175970	11.56482861000	3.40399971200	8.95353875700			
11.62444113000	36.83702766000	0.70220269140	11.62444113000	3.40465216100	8.95350727700			
11.68405365000	36.79362952000	0.70780274100	11.68405365000	3.40393604600	8.95272943100			
11.74366617000	36.74235678000	0.71148692040	11.74366617000	3.40862870400	8.95244382900			
11.80327869000	36.72033545000	0.71434063020	11.80327869000	3.41189737400	8.95291293700			
11.86289121000	36.70892864000	0.71662090760	11.86289121000	3.41292904200	8.95232331000			
11.92250373000	36.67066859000	0.71877557570	11.92250373000	3.41234876100	8.95279641900			
11.98211624000	36.57295804000	0.72731075410	11.98211624000	3.41087955300	8.95215460300			
12.04172876000	36.52148215000	0.73151293250	12.04172876000	3.40956867000	8.95262164900			
12.10134128000	36.47009395000	0.73577942550	12.10134128000	3.40930562400	8.95227129600			
12.16095380000	36.40705593000	0.74043473080	12.16095380000	3.41049803300	8.95189209100			
12.22056632000	36.37979581000	0.74201803710	12.22056632000	3.41345647200	8.95142164800			
12.28017884000	36.26721701000	0.75199786470	12.28017884000	3.41132572900	8.95228465400			
12.33979136000	36.22402852000	0.75433832170	12.33979136000	3.41185938400	8.95208887900			
12.39940387000	36.19340142000	0.75990652810	12.39940387000	3.41095300800	8.95201214500			
12.45901639000	36.14411387000	0.76223223190	12.45901639000	3.41315642000	8.95229259300			
12.51862891000	36.10158557000	0.76355070510	12.51862891000	3.41212754800	8.95168247000			
12.57824143000	36.08561315000	0.76692500590	12.57824143000	3.40923929200	8.95200040000			
12.63785395000	36.05415315000	0.77382085190	12.63785395000	3.40835812100	8.95287518000			
12.69746647000	35.94740840000	0.77959881400	12.69746647000	3.41186867300	8.95228894300			
12.75707899000	35.89167908000	0.79152074380	12.75707899000	3.41293269400	8.95251778000			
12.81669151000	35.80218116000	0.79199227650	12.81669151000	3.41065876200	8.95246072800			
12.87630402000	35.75500258000	0.80325434740	12.87630402000	3.41042677700	8.95285596600			
12.93591654000	35.66589825000	0.81016193270	12.93591654000	3.41166585700	8.95263414100			
12.99552906000	35.65140239000	0.80844598460	12.99552906000	3.41263528300	8.95273764300			
13.05514158000	35.57496026000	0.81935670490	13.05514158000	3.41028833300	8.95359535000			
13.11475410000	35.48776012000	0.83087868100	13.11475410000	3.41446523000	8.95208944300			
13.17436662000	35.44176447000	0.83578462180	13.17436662000	3.40958366900	8.95262415600			
13.23397914000	35.36759363000	0.84051895000	13.23397914000	3.41162144500	8.95262938100			
13.29359165000	35.12685207000	0.83289361980	13.29359165000	3.41374994400	8.95216819000			
13.35320417000	35.02121112000	0.83720020820	13.35320417000	3.41347576200	8.95263907700			
13.41281669000	34.96452749000	0.83940728540	13.41281669000	3.41285289100	8.95180499400			
13.47242921000	34.85592207000	0.84809577930	13.47242921000	3.41148504900	8.95328775500			
13.53204173000	34.75429069000	0.85378768200	13.53204173000	3.41295542400	8.95200341200			
13.59165425000	34.68251652000	0.86163954810	13.59165425000	3.40982622800	8.95190990300			
13.65126677000	34.54342452000	0.87516781670	13.65126677000	3.40638964900	8.95321963400			
13.71087928000	34.48932285000	0.87629256950	13.71087928000	3.41304928700	8.95133213800			
13.77049180000	34.40824705000	0.88632506910	13.77049180000	3.41063384700	8.95201102600			
13.83010432000	34.31831009000	0.89477031550	13.83010432000	3.41239025100	8.95291280600			
13.88971684000	34.25580441000	0.89904787330	13.88971684000	3.40973073800	8.95218633700			
13.94932936000	34.17164790000	0.90857968540	13.94932936000	3.41150090600	8.95178493200			
14.00894188000	34.10780427000	0.91117363760	14.00894188000	3.41107169600	8.95275011600			
14.06855440000	34.01800304000	0.92095095370	14.06855440000	3.41214924500	8.95179476300			
14.12816692000	33.93976236000	0.92646997490	14.12816692000	3.40749372700	8.95290933700			
14.18777943000	33.85771318000	0.93256814810	14.18777943000	3.41044858900	8.95214892000			
14.24739195000	33.77541051000	0.93812301280	14.24739195000	3.40803208200	8.95226333100			
14.30700447000	33.71845846000	0.94962057920	14.30700447000	3.41291439000	8.95134301500			
14.36661699000	33.69841505000	0.94663600100	14.36661699000	3.41424856900	8.95181459200			
14.42622951000	33.66463121000	0.95540327020	14.42622951000	3.41653562300	8.95080199700			
14.48584203000	33.57541757000	0.96280823520	14.48584203000	3.41491307800	8.95088740900			
14.54545455000	33.51454766000	0.96755849500	14.54545455000	3.41622099300	8.95127216400			
14.60506706000	33.44863256000	0.96679650340	14.60506706000	3.41510862500	8.95128208800			
14.66467958000	33.35441185000	0.97835186680	14.66467958000	3.41400418900	8.95202868800			
14.72429210000	33.28216994000	0.98710530860	14.72429210000	3.41460980800	8.95238527200			
14.78390462000	33.24722403000	0.98361587640	14.78390462000	3.41473981700	8.95079465000			
14.84351714000	33.17115992000	0.98723002850	14.84351714000	3.40724862300	8.95337254300			
14.90312966000	32.97934503000	0.99290111120	14.90312966000	3.41205543300	8.95237141900			
14.96274218000	32.91286399000	0.99111012340	14.96274218000	3.41076449200	8.95143136700			
15.02235469000	32.85205098000	0.98945273050	15.02235469000	3.41426582500	8.95091924600			
15.08196721000	32.81499545000	0.98878867480	15.08196721000	3.41224345000	8.95112460800			
15.14157973000	32.73629457000	0.99222077030	15.14157973000	3.41358453700	8.95117644100			
15.20119225000	32.67183628000	0.99666518460	15.20119225000	3.41035130900	8.95190125100			
15.26080477000	32.59864650000	1.00282897000	15.26080477000	3.41325898400	8.95119609300			
15.32041729000	32.55112671000	1.00511153400	15.32041729000	3.41278996800	8.95112369900			
15.38002981000	32.42825005000	1.01461343700	15.38002981000	3.41318990500	8.95082478400			
15.43964232000	32.36048980000	1.01787364100	15.43964232000	3.41460879900	8.95080899000			
15.49925484000	32.27586161000	1.02497838800	15.49925484000	3.41393418500	8.95074162200			
15.55886736000	32.17792321000	1.03411506900	15.55886736000	3.41141163200	8.95173571400			
15.61847988000	32.07928807000	1.04076128300	15.61847988000	3.41293201100	8.95136632000			
15.67809240000	32.03532017000	1.04230673200	15.67809240000	3.41232829000	8.95121330600			
15.73770492000	31.91742188000	1.05425502700	15.73770492000	3.41333493400	8.95104931900			
15.79731744000	31.83492966000	1.06146535400	15.79731744000	3.41456567600	8.95038413900			
15.85692996000	31.76368347000	1.06942367400	15.85692996000	3.41361863800	8.95064926500			
15.91654247000	31.72384542000	1.06903354800	15.91654247000	3.41579278900	8.95062983800			
15.97615499000	31.60691930000	1.07530937300	15.97615499000	3.41293063300	8.95073158200			
16.03576751000	31.39918923000	1.08591030200	16.03576751000	3.41607675000	8.94988957400			
16.09538003000	31.36410856000	1.08245834900	16.09538003000	3.41516709300	8.95090084500			
16.15499255000	31.34907723000	1.07565214200	16.15499255000	3.41805281800	8.94954273300			
16.21460507000	31.27091816000	1.07706837500	16.21460507000	3.41776196900	8.94956089000			
16.27421759000	31.14541003000	1.08844807200	16.27421759000	3.41939403000	8.94938683600			
16.33383010000	31.09979186000	1.08820217100	16.33383010000	3.41826923000	8.94999842500			
16.39344262000	31.04007544000	1.09325023600	16.39344262000	3.41794813100	8.95027193000			
16.45305514000	30.95908845000	1.10067004200	16.45305514000	3.41878863100	8.94980001900			
16.51266766000	30.84147756000	1.11200852600	16.51266766000	3.41778075600	8.95002389000			
16.57228018000	30.79549571000	1.11665704800	16.57228018000	3.41827507600	8.94972224900			
16.63189270000	30.67560800000	1.12825928700	16.63189270000	3.41935054500	8.94963197200			
16.69150522000	30.60404295000	1.13669190900	16.69150522000	3.42223926900	8.94931715300			
16.75111773000	30.55041278000	1.14039507300	16.75111773000	3.41885597700	8.94940397700			
16.81073025000	30.40770945000	1.15524960200	16.81073025000	3.41894474300	8.94968149700			
16.87034277000	30.35872277000	1.15973047200	16.87034277000	3.41793644200	8.94956400600			
16.92995529000	30.21999074000	1.17423777300	16.92995529000	3.41972775800	8.94950955900			
16.98956781000	30.13412872000	1.18446942600	16.98956781000	3.41731108200	8.94936147300			
17.04918033000	30.06707151000	1.19256013900	17.04918033000	3.41893492000	8.94863342500			
17.10879285000	30.02933146000	1.19438758100	17.10879285000	3.42364038200	8.94896537000			
17.16840537000	29.99166316000	1.19729306500	17.16840537000	3.42858906500	8.94920469500			
17.22801788000	29.96343113000	1.19832266700	17.22801788000	3.42845951800	8.94887461400			
17.28763040000	29.85468817000	1.20903956200	17.28763040000	3.42961918800	8.95019400800			
17.34724292000	29.79909810000	1.21110861600	17.34724292000	3.43044343000	8.94938812200			
17.40685544000	29.75120743000	1.21683063200	17.40685544000	3.43252209100	8.95001465300			
17.46646796000	29.72672519000	1.22397627300	17.46646796000	3.43206072000	8.94988651700			
17.52608048000	29.70841479000	1.21804906700	17.52608048000	3.43208385300	8.95028742600			
17.58569300000	29.59526569000	1.22923478600	17.58569300000	3.43048780700	8.95068861400			
17.64530551000	29.50867392000	1.22044999700	17.64530551000	3.42687649800	8.95088672200			
17.70491803000	29.43563933000	1.23200319100	17.70491803000	3.42434847800	8.95060748300			
17.76453055000	29.26208740000	1.25305124700	17.76453055000	3.42589943800	8.95088953100			
17.82414307000	29.19834102000	1.26269058300	17.82414307000	3.42788917200	8.95018991200			
17.88375559000	29.09164246000	1.27981574800	17.88375559000	3.42617597300	8.95060259100			
17.94336811000	28.97427498000	1.29198902100	17.94336811000	3.42772212700	8.94989041200			
18.00298063000	28.93187361000	1.29418261600	18.00298063000	3.42627422700	8.95002938300			
18.06259314000	28.81743054000	1.30893208800	18.06259314000	3.42492753400	8.95058629500			
18.12220566000	28.77595012000	1.31584199400	18.12220566000	3.42622800800	8.94988875500			
18.18181818000	28.67001922000	1.32792475400	18.18181818000	3.42391815300	8.95006667900			
18.24143070000	28.54725618000	1.33680108300	18.24143070000	3.42103118700	8.95125354900			
18.30104322000	28.43556170000	1.33544366700	18.30104322000	3.42045915800	8.95017281700			
18.36065574000	28.34367183000	1.35240094100	18.36065574000	3.42101413900	8.95048168300			
18.42026826000	28.24401683000	1.35719549400	18.42026826000	3.42138428900	8.95058570200			
18.47988077000	28.18650387000	1.37048305800	18.47988077000	3.42423665700	8.94964623200			
18.53949329000	28.06736304000	1.38496644600	18.53949329000	3.42232098600	8.95019022400			
18.59910581000	28.01696575000	1.38560750000	18.59910581000	3.42606648500	8.94976804900			
18.65871833000	27.94377224000	1.39625799100	18.65871833000	3.42511957200	8.94952651500			
18.71833085000	27.79669841000	1.40749189000	18.71833085000	3.42579103300	8.94983978600			
18.77794337000	27.65267183000	1.42096507200	18.77794337000	3.42588907700	8.94982391500			
18.83755589000	27.62450672000	1.43221852900	18.83755589000	3.42648623700	8.94912533200			
18.89716841000	27.50757949000	1.44357920200	18.89716841000	3.42763750800	8.94897096700			
18.95678092000	27.44608047000	1.45388838400	18.95678092000	3.42884816000	8.94865348800			
19.01639344000	27.34918697000	1.46126290000	19.01639344000	3.42855463800	8.94900047100			
19.07600596000	27.19691002000	1.48210007800	19.07600596000	3.43175937900	8.94857704300			
19.13561848000	27.02314608000	1.49833618100	19.13561848000	3.42974284400	8.94846452700			
19.19523100000	26.90330271000	1.51104726200	19.19523100000	3.43110435000	8.94867418600			
19.25484352000	26.75424221000	1.53067078800	19.25484352000	3.43135540500	8.94788097800			
19.31445604000	26.69480677000	1.53875890700	19.31445604000	3.43120502400	8.94821386200			
19.37406855000	26.56650844000	1.55220556300	19.37406855000	3.42795075700	8.94842223300			
19.43368107000	26.53528464000	1.55614380800	19.43368107000	3.42950502700	8.94882243300			
19.49329359000	26.38349006000	1.56792102400	19.49329359000	3.42733679700	8.94853582300			
19.55290611000	26.29972132000	1.58245950000	19.55290611000	3.42784106700	8.94877250500			
19.61251863000	26.21153000000	1.58904603500	19.61251863000	3.42750804100	8.94901580600			
19.67213115000	26.13408163000	1.60033670400	19.67213115000	3.42993468800	8.94793869200			
19.73174367000	26.00380232000	1.60952003800	19.73174367000	3.42802809500	8.94842675200			
19.79135618000	25.89930641000	1.62070001200	19.79135618000	3.42715200700	8.94913720000			
19.85096870000	25.84081045000	1.62492447500	19.85096870000	3.42953711500	8.94807589300			
19.91058122000	25.77555091000	1.62925073000	19.91058122000	3.43091383800	8.94772963100			
19.97019374000	25.70277574000	1.63760375900	19.97019374000	3.42716431600	8.94888524200			
20.02980626000	25.62587166000	1.64071822200	20.02980626000	3.42571008400	8.94861752500			
20.08941878000	25.54846977000	1.65220529500	20.08941878000	3.42802254900	8.94841745400			
20.14903130000	25.42518781000	1.67316277400	20.14903130000	3.42761877600	8.94807588800			
20.20864382000	25.38049580000	1.68133601800	20.20864382000	3.43059966700	8.94841497000			
20.26825633000	25.27365811000	1.69652917100	20.26825633000	3.42948842800	8.94805772100			
20.32786885000	25.11773363000	1.70890150000	20.32786885000	3.42967681300	8.94787445500			
20.38748137000	25.00474565000	1.72325806800	20.38748137000	3.42633584200	8.94895498400			
20.44709389000	24.94221338000	1.72959099300	20.44709389000	3.42846644800	8.94793794300			
20.50670641000	24.83336296000	1.74010817500	20.50670641000	3.42945433800	8.94799902600			
20.56631893000	24.72296414000	1.75096079300	20.56631893000	3.42705368600	8.94853480600			
20.62593145000	24.60901696000	1.76486651200	20.62593145000	3.42825875000	8.94771774300			
20.68554396000	24.55939805000	1.77249941800	20.68554396000	3.42801657700	8.94843885700			
20.74515648000	24.48506610000	1.77677421900	20.74515648000	3.42747039700	8.94832507100			
20.80476900000	24.43802973000	1.77724259100	20.80476900000	3.42411991300	8.94883945800			
20.86438152000	24.32270967000	1.79159336900	20.86438152000	3.42617934200	8.94783576200			
20.92399404000	24.27133832000	1.79196811600	20.92399404000	3.42702398900	8.94768499500			
20.98360656000	24.11974893000	1.80567802800	20.98360656000	3.42539980000	8.94805177400			
21.04321908000	24.01457377500	1.82510561300	21.04321908000	3.42562658300	8.94805770200			
21.10283159000	23.90939862000	1.84453319800	21.10283159000	3.42469084900	8.94815115500			
21.16244411000	23.81209184000	1.85076289100	21.16244411000	3.42337998600	8.94852771500			
21.22205663000	23.75604430000	1.85434701300	21.22205663000	3.42332390500	8.94884293500			
21.28166915000	23.62790381000	1.86567279300	21.28166915000	3.42524649800	8.94892509000			
21.34128167000	23.59157525000	1.86834941800	21.34128167000	3.42229028900	8.94952746700			
21.40089419000	23.58766287000	1.86952957100	21.40089419000	3.42602132000	8.94860726000			
21.46050671000	23.57936516000	1.86859677700	21.46050671000	3.42762334900	8.94813113500			
21.52011923000	23.58593136000	1.86897847100	21.52011923000	3.42876521100	8.94823844900			
21.57973174000	23.59922990000	1.86997353800	21.57973174000	3.42868022300	8.94809006800			
21.63934426000	23.58690715000	1.86957598200	21.63934426000	3.42958588400	8.94766558200			
21.69895678000	23.58805628000	1.87092706100	21.69895678000	3.42577750800	8.94856851000			
21.75856930000	23.59199780000	1.87049974400	21.75856930000	3.42435598100	8.94932525100			
21.81818182000	23.59550349000	1.87052731100	21.81818182000	3.43050875400	8.94836365700			
21.87779434000	23.58920844000	1.87065889300	21.87779434000	3.42946732000	8.94832922100			
21.93740686000	23.59301557000	1.87115670100	21.93740686000	3.42810056900	8.94797427000			
21.99701937000	23.59532454000	1.87051920500	21.99701937000	3.42959695200	8.94857819600			
22.05663189000	23.60992770000	1.86952119800	22.05663189000	3.43357040500	8.94731566500			
22.11624441000	23.58634243000	1.87128634800	22.11624441000	3.42994264000	8.94855355000			
22.17585693000	23.55157955000	1.87329155300	22.17585693000	3.42736182400	8.94796626000			
22.23546945000	23.50356294000	1.87836015700	22.23546945000	3.43710845600	8.94636194600			
22.29508197000	23.56394285000	1.87887507800	22.29508197000	3.44164199800	8.94452392200			
22.35469449000	23.64056820000	1.87605747300	22.35469449000	3.44632885100	8.93947518700			
22.41430700000	23.78404905000	1.84314998200	22.41430700000	3.45086231200	8.93888449700			
22.47391952000	23.76073320000	1.77828194500	22.47391952000	3.45952438100	8.93944080500			
22.53353204000	23.50893834000	1.76191951300	22.53353204000	3.45666303200	8.93957168700			
22.59314456000	23.49732634000	1.74556721200	22.59314456000	3.45944280600	8.93527673700			
22.65275708000	24.78950991000	1.67908530100	22.65275708000	3.46657298400	8.94264299600			
22.71236960000	23.50588121000	1.67186231700	22.71236960000	3.47460474800	8.94269554700			
22.77198212000	23.32253196000	1.59710195300	22.77198212000	3.48985463400	8.94491262700			
22.83159463000	22.91249039000	1.33910935800	22.83159463000	3.53192461200	8.93498020200			
22.89120715000	23.35604986000	0.78169235260	22.89120715000	3.48552635000	8.92965623300			
22.95081967000	24.10642057000	2.65386559800						
