GMfasBEST			GMext		
t	x	y	t	x	y
0.000000000000	17.639820610000	0.976776439100	0.000000000000	40.936190590000	6.227640049000
0.018833101060	17.638818750000	0.976690838900	0.018833101060	40.935871130000	6.227135868000
0.037666202120	17.638284370000	0.976363784600	0.037666202120	40.935331500000	6.227179813000
0.056499303180	17.640300140000	0.976734321900	0.056499303180	40.935729110000	6.227097378000
0.075332404230	17.641705300000	0.977058409600	0.075332404230	40.935563570000	6.226861191000
0.094165505290	17.641903040000	0.977126951800	0.094165505290	40.935726810000	6.226707059000
0.112998606400	17.641362850000	0.976611551200	0.112998606400	40.935885190000	6.226655747000
0.131831707400	17.642983500000	0.975994527100	0.131831707400	40.935586740000	6.226846673000
0.150664808500	17.644054050000	0.976711858800	0.150664808500	40.935415060000	6.226338717000
0.169497909500	17.644584580000	0.976471991300	0.169497909500	40.935427840000	6.226244658000
0.188331010600	17.647085490000	0.976954911800	0.188331010600	40.936237990000	6.226415603000
0.207164111600	17.644596900000	0.977854882800	0.207164111600	40.936242260000	6.226397387000
0.225997212700	17.644291560000	0.976608627600	0.225997212700	40.936147670000	6.226148201000
0.244830313800	17.643917580000	0.977076521500	0.244830313800	40.936082280000	6.226413573000
0.263663414800	17.647111480000	0.977008623200	0.263663414800	40.935829950000	6.226083150000
0.282496515900	17.647317520000	0.977486136500	0.282496515900	40.936039280000	6.226054590000
0.301329616900	17.645926520000	0.977860176800	0.301329616900	40.936325800000	6.226126670000
0.320162718000	17.652380660000	0.979006716800	0.320162718000	40.936012490000	6.225724480000
0.338995819100	17.650461520000	0.980065897000	0.338995819100	40.935428660000	6.225734149000
0.357828920100	17.643130360000	0.982293858000	0.357828920100	40.935490210000	6.225430603000
0.376662021200	17.645193770000	0.983220987400	0.376662021200	40.934697740000	6.225614166000
0.395495122200	17.646272110000	0.981300330800	0.395495122200	40.935837100000	6.225474535000
0.414328223300	17.643447900000	0.980500051400	0.414328223300	40.935747090000	6.225486474000
0.433161324300	17.642793710000	0.978641119000	0.433161324300	40.936120750000	6.225490744000
0.451994425400	17.637137380000	0.978111562900	0.451994425400	40.936005300000	6.225631050000
0.470827526500	17.643662380000	0.978778366800	0.470827526500	40.936306590000	6.225945879000
0.489660627500	17.636941590000	0.978892097400	0.489660627500	40.935882830000	6.225965998000
0.508493728600	17.637679820000	0.978975203600	0.508493728600	40.935655630000	6.225912457000
0.527326829600	17.638421270000	0.978466348100	0.527326829600	40.935915060000	6.225770898000
0.546159930700	17.641660400000	0.978328646700	0.546159930700	40.936271110000	6.225476606000
0.564993031800	17.639733690000	0.978366400900	0.564993031800	40.935997030000	6.225584441000
0.583826132800	17.639928200000	0.978257992500	0.583826132800	40.935132600000	6.225671206000
0.602659233900	17.631706160000	0.978479614100	0.602659233900	40.936342520000	6.225874341000
0.621492334900	17.630589860000	0.980936458900	0.621492334900	40.935947610000	6.226001927000
0.640325436000	17.631928070000	0.981636800700	0.640325436000	40.936802030000	6.226413714000
0.659158537000	17.627439190000	0.981087212600	0.659158537000	40.936781530000	6.226490700000
0.677991638100	17.615468700000	0.980846663000	0.677991638100	40.936130880000	6.226751651000
0.696824739200	17.602105110000	0.979150086600	0.696824739200	40.936458860000	6.226592782000
0.715657840200	17.592305610000	0.979563728100	0.715657840200	40.935977500000	6.226123438000
0.734490941300	17.504705000000	0.981455459300	0.734490941300	40.936403310000	6.225990683000
0.753324042300	17.494858250000	0.976230713600	0.753324042300	40.935404530000	6.225293408000
0.772157143400	17.453459450000	0.973158588300	0.772157143400	40.935805320000	6.224945205000
0.790990244500	17.369266300000	0.966496123200	0.790990244500	40.934373350000	6.222914135000
0.809823345500	17.341441830000	0.960535453000	0.809823345500	40.936341980000	6.222646383000
0.828656446600	17.262771350000	0.943999773900	0.828656446600	40.935725030000	6.220554061000
0.847489547600	17.178425370000	0.937358842600	0.847489547600	40.934632220000	6.219133289000
0.866322648700	17.109376090000	0.936350125300	0.866322648700	40.934835610000	6.219256892000
0.885155749700	17.023668930000	0.936286006700	0.885155749700	40.935990600000	6.218549935000
0.903988850800	16.908749770000	0.940941097200	0.903988850800	40.935874230000	6.216101304000
0.922821951900	16.861545670000	0.942882025200	0.922821951900	40.935735190000	6.214936046000
0.941655052900	16.722761850000	0.943515114400	0.941655052900	40.935431700000	6.212717933000
0.960488154000	16.560804950000	0.951115414000	0.960488154000	40.936102180000	6.212509484000
0.979321255000	16.429895360000	0.953604994500	0.979321255000	40.937239000000	6.209297124000
0.998154356100	16.405848500000	0.953510953000	0.998154356100	40.936960280000	6.207746778000
1.016987457000	16.033229140000	0.936402656200	1.016987457000	40.938996940000	6.193055481000
1.035820558000	15.876122180000	0.944393953700	1.035820558000	40.936601730000	6.193471643000
1.054653659000	15.722907460000	0.952296544100	1.054653659000	40.938355310000	6.190015443000
1.073486760000	15.670280200000	0.957028759100	1.073486760000	40.938231220000	6.191152067000
1.092319861000	15.525660780000	0.966611463600	1.092319861000	40.943561160000	6.187230255000
1.111152962000	15.347975290000	0.978303984800	1.111152962000	40.940987620000	6.175024502000
1.129986064000	15.185371460000	0.989753033700	1.129986064000	40.944378730000	6.170155241000
1.148819165000	15.109905180000	0.993056314700	1.148819165000	40.939620640000	6.167834030000
1.167652266000	14.979207080000	0.998148485200	1.167652266000	40.940943740000	6.164491105000
1.186485367000	14.839450950000	1.006910352000	1.186485367000	40.940196610000	6.162572454000
1.205318468000	14.694800610000	1.016992045000	1.205318468000	40.940694030000	6.162045178000
1.224151569000	14.566092380000	1.025626441000	1.224151569000	40.939966670000	6.158759071000
1.242984670000	14.501852480000	1.033053579000	1.242984670000	40.939004630000	6.158216119000
1.261817771000	14.393067700000	1.047362949000	1.261817771000	40.938572500000	6.156370258000
1.280650872000	14.314478040000	1.054760464000	1.280650872000	40.938447920000	6.156063339000
1.299483973000	14.223021230000	1.060360227000	1.299483973000	40.938712870000	6.154900274000
1.318317074000	14.105468220000	1.067747609000	1.318317074000	40.939362080000	6.155450894000
1.337150175000	14.081139690000	1.066129280000	1.337150175000	40.940266010000	6.155179444000
1.355983276000	13.963693470000	1.072269577000	1.355983276000	40.938852140000	6.154606397000
1.374816377000	13.903316410000	1.074513338000	1.374816377000	40.940094280000	6.154037024000
1.393649478000	13.802603240000	1.077737292000	1.393649478000	40.940246320000	6.153120304000
1.412482579000	13.752163410000	1.091605473000	1.412482579000	40.940909900000	6.152768279000
1.431315680000	13.740427710000	1.095641166000	1.431315680000	40.940890520000	6.151995244000
1.450148781000	13.619995640000	1.106864975000	1.450148781000	40.941224790000	6.152648110000
1.468981883000	13.588758900000	1.112633662000	1.468981883000	40.940967000000	6.152309892000
1.487814984000	13.517318650000	1.117588106000	1.487814984000	40.941065010000	6.152927951000
1.506648085000	13.480240860000	1.118332308000	1.506648085000	40.939699380000	6.152286808000
1.525481186000	13.436056670000	1.125512512000	1.525481186000	40.942051210000	6.152547091000
1.544314287000	13.337657240000	1.128202858000	1.544314287000	40.941643390000	6.151990428000
1.563147388000	13.290476620000	1.132789888000	1.563147388000	40.940727420000	6.151640782000
1.581980489000	13.184307710000	1.135802134000	1.581980489000	40.941174780000	6.151465040000
1.600813590000	13.161147070000	1.136496769000	1.600813590000	40.943222740000	6.151365893000
1.619646691000	13.122335990000	1.138989486000	1.619646691000	40.941491030000	6.152413183000
1.638479792000	13.040370410000	1.141499450000	1.638479792000	40.942817050000	6.151429566000
1.657312893000	13.004806150000	1.145103682000	1.657312893000	40.942476400000	6.150900147000
1.676145994000	12.997482110000	1.144008606000	1.676145994000	40.943838440000	6.150995507000
1.694979095000	12.973980180000	1.145875005000	1.694979095000	40.943768170000	6.150936501000
1.713812196000	12.970200270000	1.143954563000	1.713812196000	40.943580970000	6.149974227000
1.732645297000	12.864965500000	1.150246659000	1.732645297000	40.944085400000	6.150015382000
1.751478398000	12.848418150000	1.151698612000	1.751478398000	40.944160890000	6.148984436000
1.770311499000	12.808186530000	1.157399121000	1.770311499000	40.943748040000	6.148379011000
1.789144601000	12.728318010000	1.167155661000	1.789144601000	40.943116000000	6.149320317000
1.807977702000	12.679160600000	1.172287114000	1.807977702000	40.942156660000	6.148790880000
1.826810803000	12.671733070000	1.172364423000	1.826810803000	40.942162510000	6.147277512000
1.845643904000	12.594350590000	1.176055777000	1.845643904000	40.943433190000	6.149694878000
1.864477005000	12.551647780000	1.174642137000	1.864477005000	40.943198750000	6.150109024000
1.883310106000	12.482602790000	1.181147857000	1.883310106000	40.944022060000	6.150567774000
1.902143207000	12.454749950000	1.177632189000	1.902143207000	40.943495040000	6.151199564000
1.920976308000	12.392609910000	1.182293543000	1.920976308000	40.942137260000	6.150620687000
1.939809409000	12.328337670000	1.186543956000	1.939809409000	40.942593540000	6.150196519000
1.958642510000	12.260303810000	1.191548493000	1.958642510000	40.944491250000	6.151630641000
1.977475611000	12.189746720000	1.195462818000	1.977475611000	40.943384650000	6.151649597000
1.996308712000	12.172210530000	1.195032542000	1.996308712000	40.941246570000	6.150974380000
2.015141813000	12.106762400000	1.201380579000	2.015141813000	40.944972500000	6.152096939000
2.033974914000	12.009983450000	1.206133176000	2.033974914000	40.944604810000	6.153114753000
2.052808015000	12.014941050000	1.207019314000	2.052808015000	40.947260280000	6.153205724000
2.071641116000	11.980868640000	1.214384320000	2.071641116000	40.946404070000	6.153073560000
2.090474217000	11.935929190000	1.218671988000	2.090474217000	40.947139110000	6.153248267000
2.109307319000	11.883992130000	1.222384300000	2.109307319000	40.946863320000	6.153404151000
2.128140420000	11.843832300000	1.228987470000	2.128140420000	40.949168560000	6.153634404000
2.146973521000	11.794776420000	1.232222314000	2.146973521000	40.949163480000	6.154076568000
2.165806622000	11.777310430000	1.230398874000	2.165806622000	40.947921670000	6.154265653000
2.184639723000	11.739205870000	1.231943402000	2.184639723000	40.948918990000	6.154510850000
2.203472824000	11.708920040000	1.235181115000	2.203472824000	40.950513520000	6.154490151000
2.222305925000	11.683618880000	1.243339183000	2.222305925000	40.949368450000	6.154920751000
2.241139026000	11.660636970000	1.241398714000	2.241139026000	40.950979610000	6.155048340000
2.259972127000	11.640611370000	1.233588628000	2.259972127000	40.947860820000	6.155060374000
2.278805228000	11.615102720000	1.229804415000	2.278805228000	40.949857450000	6.154292380000
2.297638329000	11.580847140000	1.231570825000	2.297638329000	40.949115580000	6.154459004000
2.316471430000	11.561061690000	1.230311210000	2.316471430000	40.949230110000	6.154494199000
2.335304531000	11.545343340000	1.231658810000	2.335304531000	40.950951990000	6.158321035000
2.354137632000	11.526207340000	1.233815053000	2.354137632000	40.948171840000	6.158128333000
2.372970733000	11.479257890000	1.239864468000	2.372970733000	40.950012320000	6.158376691000
2.391803834000	11.476777960000	1.240324156000	2.391803834000	40.949585440000	6.158649692000
2.410636935000	11.432956010000	1.247534304000	2.410636935000	40.954768120000	6.160588302000
2.429470037000	11.395514550000	1.248481500000	2.429470037000	40.950731690000	6.157290539000
2.448303138000	11.378522120000	1.247432101000	2.448303138000	40.951225460000	6.160049671000
2.467136239000	11.364482110000	1.244203405000	2.467136239000	40.951095350000	6.159344730000
2.485969340000	11.353300630000	1.246352529000	2.485969340000	40.948743920000	6.158715985000
2.504802441000	11.340468670000	1.250281390000	2.504802441000	40.951663740000	6.158421184000
2.523635542000	11.328106260000	1.244924485000	2.523635542000	40.950684600000	6.158711461000
2.542468643000	11.308906880000	1.248862865000	2.542468643000	40.950471690000	6.157453018000
2.561301744000	11.285919050000	1.248087634000	2.561301744000	40.949621410000	6.158431707000
2.580134845000	11.254547110000	1.253499969000	2.580134845000	40.952857160000	6.158445710000
2.598967946000	11.227735260000	1.261742030000	2.598967946000	40.951093550000	6.156396822000
2.617801047000	11.211401380000	1.255195888000	2.617801047000	40.950510880000	6.154110852000
2.636634148000	11.206843650000	1.251347111000	2.636634148000	40.948636970000	6.153760664000
2.655467249000	11.182783970000	1.250743756000	2.655467249000	40.947194620000	6.153599780000
2.674300350000	11.173455690000	1.249773403000	2.674300350000	40.947654410000	6.153112029000
2.693133451000	11.126558830000	1.248566790000	2.693133451000	40.949953840000	6.152084908000
2.711966552000	11.102139750000	1.247864024000	2.711966552000	40.948602880000	6.149815316000
2.730799653000	11.091674020000	1.248888169000	2.730799653000	40.948639650000	6.150477769000
2.749632755000	11.059736360000	1.250905570000	2.749632755000	40.948916320000	6.149616479000
2.768465856000	11.017481530000	1.255371594000	2.768465856000	40.951377960000	6.149155197000
2.787298957000	10.906746610000	1.258829588000	2.787298957000	40.952709410000	6.148734351000
2.806132058000	10.894288040000	1.259725658000	2.806132058000	40.952385810000	6.148682915000
2.824965159000	10.851203750000	1.261085403000	2.824965159000	40.956137120000	6.150099168000
2.843798260000	10.803651450000	1.264056300000	2.843798260000	40.954818680000	6.149302185000
2.862631361000	10.770552770000	1.268281800000	2.862631361000	40.955185180000	6.149487553000
2.881464462000	10.760101470000	1.268693374000	2.881464462000	40.956655040000	6.149647146000
2.900297563000	10.736190250000	1.270045585000	2.900297563000	40.957939000000	6.150077197000
2.919130664000	10.717623960000	1.272745463000	2.919130664000	40.959186110000	6.149964491000
2.937963765000	10.614080510000	1.276276298000	2.937963765000	40.960858850000	6.149044315000
2.956796866000	10.598901260000	1.277069196000	2.956796866000	40.959289810000	6.148809024000
2.975629967000	10.560761140000	1.278661433000	2.975629967000	40.964160000000	6.148915162000
2.994463068000	10.482084940000	1.283914402000	2.994463068000	40.959713380000	6.148497724000
3.013296169000	10.430127300000	1.287507693000	3.013296169000	40.961144610000	6.149039690000
3.032129270000	10.430514910000	1.290710302000	3.032129270000	40.959748590000	6.150187967000
3.050962371000	10.370776770000	1.294711448000	3.050962371000	40.960285020000	6.150348470000
3.069795473000	10.293433920000	1.296971450000	3.069795473000	40.960703400000	6.150672504000
3.088628574000	10.273661380000	1.296226636000	3.088628574000	40.961060750000	6.150198615000
3.107461675000	10.272206690000	1.295525520000	3.107461675000	40.965565390000	6.150512845000
3.126294776000	10.217266770000	1.300810381000	3.126294776000	40.964135350000	6.150363102000
3.145127877000	10.168933410000	1.304656311000	3.145127877000	40.962261670000	6.151188937000
3.163960978000	10.142468760000	1.310383568000	3.163960978000	40.966268270000	6.150836208000
3.182794079000	10.137591750000	1.308151137000	3.182794079000	40.963657740000	6.150385507000
3.201627180000	10.117236360000	1.311095311000	3.201627180000	40.962213480000	6.150921934000
3.220460281000	10.032879060000	1.319387361000	3.220460281000	40.965017660000	6.151078433000
3.239293382000	9.994697804000	1.323278773000	3.239293382000	40.966947860000	6.151309390000
3.258126483000	9.977162637000	1.327081796000	3.258126483000	40.965873140000	6.151176668000
3.276959584000	9.974971686000	1.329167253000	3.276959584000	40.967307030000	6.151922127000
3.295792685000	9.962470481000	1.330526377000	3.295792685000	40.962860330000	6.152456208000
3.314625786000	9.920785210000	1.335103527000	3.314625786000	40.963474250000	6.151825242000
3.333458887000	9.844575784000	1.341585664000	3.333458887000	40.973236310000	6.148898166000
3.352291988000	9.832607514000	1.341618938000	3.352291988000	40.973713270000	6.148473876000
3.371125089000	9.814226651000	1.341416313000	3.371125089000	40.984448620000	6.147951106000
3.389958191000	9.710189719000	1.349744030000	3.389958191000	41.000758140000	6.148172087000
3.408791292000	9.693326976000	1.350182092000	3.408791292000	40.999794580000	6.149350369000
3.427624393000	9.672259792000	1.351876222000	3.427624393000	41.002895450000	6.148457045000
3.446457494000	9.647556309000	1.353821048000	3.446457494000	41.005328950000	6.148656250000
3.465290595000	9.566849987000	1.357690261000	3.465290595000	41.009751070000	6.147028049000
3.484123696000	9.519938495000	1.358556965000	3.484123696000	41.009489570000	6.146511736000
3.502956797000	9.503718538000	1.359241185000	3.502956797000	41.013113940000	6.148091165000
3.521789898000	9.438319997000	1.364676658000	3.521789898000	41.011247270000	6.148158183000
3.540622999000	9.382291907000	1.369431809000	3.540622999000	41.014171490000	6.148384240000
3.559456100000	9.354723407000	1.370451181000	3.559456100000	41.015496860000	6.147859739000
3.578289201000	9.270239624000	1.377058871000	3.578289201000	41.015463350000	6.148837065000
3.597122302000	9.252907607000	1.379683096000	3.597122302000	41.019232130000	6.149932141000
3.615955403000	9.223036195000	1.384327412000	3.615955403000	41.019769290000	6.149919864000
3.634788504000	9.188416208000	1.391785832000	3.634788504000	41.021172250000	6.148734333000
3.653621605000	9.119177964000	1.389541058000	3.653621605000	41.023054100000	6.150065320000
3.672454706000	9.068553010000	1.391534773000	3.672454706000	41.021525370000	6.148234434000
3.691287807000	9.058985855000	1.389970376000	3.691287807000	41.022498550000	6.149406993000
3.710120909000	9.016533934000	1.395323997000	3.710120909000	41.024764890000	6.149801245000
3.728954010000	8.980118840000	1.398839140000	3.728954010000	41.021997490000	6.151372023000
3.747787111000	8.930350040000	1.402754333000	3.747787111000	41.024135740000	6.150764742000
3.766620212000	8.900171937000	1.400819800000	3.766620212000	41.022717050000	6.151913648000
3.785453313000	8.780430578000	1.408438738000	3.785453313000	41.026487590000	6.153508080000
3.804286414000	8.698941898000	1.411753015000	3.804286414000	41.029151060000	6.152695639000
3.823119515000	8.657074332000	1.413494327000	3.823119515000	41.025377730000	6.153116808000
3.841952616000	8.593501648000	1.413046185000	3.841952616000	41.031030500000	6.152907800000
3.860785717000	8.500934199000	1.419739340000	3.860785717000	41.032245930000	6.153097741000
3.879618818000	8.423728076000	1.425182047000	3.879618818000	41.031119160000	6.152284691000
3.898451919000	8.376223019000	1.428590693000	3.898451919000	41.032470880000	6.151906077000
3.917285020000	8.271610472000	1.435499787000	3.917285020000	41.037086550000	6.152268307000
3.936118121000	8.214128492000	1.439147263000	3.936118121000	41.031503430000	6.151004792000
3.954951222000	8.157488706000	1.443246851000	3.954951222000	41.035463000000	6.151683948000
3.973784323000	8.106511956000	1.447446624000	3.973784323000	41.037366100000	6.151525854000
3.992617424000	8.080279385000	1.448327476000	3.992617424000	41.033015310000	6.147972992000
4.011450525000	8.043988090000	1.450491013000	4.011450525000	41.034743470000	6.148015491000
4.030283627000	7.918866793000	1.462876029000	4.030283627000	41.036797140000	6.148671591000
4.049116728000	7.907528527000	1.463817564000	4.049116728000	41.035381820000	6.149320545000
4.067949829000	7.835078927000	1.466371003000	4.067949829000	41.040848490000	6.148534398000
4.086782930000	7.774238696000	1.469611181000	4.086782930000	41.035053070000	6.149067558000
4.105616031000	7.663454112000	1.475488981000	4.105616031000	41.037741650000	6.150150065000
4.124449132000	7.606206576000	1.480711061000	4.124449132000	41.037263820000	6.150212951000
4.143282233000	7.567295254000	1.482576459000	4.143282233000	41.036524490000	6.150787666000
4.162115334000	7.462358464000	1.486660536000	4.162115334000	41.036436540000	6.150041152000
4.180948435000	7.344005281000	1.493648496000	4.180948435000	41.035204460000	6.150701697000
4.199781536000	7.188106074000	1.503477610000	4.199781536000	41.039273330000	6.150733959000
4.218614637000	7.079039674000	1.509125159000	4.218614637000	41.039178690000	6.150634129000
4.237447738000	7.041828969000	1.512181967000	4.237447738000	41.035842530000	6.150703874000
4.256280839000	6.942233397000	1.519802557000	4.256280839000	41.037426290000	6.149404693000
4.275113940000	6.893173707000	1.521196958000	4.275113940000	41.035679990000	6.151656051000
4.293947041000	6.860803259000	1.520116074000	4.293947041000	41.037431380000	6.150795837000
4.312780142000	6.848441177000	1.518972314000	4.312780142000	41.037101900000	6.150427324000
4.331613243000	6.821070459000	1.519212978000	4.331613243000	41.033276200000	6.149328464000
4.350446344000	6.805480886000	1.519475261000	4.350446344000	41.030602650000	6.150745939000
4.369279446000	6.798444803000	1.518594487000	4.369279446000	41.029624860000	6.150606453000
4.388112547000	6.783792195000	1.519220763000	4.388112547000	41.030065430000	6.150414143000
4.406945648000	6.777799436000	1.517448833000	4.406945648000	41.032244210000	6.150994770000
4.425778749000	6.784938841000	1.515694060000	4.425778749000	41.028109410000	6.150853876000
4.444611850000	6.776192815000	1.517067642000	4.444611850000	41.027676130000	6.151828028000
4.463444951000	6.676520292000	1.521433330000	4.463444951000	41.029310060000	6.151048726000
4.482278052000	6.650294481000	1.520619706000	4.482278052000	41.029360870000	6.152051622000
4.501111153000	6.573649512000	1.521219554000	4.501111153000	41.028111920000	6.152087725000
4.519944254000	6.515140171000	1.524647673000	4.519944254000	41.025864180000	6.153816563000
4.538777355000	6.471585129000	1.523142237000	4.538777355000	41.026154830000	6.153723061000
4.557610456000	6.449696880000	1.522423028000	4.557610456000	41.025954660000	6.153519418000
4.576443557000	6.411175149000	1.525833455000	4.576443557000	41.028965140000	6.153507681000
4.595276658000	6.378800402000	1.528729701000	4.595276658000	41.028879290000	6.154349544000
4.614109759000	6.360571466000	1.528097487000	4.614109759000	41.026098630000	6.154188454000
4.632942860000	6.348564503000	1.529357357000	4.632942860000	41.027560540000	6.156523598000
4.651775961000	6.338668273000	1.530140586000	4.651775961000	41.026333340000	6.155468045000
4.670609062000	6.326033341000	1.530923743000	4.670609062000	41.028966890000	6.154987545000
4.689442164000	6.237005888000	1.534771488000	4.689442164000	41.024964730000	6.155223730000
4.708275265000	6.181312703000	1.536992678000	4.708275265000	41.025697250000	6.154671269000
4.727108366000	6.156640331000	1.537805004000	4.727108366000	41.024307660000	6.155027953000
4.745941467000	6.065732167000	1.542240451000	4.745941467000	41.025069500000	6.154900101000
4.764774568000	6.005414977000	1.548319230000	4.764774568000	41.024403570000	6.155659203000
4.783607669000	5.912343596000	1.556139143000	4.783607669000	41.023809220000	6.154933794000
4.802440770000	5.855677417000	1.558630376000	4.802440770000	41.024589130000	6.153187315000
4.821273871000	5.790263224000	1.562137480000	4.821273871000	41.022575120000	6.153993074000
4.840106972000	5.720390859000	1.567017512000	4.840106972000	41.026512400000	6.153694783000
4.858940073000	5.671599633000	1.570904916000	4.858940073000	41.022951620000	6.153738151000
4.877773174000	5.624301719000	1.575354599000	4.877773174000	41.020353440000	6.153266026000
4.896606275000	5.587758716000	1.574581074000	4.896606275000	41.024063870000	6.152967141000
4.915439376000	5.553950008000	1.569059630000	4.915439376000	41.020865140000	6.154466448000
4.934272477000	5.545948418000	1.568922017000	4.934272477000	41.021261460000	6.153578029000
4.953105578000	5.547851933000	1.569599841000	4.953105578000	41.020782500000	6.152503621000
4.971938679000	5.539504519000	1.569857625000	4.971938679000	41.020363650000	6.153499094000
4.990771780000	5.489112798000	1.569969193000	4.990771780000	41.022111790000	6.151338828000
5.009604882000	5.435752157000	1.571818357000	5.009604882000	41.020362340000	6.152271662000
5.028437983000	5.415304384000	1.570460937000	5.028437983000	41.020741150000	6.153209624000
5.047271084000	5.280292655000	1.576298824000	5.047271084000	41.021356230000	6.154163333000
5.066104185000	5.259798376000	1.577525383000	5.066104185000	41.018624500000	6.153227718000
5.084937286000	5.218701899000	1.573690687000	5.084937286000	41.020163080000	6.152127360000
5.103770387000	5.134215832000	1.568309429000	5.103770387000	41.018489590000	6.152525243000
5.122603488000	5.085517003000	1.568621097000	5.122603488000	41.017904560000	6.152483897000
5.141436589000	5.068236319000	1.567619444000	5.141436589000	41.018420140000	6.152367360000
5.160269690000	5.044486637000	1.547433772000	5.160269690000	41.018151080000	6.151183697000
5.179102791000	4.976256133000	1.536484344000	5.179102791000	41.017723250000	6.151296193000
5.197935892000	4.927310594000	1.531452884000	5.197935892000	41.016579000000	6.151004239000
5.216768993000	4.908417833000	1.528865724000	5.216768993000	41.016357980000	6.151774726000
5.235602094000	4.876248000000	1.522954064000	5.235602094000	41.015390430000	6.152774208000
5.254435195000	4.821076421000	1.512406845000	5.254435195000	41.014050960000	6.152166758000
5.273268296000	4.788643459000	1.502717405000	5.273268296000	41.014015810000	6.150224499000
5.292101397000	4.752782862000	1.494546317000	5.292101397000	41.010942880000	6.149749929000
5.310934498000	4.730195703000	1.489419144000	5.310934498000	41.012643310000	6.149996090000
5.329767600000	4.684667066000	1.485970925000	5.329767600000	41.010602610000	6.149382464000
5.348600701000	4.641304259000	1.482673297000	5.348600701000	41.010402890000	6.148225498000
5.367433802000	4.651397908000	1.475516549000	5.367433802000	41.011984850000	6.147550434000
5.386266903000	4.746309704000	1.466961200000	5.386266903000	41.009414120000	6.147910363000
5.405100004000	4.771250786000	1.465799111000	5.405100004000	41.010887600000	6.148060136000
5.423933105000	4.793741739000	1.463838960000	5.423933105000	41.009940140000	6.147992641000
5.442766206000	4.793272704000	1.462889065000	5.442766206000	41.011949860000	6.145879682000
5.461599307000	4.786875562000	1.462600308000	5.461599307000	41.009047860000	6.146822717000
5.480432408000	4.778178203000	1.462217202000	5.480432408000	41.009945250000	6.146558819000
5.499265509000	4.767123605000	1.462625021000	5.499265509000	41.008632200000	6.146074322000
5.518098610000	4.752563015000	1.464776028000	5.518098610000	41.010017650000	6.145956016000
5.536931711000	4.746397072000	1.463487031000	5.536931711000	41.007087970000	6.146525654000
5.555764812000	4.713356038000	1.463994235000	5.555764812000	41.007616340000	6.144993161000
5.574597913000	4.631726662000	1.464954998000	5.574597913000	41.006684730000	6.144774131000
5.593431014000	4.586148406000	1.466446641000	5.593431014000	41.005450780000	6.144917170000
5.612264115000	4.501521714000	1.470786658000	5.612264115000	41.005779830000	6.144267366000
5.631097216000	4.454532117000	1.473399707000	5.631097216000	41.004577510000	6.144277931000
5.649930318000	4.337443327000	1.479322118000	5.649930318000	41.005070180000	6.144501380000
5.668763419000	4.224428355000	1.489402691000	5.668763419000	41.006341810000	6.144404654000
5.687596520000	4.039145903000	1.502041504000	5.687596520000	41.005906020000	6.143233373000
5.706429621000	3.859961967000	1.513684187000	5.706429621000	41.001791250000	6.142211125000
5.725262722000	3.758554904000	1.519842329000	5.725262722000	41.003516480000	6.142879735000
5.744095823000	3.740029511000	1.522652431000	5.744095823000	41.006472040000	6.142765173000
5.762928924000	3.864366896000	1.518397121000	5.762928924000	41.006371780000	6.144268869000
5.781762025000	3.818874963000	1.514754221000	5.781762025000	41.004210940000	6.143298611000
5.800595126000	3.796088888000	1.513287429000	5.800595126000	41.004240130000	6.143515930000
5.819428227000	3.791389542000	1.513795247000	5.819428227000	41.005109580000	6.142657247000
5.838261328000	3.785481719000	1.514604619000	5.838261328000	41.005487100000	6.143204759000
5.857094429000	3.752319905000	1.516442591000	5.857094429000	41.000645040000	6.144178470000
5.875927530000	3.710175349000	1.516445531000	5.875927530000	41.003464540000	6.143492886000
5.894760631000	3.670604108000	1.520317281000	5.894760631000	41.004934350000	6.142758928000
5.913593732000	3.654695997000	1.522420115000	5.913593732000	41.001504260000	6.145085628000
5.932426833000	3.626568150000	1.522435657000	5.932426833000	41.001508080000	6.144840992000
5.951259934000	3.608657829000	1.517047585000	5.951259934000	40.999765240000	6.142337825000
5.970093036000	3.610518117000	1.514836998000	5.970093036000	41.003070320000	6.143197791000
5.988926137000	3.615192247000	1.518207667000	5.988926137000	40.999394490000	6.144484930000
6.007759238000	3.635379205000	1.519375271000	6.007759238000	41.002240420000	6.145709869000
6.026592339000	3.739535311000	1.519816886000	6.026592339000	40.998654480000	6.141673273000
6.045425440000	3.772309045000	1.520989170000	6.045425440000	40.998293390000	6.141413863000
6.064258541000	3.848352562000	1.522687468000	6.064258541000	40.998725450000	6.139933522000
6.083091642000	4.332065211000	1.515366157000	6.083091642000	41.001544000000	6.144239428000
6.101924743000	6.001428666000	1.412954741000	6.101924743000	41.007135170000	6.144778108000
6.120757844000	7.365177684000	1.558645141000	6.120757844000	40.989665490000	6.138233497000
6.139590945000	5.245141543000	1.405950470000	6.139590945000	40.959156110000	6.140529172000
6.158424046000	-0.388164990000	1.346998917000	6.158424046000	40.923648040000	6.139660409000
			6.177257147000	40.916053620000	6.145354752000
			6.196090248000	40.919565100000	6.147356945000
			6.214923349000	40.909808830000	6.143992177000
			6.233756450000	40.882221600000	6.140784210000
			6.252589551000	40.857671900000	6.145568185000
			6.271422652000	40.852852790000	6.151476333000
			6.290255754000	40.847930010000	6.150175963000
			6.309088855000	40.844153600000	6.147180180000
			6.327921956000	40.822565060000	6.136620400000
			6.346755057000	40.815770880000	6.136320620000
			6.365588158000	40.789730970000	6.128520502000
			6.384421259000	40.768041760000	6.139221483000
			6.403254360000	40.757458790000	6.140633699000
			6.422087461000	40.747869560000	6.146669365000
			6.440920562000	40.746346150000	6.143765743000
			6.459753663000	40.739228950000	6.147405333000
			6.478586764000	40.733376700000	6.148094457000
			6.497419865000	40.729571600000	6.146961865000
			6.516252966000	40.719595340000	6.144791352000
			6.535086067000	40.712443620000	6.148728504000
			6.553919168000	40.707953030000	6.151176865000
			6.572752269000	40.705999890000	6.153524437000
			6.591585370000	40.706447600000	6.155451308000
			6.610418472000	40.703540800000	6.154521856000
			6.629251573000	40.701797470000	6.154359841000
			6.648084674000	40.700665900000	6.154022586000
			6.666917775000	40.697271750000	6.152549488000
			6.685750876000	40.695320060000	6.151005266000
			6.704583977000	40.691160190000	6.151332044000
			6.723417078000	40.688564180000	6.152531113000
			6.742250179000	40.691577340000	6.153121058000
			6.761083280000	40.685027380000	6.152335743000
			6.779916381000	40.685015350000	6.155396132000
			6.798749482000	40.678787430000	6.158393179000
			6.817582583000	40.683059180000	6.158280538000
			6.836415684000	40.681223610000	6.159988170000
			6.855248785000	40.681960410000	6.160281525000
			6.874081886000	40.682910920000	6.160464668000
			6.892914987000	40.688871310000	6.159193192000
			6.911748088000	40.693559840000	6.160098522000
			6.930581189000	40.693738430000	6.165073505000
			6.949414291000	40.686690620000	6.172053764000
			6.968247392000	40.690946860000	6.171510134000
			6.987080493000	40.691200290000	6.171102035000
