SOLfasBEST			SOLext		
t	x	y	t	x	y
0.000000000000	6.419098004000	7.679044926000	0.000000000000	27.094736250000	14.084210220000
0.018728345350	6.419089593000	7.678952913000	0.018728345350	27.095207580000	14.084005200000
0.037456690700	6.418574941000	7.678759401000	0.037456690700	27.095434940000	14.084078880000
0.056185036050	6.419540635000	7.678540218000	0.056185036050	27.094750960000	14.084229450000
0.074913381400	6.418709859000	7.678877673000	0.074913381400	27.094788850000	14.084278700000
0.093641726750	6.418606819000	7.678703080000	0.093641726750	27.094273210000	14.084359770000
0.112370072100	6.418947303000	7.678848744000	0.112370072100	27.094556550000	14.084214560000
0.131098417500	6.418214314000	7.678921838000	0.131098417500	27.094639160000	14.084223130000
0.149826762800	6.419183772000	7.678366217000	0.149826762800	27.094870040000	14.084156720000
0.168555108200	6.419806003000	7.678403714000	0.168555108200	27.094747800000	14.084290990000
0.187283453500	6.419261490000	7.678636366000	0.187283453500	27.095247490000	14.084043580000
0.206011798900	6.419035942000	7.678961842000	0.206011798900	27.095247150000	14.083887900000
0.224740144200	6.419155963000	7.678681503000	0.224740144200	27.095074690000	14.084267410000
0.243468489600	6.418077851000	7.678910444000	0.243468489600	27.095349300000	14.084242810000
0.262196834900	6.419252624000	7.678345288000	0.262196834900	27.094556890000	14.084113470000
0.280925180300	6.419127516000	7.678788742000	0.280925180300	27.095089300000	14.084051550000
0.299653525600	6.418273338000	7.678876163000	0.299653525600	27.095202220000	14.084023100000
0.318381871000	6.417921476000	7.678816027000	0.318381871000	27.094814170000	14.084377510000
0.337110216300	6.418334791000	7.678761958000	0.337110216300	27.094233760000	14.083969040000
0.355838561700	6.418284923000	7.678952475000	0.355838561700	27.095273780000	14.084021590000
0.374566907000	6.418624982000	7.678635582000	0.374566907000	27.095260380000	14.084094370000
0.393295252400	6.419218584000	7.678690126000	0.393295252400	27.095698980000	14.083725020000
0.412023597700	6.419387312000	7.678481669000	0.412023597700	27.095397130000	14.083946320000
0.430751943100	6.419033898000	7.678759349000	0.430751943100	27.094816220000	14.084249240000
0.449480288400	6.418905252000	7.678876053000	0.449480288400	27.095345490000	14.084309600000
0.468208633800	6.418642666000	7.679039707000	0.468208633800	27.095065980000	14.084040640000
0.486936979100	6.417638533000	7.678917116000	0.486936979100	27.095056570000	14.084165690000
0.505665324500	6.418420316000	7.678785960000	0.505665324500	27.095196020000	14.084084000000
0.524393669800	6.418563945000	7.678881099000	0.524393669800	27.095162710000	14.084246710000
0.543122015200	6.418946824000	7.678845750000	0.543122015200	27.095332810000	14.083872610000
0.561850360500	6.418117816000	7.679061558000	0.561850360500	27.095110680000	14.084250730000
0.580578705900	6.418402030000	7.679174347000	0.580578705900	27.095089010000	14.084094820000
0.599307051200	6.417921610000	7.678621955000	0.599307051200	27.095439110000	14.083928870000
0.618035396600	6.418332821000	7.678566508000	0.618035396600	27.095029340000	14.083889220000
0.636763741900	6.419041485000	7.678536959000	0.636763741900	27.094994610000	14.084039740000
0.655492087300	6.417699806000	7.678630579000	0.655492087300	27.095054650000	14.083954040000
0.674220432600	6.418467691000	7.678693383000	0.674220432600	27.095229530000	14.083948700000
0.692948778000	6.418075390000	7.678852661000	0.692948778000	27.095364890000	14.084124480000
0.711677123300	6.418850239000	7.678547120000	0.711677123300	27.095204280000	14.083810000000
0.730405468700	6.418420075000	7.678579494000	0.730405468700	27.095124350000	14.083885640000
0.749133814000	6.418575231000	7.678699450000	0.749133814000	27.094459990000	14.084164230000
0.767862159400	6.418894806000	7.678054573000	0.767862159400	27.095474360000	14.083799370000
0.786590504700	6.419513314000	7.678516725000	0.786590504700	27.095591210000	14.083996890000
0.805318850100	6.418345367000	7.678573882000	0.805318850100	27.094877910000	14.084105040000
0.824047195400	6.418890470000	7.678052263000	0.824047195400	27.094757150000	14.084077070000
0.842775540800	6.419089762000	7.678390525000	0.842775540800	27.095210500000	14.084098350000
0.861503886100	6.418576260000	7.678561809000	0.861503886100	27.095637650000	14.084146340000
0.880232231500	6.419051292000	7.678422009000	0.880232231500	27.095486210000	14.084087090000
0.898960576800	6.419220378000	7.678329737000	0.898960576800	27.095628050000	14.083724660000
0.917688922200	6.418545584000	7.678347574000	0.917688922200	27.094944650000	14.084132310000
0.936417267500	6.418358636000	7.678524782000	0.936417267500	27.095410450000	14.084151900000
0.955145612900	6.418576278000	7.678475672000	0.955145612900	27.094710590000	14.083931260000
0.973873958200	6.417726855000	7.678787410000	0.973873958200	27.095387840000	14.083823070000
0.992602303600	6.418524315000	7.678512409000	0.992602303600	27.095524820000	14.084117530000
1.011330649000	6.417961313000	7.678448485000	1.011330649000	27.095493050000	14.084072530000
1.030058994000	6.417468804000	7.678403607000	1.030058994000	27.095496280000	14.083664190000
1.048787340000	6.417973585000	7.678545653000	1.048787340000	27.095190510000	14.083996150000
1.067515685000	6.418636034000	7.678782310000	1.067515685000	27.095953170000	14.083979510000
1.086244030000	6.418324894000	7.678401833000	1.086244030000	27.095649850000	14.083953510000
1.104972376000	6.417942179000	7.678406129000	1.104972376000	27.095960910000	14.083950720000
1.123700721000	6.417790396000	7.678275801000	1.123700721000	27.095301460000	14.084383390000
1.142429066000	6.418863500000	7.678582083000	1.142429066000	27.095018450000	14.084067920000
1.161157412000	6.418524554000	7.678696175000	1.161157412000	27.095425240000	14.084399980000
1.179885757000	6.419018621000	7.679040919000	1.179885757000	27.095527600000	14.083746200000
1.198614102000	6.418358329000	7.678776585000	1.198614102000	27.095528890000	14.084046390000
1.217342448000	6.418122746000	7.678537070000	1.217342448000	27.095423460000	14.084195130000
1.236070793000	6.417863844000	7.679049215000	1.236070793000	27.095046160000	14.083679730000
1.254799138000	6.418644811000	7.678592911000	1.254799138000	27.095649070000	14.083959030000
1.273527484000	6.418464429000	7.678634430000	1.273527484000	27.094979920000	14.084051170000
1.292255829000	6.418905393000	7.678825978000	1.292255829000	27.095813430000	14.083987450000
1.310984175000	6.418264369000	7.678627256000	1.310984175000	27.095421230000	14.083755090000
1.329712520000	6.417974448000	7.678617657000	1.329712520000	27.095107980000	14.084060100000
1.348440865000	6.418796160000	7.678505253000	1.348440865000	27.096299590000	14.083927480000
1.367169211000	6.418306372000	7.678594026000	1.367169211000	27.096291700000	14.083600470000
1.385897556000	6.419408820000	7.678473850000	1.385897556000	27.096083270000	14.083621460000
1.404625901000	6.417596064000	7.678997539000	1.404625901000	27.095433420000	14.084248490000
1.423354247000	6.418566929000	7.678699446000	1.423354247000	27.096092480000	14.083636080000
1.442082592000	6.417657011000	7.678849783000	1.442082592000	27.095379790000	14.083912450000
1.460810937000	6.418548968000	7.678531192000	1.460810937000	27.095724330000	14.083527080000
1.479539283000	6.419098004000	7.678840217000	1.479539283000	27.096162470000	14.083816100000
1.498267628000	6.417932017000	7.678716104000	1.498267628000	27.096034290000	14.083645590000
1.516995973000	6.418606908000	7.678479727000	1.516995973000	27.095408370000	14.084031270000
1.535724319000	6.417746813000	7.678805221000	1.535724319000	27.095962480000	14.083672540000
1.554452664000	6.418326985000	7.678828416000	1.554452664000	27.096439020000	14.083841000000
1.573181009000	6.418454528000	7.679053496000	1.573181009000	27.096284570000	14.083577970000
1.591909355000	6.418378385000	7.679025659000	1.591909355000	27.095854840000	14.083686750000
1.610637700000	6.418360906000	7.679075726000	1.610637700000	27.095874690000	14.083811860000
1.629366046000	6.415774723000	7.679534991000	1.629366046000	27.095730850000	14.083954560000
1.648094391000	6.410749098000	7.680925746000	1.648094391000	27.095737990000	14.083762470000
1.666822736000	6.334813021000	7.694389150000	1.666822736000	27.095378470000	14.083878490000
1.685551082000	6.262376352000	7.708827276000	1.685551082000	27.095956300000	14.084583460000
1.704279427000	6.203599831000	7.726732163000	1.704279427000	27.090851390000	14.089442140000
1.723007772000	6.142266714000	7.730472499000	1.723007772000	27.085536900000	14.091178340000
1.741736118000	6.029587915000	7.727541259000	1.741736118000	27.062500690000	14.103699730000
1.760464463000	5.903876978000	7.725774342000	1.760464463000	27.105862530000	14.134298080000
1.779192808000	5.742388619000	7.705943791000	1.779192808000	27.068890480000	14.157370050000
1.797921154000	5.715889808000	7.701926413000	1.797921154000	27.033922570000	14.160651960000
1.816649499000	5.604823066000	7.705944799000	1.816649499000	26.972371110000	14.171547610000
1.835377844000	5.437779340000	7.706160349000	1.835377844000	26.919484260000	14.182488150000
1.854106190000	5.271024503000	7.698663323000	1.854106190000	26.861653630000	14.188241650000
1.872834535000	5.252535456000	7.679095435000	1.872834535000	26.831920890000	14.174163170000
1.891562880000	5.118946952000	7.677036748000	1.891562880000	26.922475660000	14.213028160000
1.910291226000	5.038858174000	7.664650657000	1.910291226000	26.910626810000	14.219933940000
1.929019571000	4.921129605000	7.665230489000	1.929019571000	26.864732800000	14.219666920000
1.947747916000	4.772820739000	7.667093252000	1.947747916000	26.831412940000	14.223218210000
1.966476262000	4.730786340000	7.667406802000	1.966476262000	26.798337010000	14.237769010000
1.985204607000	4.558260004000	7.670093926000	1.985204607000	26.773071330000	14.255743840000
2.003932953000	4.422999328000	7.674826288000	2.003932953000	26.768246450000	14.259854870000
2.022661298000	4.309742307000	7.672472760000	2.022661298000	26.739445730000	14.256685930000
2.041389643000	4.267112799000	7.672999326000	2.041389643000	26.701888050000	14.255527420000
2.060117989000	4.188731208000	7.666788722000	2.060117989000	26.649339810000	14.257245190000
2.078846334000	4.066410534000	7.659689610000	2.078846334000	26.627330630000	14.258712660000
2.097574679000	3.963600402000	7.640249955000	2.097574679000	26.616404950000	14.259303340000
2.116303025000	3.920512333000	7.623876770000	2.116303025000	26.624232720000	14.260556510000
2.135031370000	3.817778492000	7.610735932000	2.135031370000	26.621853890000	14.256012890000
2.153759715000	3.725214812000	7.605019408000	2.153759715000	26.624375110000	14.256534720000
2.172488061000	3.609211575000	7.600315843000	2.172488061000	26.631812370000	14.251609760000
2.191216406000	3.576161017000	7.595449458000	2.191216406000	26.632040320000	14.252133530000
2.209944751000	3.462912687000	7.591143001000	2.209944751000	26.636624410000	14.247209910000
2.228673097000	3.352565047000	7.591190790000	2.228673097000	26.636526460000	14.245436260000
2.247401442000	3.250574840000	7.584705469000	2.247401442000	26.634233500000	14.247689400000
2.266129787000	3.200092951000	7.579213613000	2.266129787000	26.634064870000	14.248477510000
2.284858133000	3.113631021000	7.574289976000	2.284858133000	26.637058740000	14.246970310000
2.303586478000	3.038313982000	7.564898677000	2.303586478000	26.633769020000	14.249209660000
2.322314823000	2.964434619000	7.548484755000	2.322314823000	26.630449870000	14.255563430000
2.341043169000	2.924347993000	7.539655530000	2.341043169000	26.627501360000	14.257602800000
2.359771514000	2.902232432000	7.536378171000	2.359771514000	26.628580510000	14.256287950000
2.378499860000	2.857584276000	7.535226284000	2.378499860000	26.620632410000	14.260900990000
2.397228205000	2.791694671000	7.532464721000	2.397228205000	26.616122250000	14.260064580000
2.415956550000	2.773659221000	7.528308131000	2.415956550000	26.617086840000	14.258857850000
2.434684896000	2.717077592000	7.526994593000	2.434684896000	26.602723560000	14.261863770000
2.453413241000	2.634881869000	7.526262665000	2.453413241000	26.590981640000	14.262903710000
2.472141586000	2.579684938000	7.524282990000	2.472141586000	26.573191210000	14.258774890000
2.490869932000	2.512164576000	7.524863090000	2.490869932000	26.568238430000	14.258466700000
2.509598277000	2.489101691000	7.524547010000	2.509598277000	26.562834080000	14.256377150000
2.528326622000	2.448509310000	7.524969582000	2.528326622000	26.558407870000	14.257202190000
2.547054968000	2.396391589000	7.525311856000	2.547054968000	26.559752120000	14.255857540000
2.565783313000	2.331555218000	7.521743191000	2.565783313000	26.558257100000	14.251961620000
2.584511658000	2.239026417000	7.515229274000	2.584511658000	26.551592850000	14.251810700000
2.603240004000	2.212323230000	7.516382814000	2.603240004000	26.552467150000	14.250331750000
2.621968349000	2.165719425000	7.506787304000	2.621968349000	26.545993640000	14.251651620000
2.640696694000	2.039493647000	7.490739252000	2.640696694000	26.547687030000	14.250029650000
2.659425040000	2.025795736000	7.471176176000	2.659425040000	26.543637420000	14.249672450000
2.678153385000	1.978445459000	7.461042647000	2.678153385000	26.544060890000	14.246054750000
2.696881730000	1.918053796000	7.450704142000	2.696881730000	26.534026730000	14.251811680000
2.715610076000	1.836236335000	7.448322678000	2.715610076000	26.525714080000	14.249976300000
2.734338421000	1.717179936000	7.451602474000	2.734338421000	26.512686690000	14.252284980000
2.753066767000	1.673228645000	7.448269462000	2.753066767000	26.502699830000	14.253007440000
2.771795112000	1.602727662000	7.446640911000	2.771795112000	26.490756720000	14.252049810000
2.790523457000	1.557651315000	7.447016049000	2.790523457000	26.483505610000	14.258431090000
2.809251803000	1.522465343000	7.445286031000	2.809251803000	26.479171280000	14.261498570000
2.827980148000	1.507837145000	7.446046008000	2.827980148000	26.468473930000	14.259843680000
2.846708493000	1.438516714000	7.448588603000	2.846708493000	26.471446350000	14.266905100000
2.865436839000	1.397838651000	7.449057480000	2.865436839000	26.459389890000	14.275177760000
2.884165184000	1.345011816000	7.449483417000	2.884165184000	26.469140950000	14.280695780000
2.902893529000	1.307529930000	7.448620879000	2.902893529000	26.476297850000	14.282571950000
2.921621875000	1.245988542000	7.447130888000	2.921621875000	26.476559500000	14.284327850000
2.940350220000	1.208924003000	7.446614886000	2.940350220000	26.484980780000	14.287365080000
2.959078565000	1.186160896000	7.449125826000	2.959078565000	26.479266870000	14.287924990000
2.977806911000	1.168377546000	7.449611520000	2.977806911000	26.483811560000	14.288426060000
2.996535256000	1.142254944000	7.450420313000	2.996535256000	26.481213700000	14.290040710000
3.015263601000	1.111756507000	7.452048122000	3.015263601000	26.475223740000	14.290169130000
3.033991947000	0.968471817900	7.452794374000	3.033991947000	26.466216290000	14.288237940000
3.052720292000	0.933459563400	7.454149871000	3.052720292000	26.468134280000	14.289385360000
3.071448638000	0.864487753300	7.453248813000	3.071448638000	26.465049590000	14.289732890000
3.090176983000	0.778936996000	7.451164888000	3.090176983000	26.453028290000	14.289241780000
3.108905328000	0.657500474500	7.446464100000	3.108905328000	26.442802890000	14.288639210000
3.127633674000	0.524564572800	7.437190600000	3.127633674000	26.439156010000	14.287367230000
3.146362019000	0.476796551300	7.442677053000	3.146362019000	26.434838950000	14.288322240000
3.165090364000	0.341748067400	7.433115892000	3.165090364000	26.431401860000	14.288815760000
3.183818710000	0.182892911800	7.426981164000	3.183818710000	26.420665530000	14.290718570000
3.202547055000	0.076012741670	7.422924101000	3.202547055000	26.420647520000	14.289908490000
3.221275400000	-0.008261012230	7.425535678000	3.221275400000	26.410769990000	14.291173220000
3.240003746000	-0.144255664200	7.425331895000	3.240003746000	26.415020390000	14.292443400000
3.258732091000	-0.286282067800	7.437412005000	3.258732091000	26.417301330000	14.292127620000
3.277460436000	-0.331461862200	7.439664630000	3.277460436000	26.415715590000	14.293905250000
3.296188782000	-0.444123727800	7.436776072000	3.296188782000	26.427769620000	14.293093470000
3.314917127000	-0.656866877400	7.409448814000	3.314917127000	26.418427880000	14.294903260000
3.333645472000	-0.783820291300	7.385856208000	3.333645472000	26.420914080000	14.297000440000
3.352373818000	-0.847975541400	7.382658975000	3.352373818000	26.419918070000	14.297798990000
3.371102163000	-1.067391465000	7.380233941000	3.371102163000	26.412652600000	14.298826610000
3.389830508000	-1.120125938000	7.376989235000	3.389830508000	26.405782060000	14.298712810000
3.408558854000	-1.229204923000	7.369454469000	3.408558854000	26.404458250000	14.299244430000
3.427287199000	-1.321937775000	7.364949616000	3.427287199000	26.412765270000	14.298780630000
3.446015545000	-1.388304266000	7.362773458000	3.446015545000	26.400073090000	14.299289320000
3.464743890000	-1.463244643000	7.357237755000	3.464743890000	26.408705510000	14.299136560000
3.483472235000	-1.506622528000	7.357153990000	3.483472235000	26.408330420000	14.298821880000
3.502200581000	-1.589004916000	7.347181355000	3.502200581000	26.411926300000	14.298221050000
3.520928926000	-1.664438125000	7.357733258000	3.520928926000	26.412655500000	14.298884390000
3.539657271000	-1.755545229000	7.358444674000	3.539657271000	26.409957830000	14.297605350000
3.558385617000	-1.835506263000	7.356130022000	3.558385617000	26.397162430000	14.297379550000
3.577113962000	-1.868011472000	7.354824078000	3.577113962000	26.392326310000	14.297877230000
3.595842307000	-1.978529092000	7.347185223000	3.595842307000	26.380745470000	14.297590050000
3.614570653000	-2.190284106000	7.321806665000	3.614570653000	26.354025300000	14.298356650000
3.633298998000	-2.334096130000	7.301792672000	3.633298998000	26.339820220000	14.298484800000
3.652027343000	-2.394804058000	7.297653073000	3.652027343000	26.326529330000	14.298980510000
3.670755689000	-2.545798962000	7.292872988000	3.670755689000	26.323616290000	14.298532970000
3.689484034000	-2.681669982000	7.291015948000	3.689484034000	26.304607810000	14.294721630000
3.708212379000	-2.885890199000	7.279945582000	3.708212379000	26.264157060000	14.295501790000
3.726940725000	-3.023838630000	7.258828592000	3.726940725000	26.255627580000	14.298909100000
3.745669070000	-3.102760052000	7.242648980000	3.745669070000	26.254484480000	14.298396210000
3.764397415000	-3.183053389000	7.243795041000	3.764397415000	26.241665330000	14.299803530000
3.783125761000	-3.233856176000	7.230140472000	3.783125761000	26.245155980000	14.300135440000
3.801854106000	-3.356700323000	7.219962023000	3.801854106000	26.239326030000	14.300015550000
3.820582452000	-3.526548581000	7.213225191000	3.820582452000	26.223831100000	14.300638220000
3.839310797000	-3.579557215000	7.209247154000	3.839310797000	26.183414210000	14.301690240000
3.858039142000	-3.810397489000	7.172978887000	3.858039142000	26.162496270000	14.301701590000
3.876767488000	-3.853310622000	7.163418420000	3.876767488000	26.151916600000	14.300114490000
3.895495833000	-3.929810110000	7.155591799000	3.895495833000	26.122451960000	14.299445640000
3.914224178000	-3.993545696000	7.153000688000	3.914224178000	26.116543170000	14.297311950000
3.932952524000	-4.087634484000	7.151594427000	3.932952524000	26.109594670000	14.294845610000
3.951680869000	-4.112316101000	7.151441411000	3.951680869000	26.103740650000	14.295365030000
3.970409214000	-4.236156978000	7.141904616000	3.970409214000	26.100268650000	14.295660940000
3.989137560000	-4.525127972000	7.113669889000	3.989137560000	26.072426640000	14.296782880000
4.007865905000	-4.564057840000	7.100581757000	4.007865905000	26.063390980000	14.297038880000
4.026594250000	-4.655042369000	7.085159607000	4.026594250000	26.043372650000	14.298175230000
4.045322596000	-4.704687707000	7.075829392000	4.045322596000	26.026215540000	14.299552190000
4.064050941000	-4.802165579000	7.067911570000	4.064050941000	26.007750200000	14.300888200000
4.082779286000	-4.917508147000	7.070421594000	4.082779286000	25.987550170000	14.301111370000
4.101507632000	-4.975291777000	7.063829629000	4.101507632000	25.972114690000	14.300535350000
4.120235977000	-5.096026688000	7.055532341000	4.120235977000	25.948396760000	14.299040570000
4.138964323000	-5.155860975000	7.046350141000	4.138964323000	25.931428450000	14.296853180000
4.157692668000	-5.260231237000	7.046269225000	4.157692668000	25.919348160000	14.293364220000
4.176421013000	-5.329500523000	7.049853134000	4.176421013000	25.921698550000	14.292419700000
4.195149359000	-5.380074804000	7.027112793000	4.195149359000	25.907955450000	14.291931100000
4.213877704000	-5.493491479000	7.015709284000	4.213877704000	25.907018430000	14.291565160000
4.232606049000	-5.536919653000	7.006762093000	4.232606049000	25.899323020000	14.294224990000
4.251334395000	-5.538404691000	7.002801308000	4.251334395000	25.886988190000	14.295872620000
4.270062740000	-5.539543932000	7.004148802000	4.270062740000	25.871359780000	14.294629470000
4.288791085000	-5.628752141000	7.001485520000	4.288791085000	25.814853260000	14.296942310000
4.307519431000	-5.743517386000	6.993813345000	4.307519431000	25.784200420000	14.298297930000
4.326247776000	-5.822487131000	6.981891382000	4.326247776000	25.757733680000	14.297791290000
4.344976121000	-5.834011574000	6.980701954000	4.344976121000	25.738891840000	14.297612460000
4.363704467000	-5.867956591000	6.980753337000	4.363704467000	25.740394450000	14.296838860000
4.382432812000	-5.918025003000	6.980974990000	4.382432812000	25.727788870000	14.295869860000
4.401161157000	-5.938027370000	6.980538166000	4.401161157000	25.732068530000	14.291849330000
4.419889503000	-5.957562106000	6.985843052000	4.419889503000	25.732696050000	14.290984310000
4.438617848000	-5.969861170000	6.985572226000	4.438617848000	25.744122960000	14.289292970000
4.457346193000	-5.980586801000	6.983453360000	4.457346193000	25.748616540000	14.287771180000
4.476074539000	-6.032532008000	6.987505567000	4.476074539000	25.750232120000	14.285968040000
4.494802884000	-6.117294550000	6.991981054000	4.494802884000	25.735113530000	14.287573560000
4.513531230000	-6.150576494000	6.992891856000	4.513531230000	25.720060230000	14.291080530000
4.532259575000	-6.243778976000	6.998034605000	4.532259575000	25.718161570000	14.291485790000
4.550987920000	-6.306530568000	7.002922180000	4.550987920000	25.685558500000	14.289650870000
4.569716266000	-6.393526506000	7.004742795000	4.569716266000	25.669639380000	14.291380250000
4.588444611000	-6.461515990000	7.002162892000	4.588444611000	25.665767140000	14.289367130000
4.607172956000	-6.501110857000	7.004057802000	4.607172956000	25.672386840000	14.289946710000
4.625901302000	-6.489853167000	6.998939530000	4.625901302000	25.672930400000	14.289577930000
4.644629647000	-6.454335280000	6.995685050000	4.644629647000	25.671261460000	14.283973630000
4.663357992000	-6.455324342000	6.994984837000	4.663357992000	25.662728130000	14.283560380000
4.682086338000	-6.474577944000	6.995501815000	4.682086338000	25.667721480000	14.283734710000
4.700814683000	-6.506828912000	6.993627815000	4.700814683000	25.669792930000	14.278738820000
4.719543028000	-6.521741947000	6.988571621000	4.719543028000	25.663243750000	14.276624370000
4.738271374000	-6.522528330000	6.984215820000	4.738271374000	25.655354020000	14.276588870000
4.756999719000	-6.512554521000	6.986153777000	4.756999719000	25.646150220000	14.275871650000
4.775728064000	-6.517313160000	6.977053418000	4.775728064000	25.593622540000	14.262540960000
4.794456410000	-6.515995252000	6.980194556000	4.794456410000	25.582848150000	14.261389400000
4.813184755000	-6.520248884000	6.985799389000	4.813184755000	25.582132940000	14.256430650000
4.831913100000	-6.543587160000	6.989791087000	4.831913100000	25.580505570000	14.252855840000
4.850641446000	-6.576138320000	6.993194176000	4.850641446000	25.580032360000	14.250996990000
4.869369791000	-6.592832927000	6.992651091000	4.869369791000	25.581637610000	14.250618970000
4.888098137000	-6.591198636000	6.994987468000	4.888098137000	25.578745200000	14.250777290000
4.906826482000	-6.587342791000	6.995275162000	4.906826482000	25.588248660000	14.248188490000
4.925554827000	-6.597043643000	6.994447527000	4.925554827000	25.588110120000	14.250645500000
4.944283173000	-6.616273935000	6.994918886000	4.944283173000	25.591239520000	14.246569340000
4.963011518000	-6.665024776000	6.998996528000	4.963011518000	25.593480100000	14.245038380000
4.981739863000	-6.690314254000	7.000283685000	4.981739863000	25.589667520000	14.245894160000
5.000468209000	-6.723271258000	7.001712301000	5.000468209000	25.585512720000	14.245796200000
5.019196554000	-6.707594033000	7.001865760000	5.019196554000	25.580554320000	14.246249520000
5.037924899000	-6.694418127000	7.000611073000	5.037924899000	25.578835430000	14.247399820000
5.056653245000	-6.689499406000	6.999770260000	5.056653245000	25.573815120000	14.250991420000
5.075381590000	-6.695162381000	7.000447653000	5.075381590000	25.573978280000	14.248682800000
5.094109935000	-6.706953962000	7.000678431000	5.094109935000	25.568740500000	14.247588980000
5.112838281000	-6.706670356000	7.001320099000	5.112838281000	25.562713140000	14.247651210000
5.131566626000	-6.705355992000	7.001530272000	5.131566626000	25.555410080000	14.240970140000
5.150294971000	-6.701904183000	7.000635871000	5.150294971000	25.534063670000	14.243894280000
5.169023317000	-6.698274998000	7.000163064000	5.169023317000	25.527246330000	14.243877330000
5.187751662000	-6.695559184000	6.999363537000	5.187751662000	25.524301940000	14.238991720000
5.206480007000	-6.689223997000	6.998662542000	5.206480007000	25.513447310000	14.238938730000
5.225208353000	-6.690978042000	6.997709981000	5.225208353000	25.506960640000	14.239374430000
5.243936698000	-6.694577054000	6.997881915000	5.243936698000	25.510606350000	14.237769000000
5.262665044000	-6.695606837000	6.997739999000	5.262665044000	25.502399420000	14.239041530000
5.281393389000	-6.702000297000	6.998047261000	5.281393389000	25.501652780000	14.238172240000
5.300121734000	-6.708475413000	6.998913587000	5.300121734000	25.490820410000	14.237224880000
5.318850080000	-6.707493051000	6.998804612000	5.318850080000	25.491595460000	14.236928820000
5.337578425000	-6.700602597000	6.998419193000	5.337578425000	25.489040950000	14.235188300000
5.356306770000	-6.696336216000	6.997677806000	5.356306770000	25.488873240000	14.236844420000
5.375035116000	-6.707337497000	6.999680173000	5.375035116000	25.486572770000	14.236659130000
5.393763461000	-6.708549165000	6.999475171000	5.393763461000	25.478000970000	14.234965010000
5.412491806000	-6.715604806000	7.001287132000	5.412491806000	25.479293760000	14.232806580000
5.431220152000	-6.719760940000	7.001384655000	5.431220152000	25.463526050000	14.232803690000
5.449948497000	-6.717677728000	7.001133699000	5.449948497000	25.457379150000	14.232376240000
5.468676842000	-6.718559370000	7.001902835000	5.468676842000	25.457086160000	14.232319680000
5.487405188000	-6.718236206000	7.000212175000	5.487405188000	25.453709850000	14.231064570000
5.506133533000	-6.721297217000	7.000875602000	5.506133533000	25.450786360000	14.232061080000
5.524861878000	-6.728082140000	7.000695485000	5.524861878000	25.446046290000	14.231934690000
5.543590224000	-6.722784191000	7.001106073000	5.543590224000	25.445097430000	14.230199670000
5.562318569000	-6.719339355000	7.000622619000	5.562318569000	25.448769080000	14.230570870000
5.581046915000	-6.727220834000	7.001164814000	5.581046915000	25.442911860000	14.231197930000
5.599775260000	-6.724871794000	7.002220467000	5.599775260000	25.447078380000	14.229520380000
5.618503605000	-6.753961448000	7.000944010000	5.618503605000	25.440215710000	14.229137620000
5.637231951000	-6.803368781000	7.001968706000	5.637231951000	25.440170510000	14.227592170000
5.655960296000	-6.797065265000	7.004077710000	5.655960296000	25.440928950000	14.228396830000
5.674688641000	-6.809712165000	7.004261416000	5.674688641000	25.436978100000	14.228423880000
5.693416987000	-6.824395318000	7.003670102000	5.693416987000	25.439708120000	14.227579790000
5.712145332000	-6.832141704000	7.002864558000	5.712145332000	25.437568020000	14.227146390000
5.730873677000	-6.841758798000	7.002019292000	5.730873677000	25.433628230000	14.227970490000
5.749602023000	-6.855091633000	7.003152142000	5.749602023000	25.436161710000	14.228729820000
5.768330368000	-6.866437605000	7.003135174000	5.768330368000	25.429606130000	14.226797620000
5.787058713000	-6.881561117000	7.003581173000	5.787058713000	25.425712020000	14.228658140000
5.805787059000	-6.871120822000	7.003240445000	5.805787059000	25.423285130000	14.228633840000
5.824515404000	-6.869704723000	7.003928044000	5.824515404000	25.420829690000	14.229922360000
5.843243749000	-6.875986089000	7.004498675000	5.843243749000	25.418110310000	14.230914110000
5.861972095000	-6.878549676000	7.003485169000	5.861972095000	25.412038940000	14.229546390000
5.880700440000	-6.883355692000	7.004479408000	5.880700440000	25.409328720000	14.229999190000
5.899428785000	-6.869273912000	7.002348798000	5.899428785000	25.408109490000	14.230357420000
5.918157131000	-6.859888165000	7.002669714000	5.918157131000	25.413565410000	14.232007150000
5.936885476000	-6.857243427000	7.001596662000	5.936885476000	25.415280510000	14.231717250000
5.955613822000	-6.866562890000	7.003432169000	5.955613822000	25.411407990000	14.231684020000
5.974342167000	-6.870023833000	7.003681206000	5.974342167000	25.397272030000	14.230354520000
5.993070512000	-6.863574914000	7.002921447000	5.993070512000	25.394418060000	14.230264960000
6.011798858000	-6.851387326000	7.001531964000	6.011798858000	25.387042260000	14.229832580000
6.030527203000	-6.839576637000	7.000253830000	6.030527203000	25.384741340000	14.230957940000
6.049255548000	-6.842226876000	7.000301445000	6.049255548000	25.387190350000	14.230008550000
6.067983894000	-6.843479059000	7.000179771000	6.067983894000	25.379186820000	14.230796900000
6.086712239000	-6.847158180000	6.999738753000	6.086712239000	25.380867130000	14.230351750000
6.105440584000	-6.847017759000	6.998738686000	6.105440584000	25.379152930000	14.229951370000
6.124168930000	-6.816324820000	6.999094955000	6.124168930000	25.381092840000	14.230158030000
6.142897275000	-6.792760702000	6.997415386000	6.142897275000	25.379235790000	14.230613840000
6.161625620000	-6.787431756000	6.997677881000	6.161625620000	25.377660290000	14.231075130000
6.180353966000	-6.786470791000	6.998302516000	6.180353966000	25.376021370000	14.230613310000
6.199082311000	-6.791375800000	6.998757918000	6.199082311000	25.376755940000	14.230969160000
6.217810656000	-6.789320226000	6.999440299000	6.217810656000	25.373229510000	14.230303730000
6.236539002000	-6.789575332000	6.999381029000	6.236539002000	25.370387550000	14.230609710000
6.255267347000	-6.793013242000	7.001479276000	6.255267347000	25.369998680000	14.231446500000
6.273995692000	-6.817866192000	7.002230367000	6.273995692000	25.370057940000	14.231264070000
6.292724038000	-6.831870186000	7.001547577000	6.292724038000	25.367948860000	14.230705860000
6.311452383000	-6.851878793000	7.001811094000	6.311452383000	25.369213710000	14.231953200000
6.330180729000	-6.855599012000	7.002433686000	6.330180729000	25.370471840000	14.232718750000
6.348909074000	-6.852215296000	7.000602503000	6.348909074000	25.366135440000	14.232292900000
6.367637419000	-6.848517111000	7.000963263000	6.367637419000	25.366814250000	14.232322610000
6.386365765000	-6.846635799000	7.000387850000	6.386365765000	25.369956770000	14.231976890000
6.405094110000	-6.839518071000	6.999544757000	6.405094110000	25.366090530000	14.232391780000
6.423822455000	-6.836376722000	6.999300668000	6.423822455000	25.364810100000	14.232521510000
6.442550801000	-6.817406496000	7.000878293000	6.442550801000	25.366534050000	14.232534340000
6.461279146000	-6.798046350000	7.000956172000	6.461279146000	25.367241630000	14.232724790000
6.480007491000	-6.788116553000	7.000759705000	6.480007491000	25.366576780000	14.232207940000
6.498735837000	-6.786366954000	7.000559700000	6.498735837000	25.368327010000	14.232049650000
6.517464182000	-6.775701398000	6.999625774000	6.517464182000	25.367153980000	14.232875200000
6.536192527000	-6.739748238000	7.001214146000	6.536192527000	25.365706190000	14.232138850000
6.554920873000	-6.666632896000	6.998719748000	6.554920873000	25.368878300000	14.231787300000
6.573649218000	-6.615130538000	6.995695180000	6.573649218000	25.368423750000	14.232753310000
6.592377563000	-6.606333826000	6.994550144000	6.592377563000	25.369061920000	14.232477620000
6.611105909000	-6.603993056000	6.998340668000	6.611105909000	25.366831540000	14.231771040000
6.629834254000	-6.616105031000	7.003510249000	6.629834254000	25.368823840000	14.232871050000
6.648562599000	-6.604325801000	7.003405756000	6.648562599000	25.368397250000	14.234155200000
6.667290945000	-6.520506162000	7.013757247000	6.667290945000	25.368911360000	14.233444480000
6.686019290000	-6.467724071000	7.008941072000	6.686019290000	25.364240240000	14.233382410000
6.704747636000	-6.348132754000	7.001408546000	6.704747636000	25.365156840000	14.232327600000
6.723475981000	-6.174340933000	7.006049284000	6.723475981000	25.368466180000	14.231712660000
6.742204326000	-6.038217378000	7.023630790000	6.742204326000	25.370938130000	14.232169240000
6.760932672000	-5.905238762000	7.017892595000	6.760932672000	25.366516890000	14.233222160000
6.779661017000	-5.668706292000	7.028119832000	6.779661017000	25.371998740000	14.231980700000
6.798389362000	-5.343482732000	7.010002282000	6.798389362000	25.368683840000	14.231817640000
6.817117708000	-4.381797721000	7.007092539000	6.817117708000	25.374709180000	14.232322560000
6.835846053000	-4.352877467000	7.011787762000	6.835846053000	25.376589620000	14.231972210000
6.854574398000	-3.921312344000	7.074756111000	6.854574398000	25.385054410000	14.228983520000
6.873302744000	-2.044992960000	7.058199487000	6.873302744000	25.412847570000	14.226109900000
6.892031089000	-1.736035881000	7.043694032000	6.892031089000	25.423779000000	14.228400090000
6.910759434000	-3.794873036000	7.054278680000	6.910759434000	25.427349980000	14.225743570000
6.929487780000	-10.548425940000	6.653022759000	6.929487780000	25.439751610000	14.226083690000
6.948216125000	-11.112644210000	6.547184734000	6.948216125000	25.443783080000	14.216175070000
6.966944470000	-10.619541940000	6.480499906000	6.966944470000	25.443802170000	14.207700670000
