GMfasMMM			GMextMMM					
t	x	y	t	x	y			
0.00000000000	12.31540104000	0.97818487400	0.00000000000	5.15948593600	10.47477952000			
0.05961251863	12.40896977000	0.97175819400	0.05961251863	5.16231783400	10.47462341000			
0.11922503730	12.43481237000	0.98047790300	0.11922503730	5.16251434400	10.47473052000			
0.17883755590	12.46520263000	0.97297182050	0.17883755590	5.16065883800	10.47516129000			
0.23845007450	12.48994213000	0.96643344150	0.23845007450	5.15905142800	10.47549601000			
0.29806259310	12.55594158000	0.96210012450	0.29806259310	5.16041883000	10.47538740000			
0.35767511180	12.60986059000	0.95803268330	0.35767511180	5.16140519300	10.47570457000			
0.41728763040	12.64231067000	0.95033683530	0.41728763040	5.16220624700	10.47578505000			
0.47690014900	12.74098272000	0.94104826580	0.47690014900	5.16251106400	10.47562884000			
0.53651266770	12.85880325000	0.92191420210	0.53651266770	5.16259881900	10.47621069000			
0.59612518630	12.88223405000	0.92238973210	0.59612518630	5.15927824300	10.47599625000			
0.65573770490	12.93243682000	0.91851792220	0.65573770490	5.16191766700	10.47658852000			
0.71535022350	12.93757086000	0.91999855390	0.71535022350	5.16203083300	10.47671181000			
0.77496274220	13.03641024000	0.91123662500	0.77496274220	5.16234817600	10.47581028000			
0.83457526080	13.04023357000	0.91413319630	0.83457526080	5.16098007300	10.47554259000			
0.89418777940	13.07824039000	0.91373417250	0.89418777940	5.16299094100	10.47549911000			
0.95380029810	13.10384047000	0.91828994210	0.95380029810	5.16148550000	10.47537611000			
1.01341281700	13.16863674000	0.93708983160	1.01341281700	5.15802546200	10.47519347000			
1.07302533500	13.25394492000	0.90256836790	1.07302533500	5.15711178300	10.47657229000			
1.13263785400	13.24438530000	0.91703009440	1.13263785400	5.15692270600	10.47570788000			
1.19225037300	13.35834001000	0.89036707420	1.19225037300	5.15685018600	10.47657709000			
1.25186289100	13.39195207000	0.89247918750	1.25186289100	5.15573852400	10.47638839000			
1.31147541000	13.47751255000	0.87674521080	1.31147541000	5.15575334600	10.47614401000			
1.37108792800	13.56788435000	0.86535870710	1.37108792800	5.15333488300	10.47618204000			
1.43070044700	13.59568974000	0.85990836060	1.43070044700	5.15166736700	10.47557510000			
1.49031296600	13.72216393000	0.83329902490	1.49031296600	5.15328284100	10.47612891000			
1.54992548400	13.81050150000	0.82472946670	1.54992548400	5.14961556200	10.47593424000			
1.60953800300	13.85274851000	0.82426357510	1.60953800300	5.15513986800	10.47549181000			
1.66915052200	13.90979226000	0.82531127020	1.66915052200	5.15519615800	10.47590844000			
1.72876304000	13.96997746000	0.82206544960	1.72876304000	5.15434234200	10.47584620000			
1.78837555900	14.04740788000	0.80772264490	1.78837555900	5.15391436500	10.47589032000			
1.84798807700	14.04314362000	0.80815173630	1.84798807700	5.15228325300	10.47572044000			
1.90760059600	14.10931105000	0.77169323860	1.90760059600	5.15328266700	10.47570532000			
1.96721311500	14.17657967000	0.79269417990	1.96721311500	5.15235001300	10.47699881000			
2.02682563300	14.22545617000	0.78749550500	2.02682563300	5.15075137800	10.47589889000			
2.08643815200	14.23212532000	0.78430805860	2.08643815200	5.15258142900	10.47613668000			
2.14605067100	14.24812411000	0.78751151090	2.14605067100	5.15638501500	10.47693267000			
2.20566318900	14.27207904000	0.79001136270	2.20566318900	5.15262372100	10.47550109000			
2.26527570800	14.29560358000	0.79278818330	2.26527570800	5.14874940700	10.47590690000			
2.32488822700	14.31317047000	0.78722482160	2.32488822700	5.14654654700	10.47642276000			
2.38450074500	14.41445073000	0.78013703690	2.38450074500	5.14580942100	10.47754701000			
2.44411326400	14.44398447000	0.78495704610	2.44411326400	5.14944312600	10.47593086000			
2.50372578200	14.44289325000	0.78089034310	2.50372578200	5.14813294300	10.47753727000			
2.56333830100	14.43366045000	0.78420113740	2.56333830100	5.14660765800	10.47644495000			
2.62295082000	14.52421073000	0.76910919650	2.62295082000	5.14794314500	10.47607861000			
2.68256333800	14.57756858000	0.77087490290	2.68256333800	5.14862938500	10.47567364000			
2.74217585700	14.57501920000	0.76748311620	2.74217585700	5.14799391700	10.47582885000			
2.80178837600	14.63109799000	0.75758720260	2.80178837600	5.14508549700	10.47540424000			
2.86140089400	14.60068665000	0.75902298810	2.86140089400	5.14650122100	10.47533033000			
2.92101341300	14.62976999000	0.75497769090	2.92101341300	5.14405848000	10.47595186000			
2.98062593100	14.63230632000	0.75456108320	2.98062593100	5.14237098600	10.47467554000			
3.04023845000	14.65461205000	0.75365916280	3.04023845000	5.13700816500	10.47496254000			
3.09985096900	14.70316551000	0.74888570060	3.09985096900	5.12936010500	10.47702209000			
3.15946348700	14.79187935000	0.75136255600	3.15946348700	5.13598607400	10.47605128000			
3.21907600600	14.88326422000	0.73808805950	3.21907600600	5.13136600500	10.47681531000			
3.27868852500	14.91474347000	0.72864244750	3.27868852500	5.12787131200	10.47701031000			
3.33830104300	14.94516090000	0.72458234700	3.33830104300	5.12996483000	10.47698635000			
3.39791356200	15.00220266000	0.71548283210	3.39791356200	5.12962781200	10.47638646000			
3.45752608000	15.06155037000	0.70946518640	3.45752608000	5.13321133700	10.47694891000			
3.51713859900	15.07089199000	0.70909315260	3.51713859900	5.12229254200	10.47725261000			
3.57675111800	15.08226583000	0.71074437960	3.57675111800	5.12917974600	10.47660094000			
3.63636363600	15.09176007000	0.72065762030	3.63636363600	5.12166455700	10.47815788000			
3.69597615500	15.08707604000	0.73249810350	3.69597615500	5.09871626300	10.48138813000			
3.75558867400	15.15521235000	0.71381621310	3.75558867400	5.08676616000	10.48170528000			
3.81520119200	15.12412341000	0.72315123440	3.81520119200	5.08720609300	10.48246939000			
3.87481371100	15.15109448000	0.71848142070	3.87481371100	5.08322522000	10.48330632000			
3.93442623000	15.19865969000	0.70460142570	3.93442623000	5.08298218100	10.48316705000			
3.99403874800	15.23633283000	0.69730691120	3.99403874800	5.07297418700	10.48390838000			
4.05365126700	15.23381201000	0.69444897020	4.05365126700	5.07304139500	10.48293569000			
4.11326378500	15.25326256000	0.70331015760	4.11326378500	5.07238750800	10.48276197000			
4.17287630400	15.31431917000	0.70175780480	4.17287630400	5.07007724600	10.48361015000			
4.23248882300	15.36441022000	0.68698375380	4.23248882300	5.06040027800	10.48400109000			
4.29210134100	15.45337617000	0.67345865390	4.29210134100	5.06183572200	10.48423911000			
4.35171386000	15.48540214000	0.67480447820	4.35171386000	5.05901138100	10.48360561000			
4.41132637900	15.49982580000	0.68175722370	4.41132637900	5.06129729300	10.48415432000			
4.47093889700	15.51387746000	0.68466285660	4.47093889700	5.06257626000	10.48454997000			
4.53055141600	15.56870153000	0.65443922960	4.53055141600	5.05938991500	10.48502166000			
4.59016393400	15.66578047000	0.63621444810	4.59016393400	5.05959975300	10.48532770000			
4.64977645300	15.71604972000	0.62838124890	4.64977645300	5.06192836700	10.48475778000			
4.70938897200	15.75356046000	0.62441824610	4.70938897200	5.05528027800	10.48426604000			
4.76900149000	15.74287877000	0.62716088890	4.76900149000	5.05722354400	10.48451110000			
4.82861400900	15.74869893000	0.62889619650	4.82861400900	5.05841951800	10.48459037000			
4.88822652800	15.77762997000	0.62588158890	4.88822652800	5.05480365000	10.48526906000			
4.94783904600	15.80324268000	0.62495183730	4.94783904600	5.04819890100	10.48463236000			
5.00745156500	15.86346698000	0.61964143630	5.00745156500	5.05230577400	10.48533548000			
5.06706408300	15.88971890000	0.61709444760	5.06706408300	5.04816137100	10.48532933000			
5.12667660200	15.94882183000	0.61482645580	5.12667660200	5.05110361900	10.48409183000			
5.18628912100	15.98505649000	0.61111718800	5.18628912100	5.04610428300	10.48756532000			
5.24590163900	16.02642254000	0.61292180590	5.24590163900	5.03827972900	10.48840929000			
5.30551415800	16.04465476000	0.61439708590	5.30551415800	5.03646520800	10.48755108000			
5.36512667700	16.05336991000	0.62084311910	5.36512667700	5.03150966300	10.48950692000			
5.42473919500	16.06352300000	0.62749280050	5.42473919500	5.02656914700	10.48962281000			
5.48435171400	16.06283965000	0.63164675980	5.48435171400	5.02690044300	10.49115764000			
5.54396423200	16.15065711000	0.61884020220	5.54396423200	5.02381619200	10.49184664000			
5.60357675100	16.14823423000	0.63178528060	5.60357675100	5.02096744500	10.49197955000			
5.66318927000	16.13805527000	0.65136306650	5.66318927000	5.01719500400	10.49316345000			
5.72280178800	16.14982420000	0.65792178980	5.72280178800	5.01434597300	10.49318001000			
5.78241430700	16.18377998000	0.66042221240	5.78241430700	5.01307964300	10.49276273000			
5.84202682600	16.21622148000	0.66023978600	5.84202682600	5.00925415200	10.49284566000			
5.90163934400	16.29472912000	0.65549755350	5.90163934400	5.01238100500	10.49383829000			
5.96125186300	16.33779426000	0.65778373260	5.96125186300	5.01269194200	10.49222219000			
6.02086438200	16.34691695000	0.66693350170	6.02086438200	5.00954249600	10.49569302000			
6.08047690000	16.36626334000	0.67384677240	6.08047690000	5.01004701400	10.49257822000			
6.14008941900	16.43792225000	0.66596299420	6.14008941900	5.00847963800	10.49387797000			
6.19970193700	16.39510357000	0.67502699280	6.19970193700	5.00691704500	10.49546024000			
6.25931445600	16.46373297000	0.69000247980	6.25931445600	5.00581325900	10.49487999000			
6.31892697500	16.48610930000	0.69495325910	6.31892697500	5.00550180800	10.49492747000			
6.37853949300	16.49272387000	0.69984513490	6.37853949300	5.00453662400	10.49552357000			
6.43815201200	16.52639215000	0.69928799380	6.43815201200	5.00207326300	10.49410107000			
6.49776453100	16.56735897000	0.69971552300	6.49776453100	5.00251286500	10.49498310000			
6.55737704900	16.64226908000	0.69113277940	6.55737704900	5.00097227500	10.49550128000			
6.61698956800	16.65983727000	0.69630963890	6.61698956800	4.99918701400	10.49577627000			
6.67660208600	16.69445788000	0.69550635510	6.67660208600	4.99916523700	10.49535978000			
6.73621460500	16.67827153000	0.70060636020	6.73621460500	4.99547011000	10.49530720000			
6.79582712400	16.68402643000	0.70178834220	6.79582712400	4.99484323800	10.49511365000			
6.85543964200	16.66917066000	0.70615070040	6.85543964200	4.99273270300	10.49518555000			
6.91505216100	16.68139725000	0.71075567210	6.91505216100	4.99492504500	10.49444328000			
6.97466468000	16.71218397000	0.70671071530	6.97466468000	4.99211384600	10.49612363000			
7.03427719800	16.75543042000	0.70089291240	7.03427719800	4.99332880300	10.49533517000			
7.09388971700	16.76757987000	0.69969858240	7.09388971700	4.98556164500	10.49546414000			
7.15350223500	16.78177591000	0.70714965880	7.15350223500	4.98788630000	10.49677559000			
7.21311475400	16.79144619000	0.70762331090	7.21311475400	4.97777516400	10.49759373000			
7.27272727300	16.85329401000	0.71540547360	7.27272727300	4.98059638600	10.49592662000			
7.33233979100	16.88983744000	0.72443065870	7.33233979100	4.98355592100	10.49537339000			
7.39195231000	16.88755204000	0.73407922370	7.39195231000	4.98333274300	10.49577704000			
7.45156482900	16.94832492000	0.73225378900	7.45156482900	4.98163124400	10.49535158000			
7.51117734700	17.01384435000	0.72363184770	7.51117734700	4.97709262100	10.49524186000			
7.57078986600	17.03946765000	0.72417808710	7.57078986600	4.98035805900	10.49512486000			
7.63040238500	17.00773821000	0.73471134330	7.63040238500	4.97999555600	10.49498040000			
7.69001490300	17.00574231000	0.73753794560	7.69001490300	4.97504905100	10.49671962000			
7.74962742200	17.02297988000	0.73786179310	7.74962742200	4.97830403900	10.49565965000			
7.80923994000	17.03549858000	0.73268364200	7.80923994000	4.98134156000	10.49570822000			
7.86885245900	17.02930392000	0.73550659210	7.86885245900	4.97773898200	10.49517521000			
7.92846497800	17.02933001000	0.73667549060	7.92846497800	4.97428251500	10.49564720000			
7.98807749600	17.02674448000	0.73767186230	7.98807749600	4.96810780700	10.49725316000			
8.04769001500	17.01161036000	0.74683999400	8.04769001500	4.95632148800	10.49840740000			
8.10730253400	17.02041020000	0.74666972600	8.10730253400	4.95106750300	10.49788576000			
8.16691505200	17.03843379000	0.74080332440	8.16691505200	4.95052709200	10.49901671000			
8.22652757100	17.04506995000	0.73784849430	8.22652757100	4.94404915800	10.49965727000			
8.28614008900	17.06446349000	0.73415025450	8.28614008900	4.94891910500	10.49935811000			
8.34575260800	17.11930116000	0.72635557680	8.34575260800	4.94772414500	10.50005862000			
8.40536512700	17.14864117000	0.71919111020	8.40536512700	4.94744988400	10.49944756000			
8.46497764500	17.17310632000	0.71620551370	8.46497764500	4.94780898300	10.50044139000			
8.52459016400	17.16360645000	0.71780593520	8.52459016400	4.94403984400	10.49996996000			
8.58420268300	17.17829827000	0.71460079500	8.58420268300	4.94543050500	10.50063637000			
8.64381520100	17.17255746000	0.71572541350	8.64381520100	4.94193244800	10.50166748000			
8.70342772000	17.17319949000	0.71555354230	8.70342772000	4.94647077300	10.50085574000			
8.76304023800	17.17558538000	0.71362343470	8.76304023800	4.94416713500	10.50033332000			
8.82265275700	17.15179674000	0.71940740920	8.82265275700	4.94052413800	10.50185336000			
8.88226527600	17.15881615000	0.71760202740	8.88226527600	4.94230585400	10.50130075000			
8.94187779400	17.16655274000	0.71603427760	8.94187779400	4.93947028300	10.50083237000			
9.00149031300	17.17138500000	0.71441600410	9.00149031300	4.94132375200	10.50126660000			
9.06110283200	17.17814727000	0.71395140230	9.06110283200	4.94354895000	10.50042541000			
9.12071535000	17.15665154000	0.71779266530	9.12071535000	4.94678648000	10.49907542000			
9.18032786900	17.13556894000	0.71839393840	9.18032786900	4.94349693300	10.50098429000			
9.23994038700	17.15752372000	0.71685715210	9.23994038700	4.93704141600	10.50112522000			
9.29955290600	17.12876674000	0.71718283580	9.29955290600	4.93977001400	10.49939728000			
9.35916542500	17.09726500000	0.72119788860	9.35916542500	4.94042549200	10.49986777000			
9.41877794300	17.04452989000	0.72560519620	9.41877794300	4.93715290600	10.50161439000			
9.47839046200	17.02621166000	0.72642425420	9.47839046200	4.93295644000	10.50075386000			
9.53800298100	16.98920770000	0.72843119390	9.53800298100	4.93669248800	10.50069102000			
9.59761549900	16.91038681000	0.73575058050	9.59761549900	4.93274158600	10.50082376000			
9.65722801800	16.86949910000	0.74052887430	9.65722801800	4.93322435900	10.49998784000			
9.71684053700	16.79403995000	0.74523031670	9.71684053700	4.92752784000	10.50112120000			
9.77645305500	16.75754722000	0.74385398820	9.77645305500	4.92918339100	10.50059083000			
9.83606557400	16.72208379000	0.74938667080	9.83606557400	4.92875499600	10.50015087000			
9.89567809200	16.66281146000	0.75500189240	9.89567809200	4.92646436000	10.49946093000			
9.95529061100	16.67930929000	0.75247162920	9.95529061100	4.92803528800	10.49974165000			
10.01490313000	16.68248835000	0.75014986850	10.01490313000	4.92401230800	10.50113124000			
10.07451565000	16.64607192000	0.75742541070	10.07451565000	4.92071944900	10.49972400000			
10.13412817000	16.62104788000	0.76007343950	10.13412817000	4.91446729300	10.50023783000			
10.19374069000	16.57389440000	0.76623236250	10.19374069000	4.91160894400	10.49971677000			
10.25335320000	16.51577873000	0.77126382150	10.25335320000	4.90899708500	10.50010994000			
10.31296572000	16.45856641000	0.77394137980	10.31296572000	4.90251258400	10.50244785000			
10.37257824000	16.33033180000	0.79077334720	10.37257824000	4.90108531700	10.50297436000			
10.43219076000	16.37047698000	0.78847465320	10.43219076000	4.90214153500	10.50300857000			
10.49180328000	16.33136777000	0.79521412230	10.49180328000	4.90735515000	10.50231773000			
10.55141580000	16.21246111000	0.80203014900	10.55141580000	4.88954262200	10.51141308000			
10.61102832000	16.13401518000	0.81305247850	10.61102832000	4.88215732900	10.51086556000			
10.67064083000	16.06715626000	0.82169719050	10.67064083000	4.87479337300	10.51185738000			
10.73025335000	16.07128259000	0.82028750490	10.73025335000	4.87120779600	10.51087862000			
10.78986587000	16.04090433000	0.82377779340	10.78986587000	4.86671356700	10.51152652000			
10.84947839000	16.01337079000	0.82503305730	10.84947839000	4.85753480300	10.51040086000			
			10.90909091000	4.86378989600	10.51218489000			
			10.96870343000	4.85807190800	10.51130697000			
			11.02831595000	4.85530966100	10.51077134000			
			11.08792846000	4.85862495000	10.51002211000			
			11.14754098000	4.85332270500	10.51101557000			
			11.20715350000	4.85031899200	10.51113591000			
			11.26676602000	4.84905628500	10.51176920000			
			11.32637854000	4.84232070000	10.51160510000			
			11.38599106000	4.84497996800	10.50919390000			
			11.44560358000	4.83628762700	10.51180595000			
			11.50521610000	4.83797062000	10.51140504000			
			11.56482861000	4.83807901400	10.51188608000			
			11.62444113000	4.83557584100	10.51163477000			
			11.68405365000	4.82985425700	10.51114958000			
			11.74366617000	4.82673066100	10.51135052000			
			11.80327869000	4.82898318100	10.50983686000			
			11.86289121000	4.82205549900	10.51478355000			
			11.92250373000	4.82144978200	10.51404076000			
			11.98211624000	4.82323274000	10.51571322000			
			12.04172876000	4.80972622600	10.51608141000			
			12.10134128000	4.81376582800	10.51466408000			
			12.16095380000	4.80716231500	10.51324523000			
			12.22056632000	4.80901773900	10.51471113000			
			12.28017884000	4.81276855800	10.51410318000			
			12.33979136000	4.80824394800	10.51338814000			
			12.39940387000	4.80626720000	10.51498368000			
			12.45901639000	4.80840372600	10.51185854000			
			12.51862891000	4.80373185500	10.51339302000			
			12.57824143000	4.80783056500	10.51275670000			
			12.63785395000	4.80049876400	10.51358607000			
			12.69746647000	4.79141552400	10.51358270000			
			12.75707899000	4.78454389400	10.51320439000			
			12.81669151000	4.78056542900	10.51381855000			
			12.87630402000	4.78355009000	10.51318149000			
			12.93591654000	4.77945748200	10.51534692000			
			12.99552906000	4.77505636100	10.51361689000			
			13.05514158000	4.77481790900	10.51280978000			
			13.11475410000	4.77069332600	10.51271045000			
			13.17436662000	4.76537971600	10.51333647000			
			13.23397914000	4.76417048700	10.51359401000			
			13.29359165000	4.76657620100	10.51359176000			
			13.35320417000	4.75964754500	10.51401402000			
			13.41281669000	4.75605610800	10.51237533000			
			13.47242921000	4.75763660100	10.51276321000			
			13.53204173000	4.75694467200	10.51265736000			
			13.59165425000	4.75953574800	10.51188548000			
			13.65126677000	4.75502105300	10.51237623000			
			13.71087928000	4.75248444800	10.51224987000			
			13.77049180000	4.74646194900	10.51642406000			
			13.83010432000	4.73611971200	10.51654383000			
			13.88971684000	4.74070865500	10.51524062000			
			13.94932936000	4.73067753300	10.51622508000			
			14.00894188000	4.72544471700	10.51600005000			
			14.06855440000	4.71459283500	10.51705098000			
			14.12816692000	4.70778411300	10.51758442000			
			14.18777943000	4.70674982300	10.51709514000			
			14.24739195000	4.70110540700	10.51619351000			
			14.30700447000	4.70015339800	10.51586458000			
			14.36661699000	4.70127277100	10.51473155000			
			14.42622951000	4.69227780900	10.51515936000			
			14.48584203000	4.68760091900	10.51545102000			
			14.54545455000	4.68286432500	10.51580237000			
			14.60506706000	4.68347958100	10.51532709000			
			14.66467958000	4.68518691200	10.51471316000			
			14.72429210000	4.68586468400	10.51605691000			
			14.78390462000	4.68294921800	10.51497435000			
			14.84351714000	4.68254890100	10.51531435000			
			14.90312966000	4.69059857900	10.51550945000			
			14.96274218000	4.68004399600	10.51440690000			
			15.02235469000	4.68137382500	10.51562745000			
			15.08196721000	4.67761661400	10.51594285000			
			15.14157973000	4.68233632000	10.51632642000			
			15.20119225000	4.67611879400	10.51402955000			
			15.26080477000	4.67433098200	10.51325644000			
			15.32041729000	4.68004121400	10.51512829000			
			15.38002981000	4.67880065100	10.51487797000			
			15.43964232000	4.67709359600	10.51298201000			
			15.49925484000	4.67928072600	10.51395769000			
			15.55886736000	4.67612235100	10.51395392000			
			15.61847988000	4.67942163400	10.51154287000			
			15.67809240000	4.66797413500	10.51689606000			
			15.73770492000	4.65604313600	10.51646621000			
			15.79731744000	4.64447756400	10.51808752000			
			15.85692996000	4.63247562700	10.51508084000			
			15.91654247000	4.62901107300	10.51330671000			
			15.97615499000	4.62571281600	10.51152738000			
			16.03576751000	4.61152524000	10.51272404000			
			16.09538003000	4.59803087900	10.52082709000			
			16.15499255000	4.58223602500	10.51840366000			
			16.21460507000	4.57785910700	10.51917809000			
			16.27421759000	4.56860565200	10.52145814000			
			16.33383010000	4.56715859000	10.52112648000			
			16.39344262000	4.56619126600	10.52306435000			
			16.45305514000	4.55311808500	10.52260146000			
			16.51266766000	4.54301048200	10.52323911000			
			16.57228018000	4.54544264500	10.52394005000			
			16.63189270000	4.54136885100	10.52413478000			
			16.69150522000	4.54065670400	10.52454245000			
			16.75111773000	4.53290413800	10.52621185000			
			16.81073025000	4.52990998900	10.52860012000			
			16.87034277000	4.52854557400	10.52837381000			
			16.92995529000	4.53201219300	10.52933560000			
			16.98956781000	4.52369455700	10.53500565000			
			17.04918033000	4.52180222100	10.53619618000			
			17.10879285000	4.50399706400	10.53661959000			
			17.16840537000	4.50221058800	10.53892268000			
			17.22801788000	4.49654255400	10.53893929000			
			17.28763040000	4.49357515900	10.53884326000			
			17.34724292000	4.48880483900	10.54115755000			
			17.40685544000	4.48650607000	10.54258754000			
			17.46646796000	4.48971845300	10.54265272000			
			17.52608048000	4.48540812500	10.54353892000			
			17.58569300000	4.48024809200	10.54414942000			
			17.64530551000	4.48108941400	10.54440777000			
			17.70491803000	4.47559961800	10.54521822000			
			17.76453055000	4.47771570600	10.54377208000			
			17.82414307000	4.47218430500	10.54442892000			
			17.88375559000	4.46661683400	10.54494179000			
			17.94336811000	4.46372288500	10.54543117000			
			18.00298063000	4.46697956800	10.54441589000			
			18.06259314000	4.46562794100	10.54465124000			
			18.12220566000	4.44819783300	10.55076623000			
			18.18181818000	4.43758850000	10.55098567000			
			18.24143070000	4.43303055900	10.55099936000			
			18.30104322000	4.43378301000	10.54941755000			
			18.36065574000	4.42778766000	10.55039890000			
			18.42026826000	4.42939430900	10.55043761000			
			18.47988077000	4.42696254800	10.55101311000			
			18.53949329000	4.42341150900	10.55097317000			
			18.59910581000	4.41633332500	10.54981361000			
			18.65871833000	4.41753967500	10.55016404000			
			18.71833085000	4.40967137900	10.54999241000			
			18.77794337000	4.40673225500	10.55097916000			
			18.83755589000	4.39821660100	10.55030810000			
			18.89716841000	4.40078616800	10.54863992000			
			18.95678092000	4.39294458300	10.55100804000			
			19.01639344000	4.38536381100	10.54908291000			
			19.07600596000	4.37935849900	10.54981617000			
			19.13561848000	4.37701295600	10.55036603000			
			19.19523100000	4.36100483400	10.55474930000			
			19.25484352000	4.34840823900	10.55656185000			
			19.31445604000	4.34603178800	10.55558580000			
			19.37406855000	4.34162589400	10.55542965000			
			19.43368107000	4.32854836800	10.55561927000			
			19.49329359000	4.32877043000	10.55621021000			
			19.55290611000	4.31974643000	10.55700969000			
			19.61251863000	4.30933361900	10.55857792000			
			19.67213115000	4.29521864900	10.56390972000			
			19.73174367000	4.27597367200	10.56525420000			
			19.79135618000	4.27364738400	10.56465680000			
			19.85096870000	4.26586249600	10.56649017000			
			19.91058122000	4.25226358300	10.56561394000			
			19.97019374000	4.24884443000	10.56751293000			
			20.02980626000	4.24400796100	10.56544617000			
			20.08941878000	4.23271582900	10.56791975000			
			20.14903130000	4.22813885600	10.56830432000			
			20.20864382000	4.22612298100	10.57107453000			
			20.26825633000	4.21618286700	10.57156738000			
			20.32786885000	4.20701688800	10.57165021000			
			20.38748137000	4.20692995200	10.57261409000			
			20.44709389000	4.19605822900	10.57163549000			
			20.50670641000	4.19513120100	10.57095203000			
			20.56631893000	4.19520048300	10.57147711000			
			20.62593145000	4.18744976300	10.57088078000			
			20.68554396000	4.18669646900	10.57236429000			
			20.74515648000	4.18324894600	10.57119763000			
			20.80476900000	4.17500205700	10.57257613000			
			20.86438152000	4.17816992200	10.57188334000			
			20.92399404000	4.17262506400	10.57256000000			
			20.98360656000	4.17117314900	10.57099786000			
			21.04321908000	4.17527007300	10.57234869000			
			21.10283159000	4.16785726200	10.57280151000			
			21.16244411000	4.16540628400	10.57218892000			
			21.22205663000	4.17042755900	10.57264389000			
			21.28166915000	4.16742653400	10.57313986000			
			21.34128167000	4.16153053700	10.57334953000			
			21.40089419000	4.16303494300	10.57352535000			
			21.46050671000	4.16026746000	10.57189898000			
			21.52011923000	4.15545768400	10.57273019000			
			21.57973174000	4.16091740000	10.56836804000			
			21.63934426000	4.18151925700	10.56526529000			
			21.69895678000	4.18917609700	10.58515192000			
			21.75856930000	4.13579441500	10.59007043000			
			21.81818182000	4.10667695100	10.58335953000			
			21.87779434000	4.13612545100	10.56764462000			
								
								
								
								
								
								
								
								
								
								
								
								
								
								
								
								
								
								
