GMfasBEST			GMext		
t	x	y	t	x	y
0.000000000000	30.030757240000	0.364933335700	0.000000000000	43.783359300000	5.667189045000
0.018655324230	30.030868280000	0.365086661500	0.018655324230	43.783924580000	5.667321215000
0.037310648460	30.030945200000	0.365337991200	0.037310648460	43.783325090000	5.667338047000
0.055965972690	30.031745630000	0.366157322500	0.055965972690	43.783726360000	5.667502136000
0.074621296920	30.031221280000	0.366540281400	0.074621296920	43.783939860000	5.668098421000
0.093276621150	30.031350230000	0.366074018900	0.093276621150	43.784386940000	5.667917104000
0.111931945400	30.029903220000	0.365914231700	0.111931945400	43.783326830000	5.667874829000
0.130587269600	30.030027010000	0.365772793600	0.130587269600	43.784047080000	5.667811425000
0.149242593800	30.030587010000	0.365501156000	0.149242593800	43.784010070000	5.667793211000
0.167897918100	30.030263180000	0.365353881300	0.167897918100	43.783720690000	5.667533279000
0.186553242300	30.030736300000	0.365298040100	0.186553242300	43.783697890000	5.667793620000
0.205208566500	30.031954980000	0.365575934600	0.205208566500	43.783622230000	5.667852099000
0.223863890800	30.031300410000	0.365582520600	0.223863890800	43.783823050000	5.667720339000
0.242519215000	30.031365260000	0.365861967100	0.242519215000	43.783899280000	5.667646003000
0.261174539200	30.031601560000	0.365577846800	0.261174539200	43.784057960000	5.667746963000
0.279829863400	30.030118400000	0.365595664800	0.279829863400	43.783801260000	5.667597005000
0.298485187700	30.030794240000	0.365698635500	0.298485187700	43.783905100000	5.667754821000
0.317140511900	30.030190980000	0.365582267900	0.317140511900	43.783898970000	5.667645863000
0.335795836100	30.031375720000	0.365782242800	0.335795836100	43.783655400000	5.667764786000
0.354451160400	30.030273820000	0.365716724400	0.354451160400	43.784683910000	5.667957931000
0.373106484600	30.030605090000	0.365733746000	0.373106484600	43.783742820000	5.667748366000
0.391761808800	30.029329100000	0.365416762400	0.391761808800	43.783642140000	5.667918932000
0.410417133000	30.029201970000	0.365783581600	0.410417133000	43.784092540000	5.667642666000
0.429072457300	30.030330790000	0.366080524500	0.429072457300	43.784149440000	5.668158440000
0.447727781500	30.029514120000	0.366113077500	0.447727781500	43.783822160000	5.668210247000
0.466383105700	30.030734050000	0.366438637000	0.466383105700	43.783464600000	5.668074165000
0.485038430000	30.030935100000	0.366113339800	0.485038430000	43.783697030000	5.668247043000
0.503693754200	30.030449690000	0.367653083300	0.503693754200	43.784618210000	5.668171271000
0.522349078400	30.030605350000	0.367598490200	0.522349078400	43.783441200000	5.668213199000
0.541004402700	30.031403410000	0.368218129700	0.541004402700	43.783955370000	5.668344406000
0.559659726900	30.032787150000	0.369846978200	0.559659726900	43.782939650000	5.668533899000
0.578315051100	30.032776180000	0.369893701900	0.578315051100	43.783244000000	5.668644098000
0.596970375300	30.032874370000	0.370137737000	0.596970375300	43.783649670000	5.668659117000
0.615625699600	30.033354220000	0.369687975100	0.615625699600	43.783397690000	5.668496909000
0.634281023800	30.035004190000	0.370256374300	0.634281023800	43.783638730000	5.668562919000
0.652936348000	30.032994610000	0.370371351100	0.652936348000	43.784131550000	5.668456868000
0.671591672300	30.033145040000	0.368964203300	0.671591672300	43.783594770000	5.668640130000
0.690246996500	30.031723870000	0.368327132000	0.690246996500	43.784499550000	5.667996194000
0.708902320700	30.031540980000	0.367599848800	0.708902320700	43.784412580000	5.668026440000
0.727557645000	30.031901960000	0.367808367000	0.727557645000	43.783854870000	5.668271477000
0.746212969200	30.032637770000	0.367992521500	0.746212969200	43.784113520000	5.668568508000
0.764868293400	30.031303690000	0.367372515700	0.764868293400	43.784155000000	5.668282604000
0.783523617600	30.031830060000	0.367712399100	0.783523617600	43.784293210000	5.668160572000
0.802178941900	30.030010680000	0.367055189800	0.802178941900	43.784064200000	5.668263148000
0.820834266100	30.031012800000	0.366999068500	0.820834266100	43.784451540000	5.667838384000
0.839489590300	30.030374380000	0.366876449900	0.839489590300	43.784262650000	5.668428928000
0.858144914600	30.031617120000	0.367136646700	0.858144914600	43.784905780000	5.668217646000
0.876800238800	30.031057730000	0.366877694600	0.876800238800	43.784185190000	5.668778859000
0.895455563000	30.028514850000	0.366785195000	0.895455563000	43.784455810000	5.668414170000
0.914110887200	30.030061130000	0.366731262600	0.914110887200	43.784776920000	5.668369216000
0.932766211500	30.032145430000	0.367370729200	0.932766211500	43.784330970000	5.668684572000
0.951421535700	30.028905960000	0.367642292500	0.951421535700	43.785152720000	5.668432979000
0.970076859900	30.028326790000	0.367614664100	0.970076859900	43.785334310000	5.668054371000
0.988732184200	30.027942930000	0.367235440700	0.988732184200	43.785532720000	5.668434114000
1.007387508000	30.026300170000	0.367690542000	1.007387508000	43.784942150000	5.668616340000
1.026042833000	30.023494880000	0.366270482100	1.026042833000	43.785437650000	5.668951830000
1.044698157000	30.001609670000	0.366898479200	1.044698157000	43.785552310000	5.668809563000
1.063353481000	29.904274850000	0.379414886700	1.063353481000	43.785533330000	5.668235397000
1.082008805000	29.760704140000	0.385997708500	1.082008805000	43.786762300000	5.665912341000
1.100664130000	29.671512480000	0.390989582100	1.100664130000	43.787890860000	5.664063065000
1.119319454000	29.416828330000	0.409107302900	1.119319454000	43.787423800000	5.657020358000
1.137974778000	29.222973310000	0.364849927500	1.137974778000	43.787540800000	5.645333048000
1.156630102000	28.909110510000	0.338343563200	1.156630102000	43.783555340000	5.614746654000
1.175285426000	28.776982440000	0.336489813000	1.175285426000	43.781776080000	5.603187715000
1.193940751000	28.584415540000	0.310133536300	1.193940751000	43.781597840000	5.594466843000
1.212596075000	28.330118370000	0.319602600400	1.212596075000	43.783943730000	5.585387378000
1.231251399000	28.157787510000	0.286930428800	1.231251399000	43.781367960000	5.576571773000
1.249906723000	27.980907910000	0.291793218200	1.249906723000	43.779998660000	5.566964141000
1.268562048000	27.807560900000	0.302764981200	1.268562048000	43.775307290000	5.564846438000
1.287217372000	27.736187740000	0.313501809700	1.287217372000	43.775021210000	5.563331502000
1.305872696000	27.607502370000	0.323289958200	1.305872696000	43.774151510000	5.561931244000
1.324528020000	27.514114720000	0.307077135500	1.324528020000	43.772191210000	5.559218210000
1.343183345000	27.463201570000	0.300295954100	1.343183345000	43.770439960000	5.556647912000
1.361838669000	27.411168780000	0.297037813600	1.361838669000	43.769918970000	5.557831431000
1.380493993000	27.257012470000	0.299687198900	1.380493993000	43.769513920000	5.555774594000
1.399149317000	27.121680300000	0.308053720100	1.399149317000	43.768439370000	5.554915574000
1.417804641000	26.989840730000	0.305887847500	1.417804641000	43.765971960000	5.555258974000
1.436459966000	26.868528890000	0.317682633600	1.436459966000	43.765032920000	5.555125603000
1.455115290000	26.748241710000	0.334100700400	1.455115290000	43.760904640000	5.555317923000
1.473770614000	26.658551580000	0.336212195300	1.473770614000	43.761680300000	5.555030267000
1.492425938000	26.487303090000	0.346470786000	1.492425938000	43.757290310000	5.555481049000
1.511081263000	26.060697990000	0.351228115800	1.511081263000	43.747045380000	5.559204582000
1.529736587000	25.968060450000	0.356349752300	1.529736587000	43.743827080000	5.560729608000
1.548391911000	25.753445780000	0.369778514400	1.548391911000	43.731745730000	5.560738948000
1.567047235000	25.594994680000	0.382647795400	1.567047235000	43.710868680000	5.564382190000
1.585702560000	25.438957770000	0.390907133000	1.585702560000	43.696491770000	5.567702425000
1.604357884000	25.302152330000	0.402154040600	1.604357884000	43.682218870000	5.573308540000
1.623013208000	25.264893470000	0.402154466600	1.623013208000	43.672951500000	5.575937959000
1.641668532000	25.129762830000	0.413414129900	1.641668532000	43.664470260000	5.581055610000
1.660323856000	25.025959640000	0.413141154300	1.660323856000	43.656209180000	5.579039206000
1.678979181000	24.909954700000	0.418553638300	1.678979181000	43.644212730000	5.583563104000
1.697634505000	24.826051090000	0.425333572600	1.697634505000	43.634982540000	5.588402246000
1.716289829000	24.719790520000	0.435474112600	1.716289829000	43.628204520000	5.591219314000
1.734945153000	24.696246800000	0.434645615100	1.734945153000	43.623920500000	5.590312137000
1.753600478000	24.589483410000	0.442934927700	1.753600478000	43.618842940000	5.593357982000
1.772255802000	24.441233560000	0.452611615600	1.772255802000	43.614418550000	5.596166081000
1.790911126000	24.321081780000	0.466742719700	1.790911126000	43.612137100000	5.603702027000
1.809566450000	24.272507730000	0.468531752100	1.809566450000	43.610050400000	5.609892318000
1.828221774000	24.159035700000	0.481800171200	1.828221774000	43.607463200000	5.610797356000
1.846877099000	24.060967510000	0.489224492800	1.846877099000	43.604609430000	5.613409644000
1.865532423000	23.977689250000	0.498748808700	1.865532423000	43.599996630000	5.616844473000
1.884187747000	23.895349030000	0.511059232600	1.884187747000	43.593228710000	5.621396453000
1.902843071000	23.854522550000	0.514731446300	1.902843071000	43.591101250000	5.623279344000
1.921498396000	23.806657690000	0.523194781000	1.921498396000	43.583494990000	5.630863544000
1.940153720000	23.750152710000	0.531858345900	1.940153720000	43.580643560000	5.641909384000
1.958809044000	23.673277900000	0.538597646000	1.958809044000	43.578733440000	5.643738713000
1.977464368000	23.647306600000	0.540683239000	1.977464368000	43.578179970000	5.644524889000
1.996119693000	23.621338650000	0.546637152800	1.996119693000	43.576310310000	5.646152727000
2.014775017000	23.581458960000	0.549622124800	2.014775017000	43.575213550000	5.646332982000
2.033430341000	23.532424610000	0.552664984200	2.033430341000	43.574296910000	5.646617704000
2.052085665000	23.472143620000	0.562068306700	2.052085665000	43.573239660000	5.648286233000
2.070740989000	23.445928080000	0.567836253800	2.070740989000	43.573295780000	5.649482434000
2.089396314000	23.412454750000	0.573463980500	2.089396314000	43.568783720000	5.656423962000
2.108051638000	23.322534370000	0.570754780300	2.108051638000	43.564046470000	5.665014582000
2.126706962000	23.261595960000	0.575520951200	2.126706962000	43.562959990000	5.671273268000
2.145362286000	23.164718010000	0.583656856900	2.145362286000	43.569734840000	5.684407209000
2.164017611000	23.065044640000	0.593985776300	2.164017611000	43.568883850000	5.698501244000
2.182672935000	23.020661500000	0.602916442300	2.182672935000	43.566299420000	5.705418995000
2.201328259000	22.954353120000	0.607663072600	2.201328259000	43.567273620000	5.710491207000
2.219983583000	22.868269990000	0.606290231500	2.219983583000	43.563281930000	5.713761563000
2.238638908000	22.783768510000	0.609796210600	2.238638908000	43.559044350000	5.718163219000
2.257294232000	22.748822690000	0.622567019700	2.257294232000	43.560285810000	5.719460563000
2.275949556000	22.670731220000	0.627921492600	2.275949556000	43.559897860000	5.721885854000
2.294604880000	22.585081480000	0.641652870200	2.294604880000	43.556874250000	5.723844391000
2.313260204000	22.529486720000	0.647810006700	2.313260204000	43.556782760000	5.726166340000
2.331915529000	22.491441530000	0.648678820700	2.331915529000	43.555348180000	5.728293694000
2.350570853000	22.433323230000	0.653373311100	2.350570853000	43.556017470000	5.728951037000
2.369226177000	22.357764810000	0.663250479400	2.369226177000	43.554196340000	5.732178956000
2.387881501000	22.299615270000	0.672859113400	2.387881501000	43.553681670000	5.734408479000
2.406536826000	22.196147440000	0.687990695600	2.406536826000	43.555407570000	5.739747899000
2.425192150000	22.128307270000	0.699216011800	2.425192150000	43.557820380000	5.745618855000
2.443847474000	22.051928760000	0.707732800700	2.443847474000	43.557981180000	5.752719038000
2.462502798000	21.994916970000	0.717175257300	2.462502798000	43.566866020000	5.757449334000
2.481158123000	21.882267070000	0.733774853100	2.481158123000	43.566937430000	5.772530346000
2.499813447000	21.821067820000	0.742639453700	2.499813447000	43.562102180000	5.781592264000
2.518468771000	21.725632270000	0.748141439500	2.518468771000	43.559385820000	5.787700429000
2.537124095000	21.669545890000	0.751807774100	2.537124095000	43.563941870000	5.791168622000
2.555779419000	21.625264240000	0.761688264500	2.555779419000	43.563090690000	5.794551300000
2.574434744000	21.528358990000	0.776120686300	2.574434744000	43.569004550000	5.797356934000
2.593090068000	21.450597060000	0.786424224100	2.593090068000	43.568356820000	5.799801475000
2.611745392000	21.385659070000	0.781359924300	2.611745392000	43.570351660000	5.801702124000
2.630400716000	21.334794880000	0.773860333800	2.630400716000	43.570509090000	5.803304736000
2.649056041000	21.306880590000	0.779888832900	2.649056041000	43.570711090000	5.804477294000
2.667711365000	21.287791090000	0.785518895800	2.667711365000	43.575414090000	5.805230181000
2.686366689000	21.261846100000	0.791094896400	2.686366689000	43.570363410000	5.809473559000
2.705022013000	21.224524430000	0.794712724300	2.705022013000	43.572545720000	5.809569787000
2.723677338000	21.202504870000	0.797842676100	2.723677338000	43.574945030000	5.809079837000
2.742332662000	21.187326230000	0.802512296500	2.742332662000	43.575202800000	5.811036311000
2.760987986000	21.166510490000	0.808899999100	2.760987986000	43.574114140000	5.811566737000
2.779643310000	21.085231680000	0.812546315100	2.779643310000	43.575743540000	5.816369679000
2.798298634000	21.024064040000	0.822872602600	2.798298634000	43.573528510000	5.821088946000
2.816953959000	21.003933620000	0.828135532600	2.816953959000	43.572327810000	5.822514593000
2.835609283000	20.890277970000	0.830720616200	2.835609283000	43.571783650000	5.824191994000
2.854264607000	20.832588770000	0.834650971500	2.854264607000	43.571716930000	5.826582390000
2.872919931000	20.731735670000	0.849876766300	2.872919931000	43.570448450000	5.830936861000
2.891575256000	20.710642570000	0.849379691000	2.891575256000	43.572063990000	5.832135339000
2.910230580000	20.666403310000	0.850045475400	2.910230580000	43.571491290000	5.835918147000
2.928885904000	20.584415690000	0.868161065300	2.928885904000	43.571711530000	5.838939497000
2.947541228000	20.551544220000	0.872932252600	2.947541228000	43.569161910000	5.848984955000
2.966196552000	20.467458970000	0.881276638100	2.966196552000	43.568776890000	5.858675292000
2.984851877000	20.445601230000	0.889308169400	2.984851877000	43.568408290000	5.858666395000
3.003507201000	20.391835980000	0.899243367900	3.003507201000	43.568006120000	5.859949467000
3.022162525000	20.353815670000	0.904011081100	3.022162525000	43.567227900000	5.861860844000
3.040817849000	20.316386750000	0.913153260600	3.040817849000	43.567386430000	5.863886231000
3.059473174000	20.303518560000	0.912813222500	3.059473174000	43.566825110000	5.864096163000
3.078128498000	20.264872670000	0.917547830900	3.078128498000	43.566105510000	5.865783435000
3.096783822000	20.229155450000	0.919624325700	3.096783822000	43.565343170000	5.869798483000
3.115439146000	20.169182610000	0.924197834600	3.115439146000	43.563805480000	5.873216843000
3.134094471000	20.113740040000	0.923164977900	3.134094471000	43.562199550000	5.877754750000
3.152749795000	20.013131040000	0.928516449600	3.152749795000	43.560349540000	5.884382360000
3.171405119000	19.970011460000	0.933363940500	3.171405119000	43.561547710000	5.885019875000
3.190060443000	19.880880300000	0.946675378800	3.190060443000	43.560256440000	5.885775044000
3.208715767000	19.817944190000	0.958631407200	3.208715767000	43.560105520000	5.887463726000
3.227371092000	19.647441910000	0.971018944500	3.227371092000	43.558323500000	5.896063597000
3.246026416000	19.608923040000	0.974474742600	3.246026416000	43.557930880000	5.898401827000
3.264681740000	19.504685610000	0.983275552500	3.264681740000	43.557738490000	5.904869035000
3.283337064000	19.402051300000	0.992886382100	3.283337064000	43.557054000000	5.912809311000
3.301992389000	19.325476940000	1.003267683000	3.301992389000	43.558978500000	5.922084653000
3.320647713000	19.286654300000	1.015980931000	3.320647713000	43.558482120000	5.921685529000
3.339303037000	19.214395780000	1.026465865000	3.339303037000	43.560030530000	5.922594026000
3.357958361000	19.200793310000	1.035333135000	3.357958361000	43.559282890000	5.923236391000
3.376613686000	19.186287480000	1.042849662000	3.376613686000	43.558739310000	5.924584324000
3.395269010000	19.144276040000	1.048470185000	3.395269010000	43.559177640000	5.924830624000
3.413924334000	19.126039080000	1.049142556000	3.413924334000	43.559470620000	5.924415233000
3.432579658000	19.091579420000	1.046780617000	3.432579658000	43.559798210000	5.924151520000
3.451234982000	19.035969700000	1.051507516000	3.451234982000	43.558745960000	5.925183376000
3.469890307000	18.869922230000	1.054460638000	3.469890307000	43.555514680000	5.928012132000
3.488545631000	18.803325650000	1.056520585000	3.488545631000	43.554572820000	5.929028530000
3.507200955000	18.683268950000	1.074970162000	3.507200955000	43.555585770000	5.931262465000
3.525856279000	18.559944980000	1.084182236000	3.525856279000	43.552972780000	5.938518466000
3.544511604000	18.407684020000	1.082441436000	3.544511604000	43.549423180000	5.948543955000
3.563166928000	18.364860950000	1.074628845000	3.563166928000	43.548572850000	5.951904971000
3.581822252000	18.249759720000	1.087970187000	3.581822252000	43.557027020000	5.966180824000
3.600477576000	18.130522880000	1.104030936000	3.600477576000	43.556018280000	5.983201562000
3.619132901000	18.060516460000	1.099550814000	3.619132901000	43.554893520000	5.989206098000
3.637788225000	17.950151850000	1.112089731000	3.637788225000	43.552479680000	5.992896536000
3.656443549000	17.899962270000	1.118782332000	3.656443549000	43.552547230000	5.994720311000
3.675098873000	17.787692370000	1.128922055000	3.675098873000	43.549589570000	5.999214758000
3.693754197000	17.713179650000	1.133118392000	3.693754197000	43.545401950000	6.003576618000
3.712409522000	17.664833670000	1.136903765000	3.712409522000	43.542224220000	6.007790402000
3.731064846000	17.620172460000	1.127409166000	3.731064846000	43.537276500000	6.011235515000
3.749720170000	17.563703920000	1.125860581000	3.749720170000	43.536237070000	6.013502511000
3.768375494000	17.529589260000	1.130740869000	3.768375494000	43.537171650000	6.013614982000
3.787030819000	17.470244590000	1.142496077000	3.787030819000	43.534642470000	6.016173764000
3.805686143000	17.356856840000	1.136304096000	3.805686143000	43.517886980000	6.021204927000
3.824341467000	17.265464340000	1.159750063000	3.824341467000	43.508203690000	6.029796673000
3.842996791000	17.191991990000	1.160737177000	3.842996791000	43.505150150000	6.032309350000
3.861652116000	17.170807370000	1.164196446000	3.861652116000	43.500402160000	6.032562911000
3.880307440000	17.109334560000	1.172417449000	3.880307440000	43.491753420000	6.039979585000
3.898962764000	17.066452730000	1.179076767000	3.898962764000	43.508677960000	6.045323704000
3.917618088000	17.004855830000	1.176469628000	3.917618088000	43.504086550000	6.058795550000
3.936273412000	16.954937950000	1.193062329000	3.936273412000	43.497817980000	6.065955476000
3.954928737000	16.943029180000	1.206291263000	3.954928737000	43.493773680000	6.068920381000
3.973584061000	16.942556470000	1.212113426000	3.973584061000	43.486947270000	6.072602797000
3.992239385000	16.974426610000	1.207014202000	3.992239385000	43.482393570000	6.075950180000
4.010894709000	16.958775220000	1.209155149000	4.010894709000	43.481660300000	6.077386110000
4.029550034000	16.949352270000	1.213680357000	4.029550034000	43.482546100000	6.078598197000
4.048205358000	16.868091880000	1.214432960000	4.048205358000	43.480022870000	6.079502455000
4.066860682000	16.829091770000	1.218927529000	4.066860682000	43.476039150000	6.081610580000
4.085516006000	16.803869540000	1.219579141000	4.085516006000	43.472969850000	6.082684522000
4.104171330000	16.815742000000	1.217118311000	4.104171330000	43.473058390000	6.083319843000
4.122826655000	16.825392120000	1.221961284000	4.122826655000	43.471660420000	6.083378338000
4.141481979000	16.873646860000	1.223862556000	4.141481979000	43.470634990000	6.082664284000
4.160137303000	16.903394200000	1.217492530000	4.160137303000	43.470637610000	6.082079141000
4.178792627000	16.895625430000	1.217678551000	4.178792627000	43.467786730000	6.081448228000
4.197447952000	16.945773930000	1.211806197000	4.197447952000	43.475589590000	6.080092963000
4.216103276000	16.960315980000	1.209800783000	4.216103276000	43.474500410000	6.079538916000
4.234758600000	16.954888260000	1.210452534000	4.234758600000	43.460438380000	6.080964022000
4.253413924000	16.940445970000	1.209133733000	4.253413924000	43.452637300000	6.081944202000
4.272069249000	16.927950310000	1.210919262000	4.272069249000	43.451065660000	6.081595921000
4.290724573000	16.924718040000	1.205340680000	4.290724573000	43.444479260000	6.082345851000
4.309379897000	16.928861740000	1.204891406000	4.309379897000	43.441406680000	6.082273293000
4.328035221000	16.959410670000	1.203431944000	4.328035221000	43.440520050000	6.081651118000
4.346690545000	16.984443510000	1.205751606000	4.346690545000	43.436791320000	6.082095799000
4.365345870000	16.961447300000	1.211633310000	4.365345870000	43.430796570000	6.085053052000
4.384001194000	16.945836370000	1.213676723000	4.384001194000	43.428063520000	6.086225446000
4.402656518000	16.936294060000	1.213577245000	4.402656518000	43.426089800000	6.087073066000
4.421311842000	16.942053840000	1.213607337000	4.421311842000	43.429198020000	6.086352592000
4.439967167000	16.956172160000	1.212549164000	4.439967167000	43.422615700000	6.087977430000
4.458622491000	16.988202410000	1.210679337000	4.458622491000	43.420708360000	6.087618592000
4.477277815000	16.981093240000	1.210018759000	4.477277815000	43.420952350000	6.087237885000
4.495933139000	16.976813390000	1.212230737000	4.495933139000	43.421729420000	6.087511389000
4.514588464000	16.951774180000	1.211813069000	4.514588464000	43.418054740000	6.089052148000
4.533243788000	16.932363560000	1.210642840000	4.533243788000	43.415440020000	6.090442199000
4.551899112000	16.932053100000	1.212730997000	4.551899112000	43.415209790000	6.090764179000
4.570554436000	16.961060110000	1.212082957000	4.570554436000	43.411925350000	6.090676405000
4.589209760000	16.980786200000	1.210417242000	4.589209760000	43.410994340000	6.090153268000
4.607865085000	17.007469320000	1.205516190000	4.607865085000	43.408395340000	6.089355438000
4.626520409000	17.066757960000	1.194941547000	4.626520409000	43.410709130000	6.087741598000
4.645175733000	17.079056800000	1.190051185000	4.645175733000	43.412644100000	6.086581165000
4.663831057000	17.113541840000	1.177939871000	4.663831057000	43.414107930000	6.084457439000
4.682486382000	17.128172010000	1.174822507000	4.682486382000	43.413692140000	6.084683100000
4.701141706000	17.203873240000	1.169576776000	4.701141706000	43.412162860000	6.079770009000
4.719797030000	17.225069630000	1.170979749000	4.719797030000	43.402771500000	6.080271892000
4.738452354000	17.248551800000	1.167601833000	4.738452354000	43.406857990000	6.078367921000
4.757107679000	17.242487580000	1.163335218000	4.757107679000	43.408147960000	6.077884132000
4.775763003000	17.260347020000	1.165212922000	4.775763003000	43.407303760000	6.076326402000
4.794418327000	17.255478070000	1.172669730000	4.794418327000	43.401776320000	6.078036402000
4.813073651000	17.275484380000	1.171556782000	4.813073651000	43.401890950000	6.079048064000
4.831728975000	17.304627290000	1.171343775000	4.831728975000	43.404266740000	6.075698333000
4.850384300000	17.303993310000	1.172523340000	4.850384300000	43.404302440000	6.074373700000
4.869039624000	17.322037430000	1.169967691000	4.869039624000	43.401309480000	6.077636832000
4.887694948000	17.285943310000	1.174574996000	4.887694948000	43.402448090000	6.077147889000
4.906350272000	17.250849140000	1.178400426000	4.906350272000	43.400663350000	6.082521097000
4.925005597000	17.204141920000	1.183161200000	4.925005597000	43.403626500000	6.085619778000
4.943660921000	17.210115420000	1.183858069000	4.943660921000	43.403883430000	6.086194862000
4.962316245000	17.235012070000	1.181436296000	4.962316245000	43.404881570000	6.085156014000
4.980971569000	17.258346400000	1.181696806000	4.980971569000	43.403727780000	6.084513822000
4.999626894000	17.281081940000	1.178276224000	4.999626894000	43.401420930000	6.085152015000
5.018282218000	17.271013880000	1.181067478000	5.018282218000	43.404903300000	6.082772881000
5.036937542000	17.260493580000	1.180931218000	5.036937542000	43.399844510000	6.085873175000
5.055592866000	17.252066980000	1.180361520000	5.055592866000	43.404089770000	6.085992410000
5.074248190000	17.258888470000	1.175069699000	5.074248190000	43.406186900000	6.086071249000
5.092903515000	17.296279960000	1.174688106000	5.092903515000	43.408341270000	6.084559392000
5.111558839000	17.310691840000	1.174825065000	5.111558839000	43.404001250000	6.082202538000
5.130214163000	17.299175570000	1.176005416000	5.130214163000	43.404827120000	6.082530304000
5.148869487000	17.286429390000	1.175559166000	5.148869487000	43.402943460000	6.082743140000
5.167524812000	17.298400900000	1.165408923000	5.167524812000	43.406774770000	6.082838675000
5.186180136000	17.430131370000	1.137255819000	5.186180136000	43.409284260000	6.079157601000
5.204835460000	17.522083860000	1.124804129000	5.204835460000	43.405253790000	6.073946170000
5.223490784000	17.522426600000	1.123296873000	5.223490784000	43.403149550000	6.072687495000
5.242146108000	17.522410520000	1.120111724000	5.242146108000	43.402267590000	6.067007247000
5.260801433000	17.506238000000	1.124943274000	5.260801433000	43.404719570000	6.070153109000
5.279456757000	17.501480680000	1.120139473000	5.279456757000	43.408158060000	6.070782604000
5.298112081000	17.569149660000	1.111260518000	5.298112081000	43.406306710000	6.066376690000
5.316767405000	17.614089380000	1.123037619000	5.316767405000	43.401444520000	6.061032316000
5.335422730000	17.628375180000	1.129660541000	5.335422730000	43.400969640000	6.062955960000
5.354078054000	17.622652640000	1.125322003000	5.354078054000	43.400108960000	6.067623711000
5.372733378000	17.609662000000	1.119469806000	5.372733378000	43.407058090000	6.064387250000
5.391388702000	17.589125010000	1.124730341000	5.391388702000	43.407774810000	6.068762591000
5.410044027000	17.603010910000	1.130178511000	5.410044027000	43.407401330000	6.067585223000
5.428699351000	17.611681130000	1.133695123000	5.428699351000	43.405452730000	6.069767268000
5.447354675000	17.627793290000	1.134885512000	5.447354675000	43.407088990000	6.071007815000
5.466009999000	17.632725110000	1.137620360000	5.466009999000	43.407329380000	6.072858850000
5.484665323000	17.616479240000	1.136065050000	5.484665323000	43.409895310000	6.072349215000
5.503320648000	17.624780280000	1.136470411000	5.503320648000	43.409568960000	6.073026939000
5.521975972000	17.635774810000	1.136680795000	5.521975972000	43.409534830000	6.075931463000
5.540631296000	17.645075810000	1.135035485000	5.540631296000	43.410008020000	6.075309258000
5.559286620000	17.640516260000	1.133293359000	5.559286620000	43.410717800000	6.072373639000
5.577941945000	17.641533760000	1.134686086000	5.577941945000	43.412117000000	6.072193501000
5.596597269000	17.635958500000	1.136068852000	5.596597269000	43.409846740000	6.076278148000
5.615252593000	17.644554400000	1.135109741000	5.615252593000	43.413808030000	6.075609002000
5.633907917000	17.662631680000	1.131940257000	5.633907917000	43.412494740000	6.075015044000
5.652563242000	17.687037780000	1.126725036000	5.652563242000	43.411413020000	6.072579885000
5.671218566000	17.755672410000	1.120602844000	5.671218566000	43.410025650000	6.067742397000
5.689873890000	17.762463670000	1.124306697000	5.689873890000	43.405665860000	6.064817930000
5.708529214000	17.710975650000	1.130801240000	5.708529214000	43.405145790000	6.070487526000
5.727184538000	17.672270760000	1.132505754000	5.727184538000	43.405939290000	6.076748939000
5.745839863000	17.719818250000	1.122213390000	5.745839863000	43.409960300000	6.075508770000
5.764495187000	17.812669260000	1.107784026000	5.764495187000	43.412437300000	6.067870942000
5.783150511000	17.983290380000	1.081774083000	5.783150511000	43.397771650000	6.038982552000
5.801805835000	17.958046880000	1.088004673000	5.801805835000	43.387267670000	6.032573636000
5.820461160000	17.741061620000	1.130171936000	5.820461160000	43.362960760000	6.042660317000
5.839116484000	17.697501310000	1.132709794000	5.839116484000	43.362022280000	6.053445614000
5.857771808000	17.706901390000	1.130905452000	5.857771808000	43.405621390000	6.063077757000
5.876427132000	17.967662230000	1.103074514000	5.876427132000	43.400122890000	6.034729692000
5.895082457000	18.191221940000	1.056215476000	5.895082457000	43.394496050000	6.019609558000
5.913737781000	18.165457340000	1.067920052000	5.913737781000	43.376882810000	6.015930463000
5.932393105000	18.065483570000	1.081016859000	5.932393105000	43.366057090000	6.018977010000
5.951048429000	17.932875960000	1.097778468000	5.951048429000	43.358810020000	6.028192218000
5.969703753000	17.912836000000	1.113018870000	5.969703753000	43.387542450000	6.030845592000
5.988359078000	18.010741900000	1.096196252000	5.988359078000	43.398738970000	6.021641714000
6.007014402000	18.093361390000	1.073864183000	6.007014402000	43.392045690000	6.018643918000
6.025669726000	18.143309820000	1.065079159000	6.025669726000	43.376242440000	6.015323367000
6.044325050000	18.025221090000	1.087106205000	6.044325050000	43.356476040000	6.020327640000
6.062980375000	17.879823570000	1.109728474000	6.062980375000	43.359187260000	6.025965840000
6.081635699000	17.864808660000	1.118190821000	6.081635699000	43.383454420000	6.026891108000
6.100291023000	17.911007790000	1.109577132000	6.100291023000	43.390307970000	6.023244297000
6.118946347000	18.187850610000	1.072555450000	6.118946347000	43.368051850000	6.016089117000
6.137601672000	18.114992230000	1.088914292000	6.137601672000	43.358080070000	6.018200189000
6.156256996000	17.947617150000	1.114158560000	6.156256996000	43.363214000000	6.022515890000
6.174912320000	17.799097460000	1.171511934000	6.174912320000	43.369720290000	6.028412833000
6.193567644000	18.022294710000	1.155619195000	6.193567644000	43.372451740000	6.019953562000
6.212222968000	18.509198430000	1.116707832000	6.212222968000	43.376773170000	6.007365883000
6.230878293000	18.660697200000	1.077129805000	6.230878293000	43.387164280000	5.991886094000
6.249533617000	18.677386350000	1.102376873000	6.249533617000	43.392656740000	5.991281169000
6.268188941000	20.598947860000	1.050938202000	6.268188941000	43.406731370000	5.989702838000
			6.286844265000	43.423878370000	5.977376205000
			6.305499590000	43.433306260000	5.927144116000
			6.324154914000	43.412198840000	5.868808500000
			6.342810238000	43.392403880000	5.848034202000
			6.361465562000	43.407046630000	5.793659785000
			6.380120887000	43.438560990000	5.785079428000
			6.398776211000	43.457094810000	5.791957020000
			6.417431535000	43.458454810000	5.790356538000
			6.436086859000	43.441597100000	5.773417193000
			6.454742183000	43.433457430000	5.726030318000
			6.473397508000	43.469477880000	5.696857700000
			6.492052832000	43.489860590000	5.688041327000
			6.510708156000	43.523918000000	5.692248995000
			6.529363480000	43.506510690000	5.720877410000
			6.548018805000	43.530035570000	5.722469649000
			6.566674129000	43.533938230000	5.720654560000
			6.585329453000	43.548086060000	5.714494527000
			6.603984777000	43.568416880000	5.708403441000
			6.622640101000	43.581812440000	5.720412464000
			6.641295426000	43.626637120000	5.732398002000
			6.659950750000	43.626395730000	5.744331641000
			6.678606074000	43.621184430000	5.751532723000
			6.697261398000	43.619154260000	5.759799945000
			6.715916723000	43.621399030000	5.763900396000
			6.734572047000	43.620064580000	5.765435834000
			6.753227371000	43.617716530000	5.764038511000
			6.771882695000	43.615163560000	5.762502390000
			6.790538020000	43.610644940000	5.759403889000
			6.809193344000	43.616708430000	5.754658181000
			6.827848668000	43.620583140000	5.750386473000
			6.846503992000	43.622436350000	5.747013897000
			6.865159316000	43.621143360000	5.746873639000
			6.883814641000	43.621388450000	5.741439180000
			6.902469965000	43.614153510000	5.732117738000
			6.921125289000	43.594471610000	5.725538070000
			6.939780613000	43.591408250000	5.710237062000
			6.958435938000	43.594270610000	5.705836314000
			6.977091262000	43.593505890000	5.699769090000
