GMfasBEST			GMext		
t	x	y	t	x	y
0.00000000000	13.39732560000	2.23043059200	0.00000000000	4.45250672500	8.38595467600
0.05961251863	13.42492178000	2.23088095300	0.05961251863	4.45243835500	8.38515403500
0.11922503730	13.54190665000	2.21799679500	0.11922503730	4.45224342500	8.38512985700
0.17883755590	13.60129033000	2.20985387200	0.17883755590	4.45202823700	8.38519591100
0.23845007450	13.70411885000	2.19395631400	0.23845007450	4.45139519800	8.38510238900
0.29806259310	13.81730387000	2.18118914600	0.29806259310	4.45188580700	8.38526447400
0.35767511180	13.87485266000	2.17174432200	0.35767511180	4.45233136600	8.38502115800
0.41728763040	13.98418629000	2.16335794900	0.41728763040	4.45215561100	8.38561666600
0.47690014900	14.02233881000	2.15630359500	0.47690014900	4.45218394900	8.38519612600
0.53651266770	14.11904512000	2.15165990700	0.53651266770	4.45141680500	8.38539868700
0.59612518630	14.15152438000	2.15012060900	0.59612518630	4.45056883800	8.38557991600
0.65573770490	14.27455864000	2.14315928400	0.65573770490	4.45132334600	8.38545878600
0.71535022350	14.34993256000	2.13074225200	0.71535022350	4.45170566200	8.38482966000
0.77496274220	14.43352209000	2.12317668100	0.77496274220	4.45030530800	8.38481574800
0.83457526080	14.48562896000	2.11897790100	0.83457526080	4.45110170200	8.38501561800
0.89418777940	14.55146054000	2.10967780900	0.89418777940	4.45057172100	8.38506610500
0.95380029810	14.63221629000	2.10384368500	0.95380029810	4.45061925700	8.38528592700
1.01341281700	14.70339333000	2.09840431000	1.01341281700	4.44962803300	8.38504101900
1.07302533500	14.76838964000	2.08712465500	1.07302533500	4.44926425900	8.38387821100
1.13263785400	14.86498689000	2.08257584600	1.13263785400	4.44848603700	8.38452963100
1.19225037300	14.91604165000	2.07634344900	1.19225037300	4.44884080100	8.38485827200
1.25186289100	15.01328027000	2.07034804800	1.25186289100	4.44875457500	8.38451196700
1.31147541000	15.06897315000	2.05566790600	1.31147541000	4.44937976600	8.38436846700
1.37108792800	15.11735293000	2.04176866700	1.37108792800	4.44931422500	8.38373418500
1.43070044700	15.18335953000	2.03199861700	1.43070044700	4.44633594300	8.38399234200
1.49031296600	15.24472734000	2.02623656100	1.49031296600	4.44559459100	8.38425074700
1.54992548400	15.34102858000	2.01665137500	1.54992548400	4.44479586800	8.38337113500
1.60953800300	15.40102731000	2.01054419800	1.60953800300	4.44401118800	8.38593813600
1.66915052200	15.48958469000	2.01021765500	1.66915052200	4.44163529400	8.38476331100
1.72876304000	15.55576437000	2.00670999200	1.72876304000	4.44126736700	8.38552848400
1.78837555900	15.74020021000	2.00196646600	1.78837555900	4.43901477500	8.38582524400
1.84798807700	15.82934595000	2.01153478700	1.84798807700	4.44006296400	8.38526096200
1.90760059600	15.88305136000	2.01267352100	1.90760059600	4.44081252000	8.38498043200
1.96721311500	15.91603915000	2.01262884100	1.96721311500	4.44032892100	8.38462334100
2.02682563300	16.02409729000	1.99852820400	2.02682563300	4.43936033700	8.38525826900
2.08643815200	16.14908093000	1.98626911000	2.08643815200	4.44152739300	8.38540607400
2.14605067100	16.22127424000	1.97634072700	2.14605067100	4.43933194300	8.38530687900
2.20566318900	16.33909760000	1.95319039400	2.20566318900	4.43790096000	8.38612648900
2.26527570800	16.43156825000	1.93688572900	2.26527570800	4.44050512600	8.38589187200
2.32488822700	16.50652355000	1.92877921800	2.32488822700	4.43777889700	8.38577218500
2.38450074500	16.58030750000	1.92383860700	2.38450074500	4.43944468300	8.38617550200
2.44411326400	16.65515712000	1.91779203500	2.44411326400	4.43778567700	8.38598717400
2.50372578200	16.75304814000	1.91325077800	2.50372578200	4.43962051800	8.38682082200
2.56333830100	16.89357648000	1.89099021500	2.56333830100	4.44225075900	8.38643691300
2.62295082000	16.97096321000	1.88342590100	2.62295082000	4.44177298200	8.38621010800
2.68256333800	17.06522399000	1.87525653100	2.68256333800	4.43793891500	8.38639747000
2.74217585700	17.16401671000	1.86279059300	2.74217585700	4.43990311600	8.38452181700
2.80178837600	17.20301477000	1.86191946100	2.80178837600	4.43651615800	8.38699691000
2.86140089400	17.26007670000	1.84929867800	2.86140089400	4.43608570000	8.38695345800
2.92101341300	17.32026431000	1.84772743300	2.92101341300	4.43823251000	8.38735786700
2.98062593100	17.37696434000	1.84118516500	2.98062593100	4.43848607400	8.38674417600
3.04023845000	17.49111653000	1.83660586000	3.04023845000	4.43979047100	8.38614392300
3.09985096900	17.57241157000	1.82689385300	3.09985096900	4.44059135300	8.38723728200
3.15946348700	17.65135935000	1.81223145400	3.15946348700	4.43894809000	8.38738099100
3.21907600600	17.73132418000	1.80617640400	3.21907600600	4.43960951400	8.38595307000
3.27868852500	17.79421700000	1.79812014600	3.27868852500	4.44100248800	8.38614371800
3.33830104300	17.81913140000	1.80571966600	3.33830104300	4.43916775000	8.38622262400
3.39791356200	17.91867288000	1.79502891800	3.39791356200	4.43941285000	8.38698854600
3.45752608000	18.02136191000	1.78342636800	3.45752608000	4.43836991500	8.38641937300
3.51713859900	18.10202872000	1.77423486400	3.51713859900	4.43747289500	8.38793760200
3.57675111800	18.19493686000	1.75995753900	3.57675111800	4.43522928300	8.38664390600
3.63636363600	18.27605448000	1.75102347100	3.63636363600	4.43682177200	8.38671068400
3.69597615500	18.31794146000	1.73964723500	3.69597615500	4.43154793700	8.38816732000
3.75558867400	18.41172185000	1.73019545300	3.75558867400	4.43088197700	8.38757070500
3.81520119200	18.49851959000	1.72117958600	3.81520119200	4.42886509800	8.38785966000
3.87481371100	18.56011350000	1.71008240700	3.87481371100	4.42126888000	8.38761958300
3.93442623000	18.63232993000	1.70164580800	3.93442623000	4.42174214000	8.38479192700
3.99403874800	18.70402626000	1.69161518700	3.99403874800	4.42161312100	8.38473959600
4.05365126700	18.76630356000	1.68904344500	4.05365126700	4.42194790200	8.38499851000
4.11326378500	18.82079864000	1.68729769000	4.11326378500	4.42066539200	8.38496341700
4.17287630400	18.88085097000	1.68489313000	4.17287630400	4.42001861700	8.38487547300
4.23248882300	18.91080022000	1.69836850100	4.23248882300	4.41933096100	8.38352295200
4.29210134100	18.91905117000	1.69725652400	4.29210134100	4.41838125500	8.38345614400
4.35171386000	18.98584994000	1.69560764900	4.35171386000	4.41760984300	8.38383907800
4.41132637900	19.04661837000	1.69923945000	4.41132637900	4.41626674600	8.38362078300
4.47093889700	19.12496282000	1.70266757100	4.47093889700	4.41527600500	8.38344769900
4.53055141600	19.19516151000	1.69886052200	4.53055141600	4.41362268300	8.38392789400
4.59016393400	19.28381777000	1.69841353200	4.59016393400	4.41379179200	8.38366047900
4.64977645300	19.34231127000	1.69446746100	4.64977645300	4.41519688500	8.38280769200
4.70938897200	19.44762418000	1.68147219000	4.70938897200	4.41374069500	8.38275727000
4.76900149000	19.53431677000	1.67027948200	4.76900149000	4.41593295700	8.38234086400
4.82861400900	19.65502420000	1.65426170000	4.82861400900	4.41470325900	8.38186544800
4.88822652800	19.72993255000	1.64632521100	4.88822652800	4.41314762800	8.38223514400
4.94783904600	19.79483332000	1.63615216200	4.94783904600	4.41186383500	8.38161810500
5.00745156500	19.89595163000	1.62483979700	5.00745156500	4.41414118700	8.38180454900
5.06706408300	19.98549428000	1.61040872300	5.06706408300	4.41073760400	8.38223140700
5.12667660200	20.05373630000	1.60755197700	5.12667660200	4.41238061900	8.38195167700
5.18628912100	20.10609006000	1.60120838600	5.18628912100	4.41335467200	8.38047659100
5.24590163900	20.20177023000	1.59115056300	5.24590163900	4.41236848900	8.37907128800
5.30551415800	20.29221914000	1.57956894500	5.30551415800	4.41350688600	8.37931153900
5.36512667700	20.35288957000	1.57217838700	5.36512667700	4.40950836200	8.37879471800
5.42473919500	20.41794685000	1.56782040500	5.42473919500	4.40666917000	8.37681742500
5.48435171400	20.44411735000	1.56515760700	5.48435171400	4.40890677700	8.37755523000
5.54396423200	20.45508431000	1.56485797600	5.54396423200	4.40782966300	8.37781338700
5.60357675100	20.53489581000	1.55494241600	5.60357675100	4.40554480500	8.37815869600
5.66318927000	20.61856470000	1.54054662300	5.66318927000	4.39976897800	8.37903109400
5.72280178800	20.67105908000	1.53127073800	5.72280178800	4.39791004900	8.37931595300
5.78241430700	20.67100989000	1.53153022200	5.78241430700	4.40188440800	8.37875280100
5.84202682600	20.70969958000	1.52830508900	5.84202682600	4.39686814500	8.37757223800
5.90163934400	20.74596612000	1.52515611800	5.90163934400	4.39969262400	8.37878952400
5.96125186300	20.74636343000	1.52622346300	5.96125186300	4.39884186100	8.37969486100
6.02086438200	20.80666501000	1.51847458700	6.02086438200	4.39864895700	8.37787717200
6.08047690000	20.86039819000	1.51297220600	6.08047690000	4.39881289200	8.37761933700
6.14008941900	20.91621877000	1.50658910800	6.14008941900	4.40286249300	8.37764018500
6.19970193700	20.97765780000	1.50131853000	6.19970193700	4.39828945700	8.37760443000
6.25931445600	21.05591838000	1.48951088300	6.25931445600	4.39523946400	8.37751827200
6.31892697500	21.09605519000	1.48365085900	6.31892697500	4.39802171100	8.37736124200
6.37853949300	21.11623016000	1.48113455200	6.37853949300	4.39346850400	8.37830065800
6.43815201200	21.22069492000	1.47143214600	6.43815201200	4.39531181100	8.37609293000
6.49776453100	21.26661020000	1.46065549500	6.49776453100	4.39341683400	8.37636125000
6.55737704900	21.30086192000	1.45637402300	6.55737704900	4.39919171800	8.37826607000
6.61698956800	21.39187101000	1.44016782400	6.61698956800	4.39130415400	8.37962564500
6.67660208600	21.43832355000	1.42944028400	6.67660208600	4.38951581200	8.37844534900
6.73621460500	21.53297268000	1.41768722400	6.73621460500	4.38973159900	8.37853167100
6.79582712400	21.59274273000	1.40710937500	6.79582712400	4.38804948600	8.37863191500
6.85543964200	21.65771118000	1.40484595100	6.85543964200	4.39433353400	8.37763559800
6.91505216100	21.70062376000	1.40578244500	6.91505216100	4.38477503300	8.37752292100
6.97466468000	21.74212358000	1.40653375600	6.97466468000	4.38046919800	8.37984042100
7.03427719800	21.81959038000	1.39743868200	7.03427719800	4.37413938200	8.37965187800
7.09388971700	21.89636753000	1.39039701800	7.09388971700	4.35391422400	8.38199732100
7.15350223500	21.95274060000	1.38670908400	7.15350223500	4.35483175500	8.38070719000
7.21311475400	22.02012076000	1.38259406100	7.21311475400	4.35930286200	8.38028815500
7.27272727300	22.10961659000	1.37449409800	7.27272727300	4.35161520500	8.37879979600
7.33233979100	22.18069447000	1.36299177100	7.33233979100	4.35159842700	8.38176066600
7.39195231000	22.30125988000	1.34675720500	7.39195231000	4.34777175900	8.38127821800
7.45156482900	22.40529292000	1.33588182200	7.45156482900	4.34061733600	8.38277091400
7.51117734700	22.54668700000	1.32108853000	7.51117734700	4.33469994700	8.38693867900
7.57078986600	22.62537929000	1.31385456200	7.57078986600	4.33660196300	8.38564894300
7.63040238500	22.75127607000	1.29646675400	7.63040238500	4.32792646500	8.38665282400
7.69001490300	22.78760199000	1.29350946700	7.69001490300	4.32234228400	8.38908407400
7.74962742200	22.83901099000	1.28997222900	7.74962742200	4.31837820200	8.39090141000
7.80923994000	22.92264456000	1.28103817100	7.80923994000	4.31313536800	8.39187312200
7.86885245900	22.97731109000	1.27403937100	7.86885245900	4.30533544600	8.39297998900
7.92846497800	23.05069356000	1.26333597500	7.92846497800	4.29650836900	8.39528728700
7.98807749600	23.10509994000	1.25374169500	7.98807749600	4.29057795200	8.39716491500
8.04769001500	23.16896358000	1.24270193500	8.04769001500	4.28292682900	8.39799387600
8.10730253400	23.32508373000	1.22463132400	8.10730253400	4.27573530400	8.39892761200
8.16691505200	23.43568913000	1.21184023800	8.16691505200	4.26979595400	8.40048931000
8.22652757100	23.48822895000	1.20505765000	8.22652757100	4.26840991800	8.40140677500
8.28614008900	23.57854811000	1.19266700000	8.28614008900	4.26280664400	8.40193061100
8.34575260800	23.63391402000	1.18943800500	8.34575260800	4.26011122300	8.40353323900
8.40536512700	23.71478453000	1.17891575800	8.40536512700	4.26247135600	8.40280518500
8.46497764500	23.75203010000	1.17392385600	8.46497764500	4.26004920700	8.40404609800
8.52459016400	23.81590837000	1.16816191600	8.52459016400	4.25923417500	8.40428242800
8.58420268300	23.90113894000	1.15867372700	8.58420268300	4.24999640300	8.40507146800
8.64381520100	23.92818743000	1.15467111600	8.64381520100	4.25419280500	8.40535444100
8.70342772000	23.96813539000	1.15316807600	8.70342772000	4.24173765300	8.40852820000
8.76304023800	24.04673686000	1.14455278200	8.76304023800	4.24614960200	8.40545476900
8.82265275700	24.16996307000	1.12795808000	8.82265275700	4.24151334400	8.40994854600
8.88226527600	24.19175813000	1.12695077600	8.88226527600	4.22901708600	8.41223074000
8.94187779400	24.22052709000	1.12310212500	8.94187779400	4.23883332900	8.40899750300
9.00149031300	24.29364550000	1.11648051100	9.00149031300	4.22984192700	8.41196413600
9.06110283200	24.37166061000	1.10940336800	9.06110283200	4.22424634800	8.41303607000
9.12071535000	24.40706221000	1.10955365800	9.12071535000	4.22778440800	8.41249319300
9.18032786900	24.46033748000	1.10180213300	9.18032786900	4.22130142200	8.41382570000
9.23994038700	24.51022469000	1.09601936200	9.23994038700	4.22131862900	8.41234198000
9.29955290600	24.54713536000	1.09601151700	9.29955290600	4.22287164800	8.41223094200
9.35916542500	24.56554825000	1.10241308400	9.35916542500	4.22256582000	8.41195026300
9.41877794300	24.68162822000	1.08023488200	9.41877794300	4.22290669900	8.41163725200
9.47839046200	24.74397017000	1.07370446000	9.47839046200	4.22209806100	8.41110335500
9.53800298100	24.80532944000	1.06403151400	9.53800298100	4.21921155600	8.41155898400
9.59761549900	24.89881232000	1.04378536900	9.59761549900	4.21964916400	8.41151605700
9.65722801800	24.96550001000	1.03394561900	9.65722801800	4.22233622500	8.41200723200
9.71684053700	25.00915977000	1.03643647600	9.71684053700	4.21905364700	8.41046885400
9.77645305500	25.07168234000	1.02693634700	9.77645305500	4.21773792900	8.41049750900
9.83606557400	25.15462095000	1.01828650100	9.83606557400	4.22019326600	8.41267703300
9.89567809200	25.21007268000	1.00850334500	9.89567809200	4.22220592700	8.41220962000
9.95529061100	25.26221648000	1.00207777900	9.95529061100	4.22662666300	8.41140978800
10.01490313000	25.32478723000	0.99061246770	10.01490313000	4.22484194100	8.40975575500
10.07451565000	25.37503502000	0.98391262730	10.07451565000	4.22383611700	8.40665790000
10.13412817000	25.45744680000	0.97270776010	10.13412817000	4.22425440900	8.40575224100
10.19374069000	25.52277760000	0.96454129700	10.19374069000	4.22009903600	8.40534947700
10.25335320000	25.57956628000	0.95424026890	10.25335320000	4.21895607800	8.40609888700
10.31296572000	25.65276209000	0.94424119520	10.31296572000	4.22330608600	8.40672968200
10.37257824000	25.68439166000	0.94313484450	10.37257824000	4.22691068200	8.40538235200
10.43219076000	25.72434396000	0.93904438650	10.43219076000	4.22355067400	8.40598065200
10.49180328000	25.80800239000	0.93113123670	10.49180328000	4.22068591500	8.40601009200
10.55141580000	25.89532864000	0.92267326050	10.55141580000	4.22068534800	8.40682498400
10.61102832000	25.95625110000	0.91052730600	10.61102832000	4.21753903200	8.40649498600
10.67064083000	25.99847234000	0.91076628690	10.67064083000	4.21662173700	8.40853465500
10.73025335000	26.08174055000	0.89774211240	10.73025335000	4.21765080000	8.40806497000
10.78986587000	26.13824056000	0.89927254690	10.78986587000	4.21817000800	8.40781130300
10.84947839000	26.20551456000	0.89178058040	10.84947839000	4.21329809000	8.40744762300
10.90909091000	26.24524673000	0.88519400870	10.90909091000	4.21537462400	8.40750996900
10.96870343000	26.34839119000	0.87591765360	10.96870343000	4.21295373000	8.40547927700
11.02831595000	26.31824576000	0.87478320650	11.02831595000	4.21435548000	8.40505949500
11.08792846000	26.29864272000	0.88069730470	11.08792846000	4.21098924600	8.40695005600
11.14754098000	26.29219925000	0.88214062770	11.14754098000	4.21111012100	8.40660174300
11.20715350000	26.27627868000	0.88848492420	11.20715350000	4.21064064100	8.40768421500
11.26676602000	26.29618328000	0.88211504710	11.26676602000	4.21292434200	8.40801699800
11.32637854000	26.29578100000	0.88181365280	11.32637854000	4.21523997600	8.40867639400
11.38599106000	26.29941536000	0.88263765320	11.38599106000	4.21864432700	8.40806397400
11.44560358000	26.31604842000	0.87857056220	11.44560358000	4.22102995700	8.40923026700
11.50521610000	26.32155435000	0.87744319350	11.50521610000	4.22159657200	8.40910796000
11.56482861000	26.30909114000	0.87893699760	11.56482861000	4.22187834600	8.41064465400
11.62444113000	26.30333064000	0.88027364670	11.62444113000	4.22050430800	8.41055829800
11.68405365000	26.30577333000	0.87995045340	11.68405365000	4.22073123400	8.41105937900
11.74366617000	26.30242308000	0.87811314120	11.74366617000	4.22364202300	8.40898786700
11.80327869000	26.30210476000	0.87574803610	11.80327869000	4.22497608300	8.41205011400
11.86289121000	26.32796162000	0.86943226560	11.86289121000	4.22164849000	8.41185454500
11.92250373000	26.37148981000	0.85921239390	11.92250373000	4.22671745300	8.41115088800
11.98211624000	26.37686272000	0.85616446630	11.98211624000	4.22672050200	8.41185138500
12.04172876000	26.35785991000	0.85418927510	12.04172876000	4.22548866300	8.41122071000
12.10134128000	26.34151862000	0.85940844620	12.10134128000	4.22256084800	8.41207306800
12.16095380000	26.28354816000	0.86379214180	12.16095380000	4.22151821700	8.41206656000
12.22056632000	26.21863055000	0.87967155790	12.22056632000	4.22523138500	8.41191109700
12.28017884000	26.13881372000	0.88435299250	12.28017884000	4.21813180900	8.41278597600
12.33979136000	26.04828820000	0.89694179110	12.33979136000	4.22179018700	8.41148711700
12.39940387000	25.99838242000	0.90348572450	12.39940387000	4.22042959900	8.41306018700
12.45901639000	25.93788356000	0.90654712610	12.45901639000	4.22349053900	8.41063111600
12.51862891000	25.85865273000	0.90780125250	12.51862891000	4.21999312700	8.41160588000
12.57824143000	25.75735735000	0.91566723140	12.57824143000	4.21896431000	8.41233939400
12.63785395000	25.62894326000	0.92534239350	12.63785395000	4.21969718700	8.41186197300
12.69746647000	25.59627088000	0.93204535930	12.69746647000	4.21645037400	8.41307316000
12.75707899000	25.52556419000	0.94323062200	12.75707899000	4.21850592900	8.41230598700
12.81669151000	25.45593384000	0.94243924150	12.81669151000	4.21915929500	8.41132017600
12.87630402000	25.39405046000	0.94327038560	12.87630402000	4.21753555800	8.41277997100
12.93591654000	25.35857116000	0.95503456730	12.93591654000	4.21977353400	8.41153826800
12.99552906000	25.27788955000	0.97380699000	12.99552906000	4.21888869600	8.41246805800
13.05514158000	25.23342222000	0.98226710810	13.05514158000	4.22079717500	8.41282647600
13.11475410000	25.16389683000	0.98653005000	13.11475410000	4.21907450400	8.41210487200
13.17436662000	25.11973347000	0.99641651470	13.17436662000	4.21921502100	8.41268878700
13.23397914000	25.05442820000	1.00889401200	13.23397914000	4.21765859000	8.41281104200
13.29359165000	24.97451102000	1.02421069700	13.29359165000	4.21892278800	8.41248071600
13.35320417000	24.91333496000	1.02837781400	13.35320417000	4.21974171300	8.41250383500
13.41281669000	24.87834276000	1.02694699500	13.41281669000	4.21848604000	8.41251297900
13.47242921000	24.79875180000	1.03897399700	13.47242921000	4.21975332200	8.41352476900
13.53204173000	24.73596449000	1.04683672700	13.53204173000	4.22002893800	8.41335727200
13.59165425000	24.67775657000	1.04591920800	13.59165425000	4.21817739400	8.41335378500
13.65126677000	24.57679874000	1.06457211000	13.65126677000	4.21833229600	8.41263286200
13.71087928000	24.50639998000	1.07340386500	13.71087928000	4.21901215500	8.41287627100
13.77049180000	24.45779389000	1.07859742900	13.77049180000	4.21873863800	8.41270473400
13.83010432000	24.38260296000	1.09005589900	13.83010432000	4.21877468200	8.41309288400
13.88971684000	24.29062959000	1.10170225000	13.88971684000	4.21722009600	8.41238332900
13.94932936000	24.19216660000	1.11423408300	13.94932936000	4.21768531100	8.41340885500
14.00894188000	24.15613118000	1.11565996800	14.00894188000	4.21859395300	8.41247017600
14.06855440000	24.08759119000	1.11823652900	14.06855440000	4.21690356800	8.41259065400
14.12816692000	24.04577639000	1.12798664800	14.12816692000	4.21719148600	8.41285003100
14.18777943000	23.97847330000	1.13715042900	14.18777943000	4.21567077800	8.41340574100
14.24739195000	23.91322942000	1.14742818500	14.24739195000	4.21606271000	8.41311547800
14.30700447000	23.83143571000	1.15844516300	14.30700447000	4.21570683900	8.41297441300
14.36661699000	23.77152559000	1.16497580600	14.36661699000	4.21742698000	8.41247664600
14.42622951000	23.71999682000	1.17040769800	14.42622951000	4.21375044400	8.41332431100
14.48584203000	23.64570098000	1.17909348500	14.48584203000	4.21484027700	8.41215093500
14.54545455000	23.53561887000	1.19373933500	14.54545455000	4.21644490900	8.41236504400
14.60506706000	23.46328629000	1.20078705600	14.60506706000	4.21761389700	8.41240951600
14.66467958000	23.39751542000	1.20622328100	14.66467958000	4.21721627600	8.41267203200
14.72429210000	23.36867782000	1.20996120700	14.72429210000	4.21682462100	8.41262168500
14.78390462000	23.32810086000	1.21226843400	14.78390462000	4.21605582600	8.41224360300
14.84351714000	23.26308291000	1.22255244500	14.84351714000	4.21828147700	8.41225815500
14.90312966000	23.19376951000	1.22643539800	14.90312966000	4.21718313800	8.41240067300
14.96274218000	23.12381809000	1.23559851200	14.96274218000	4.21685190500	8.41206656000
15.02235469000	23.04737692000	1.24387369600	15.02235469000	4.21837034600	8.41202535500
15.08196721000	22.97742870000	1.25265835500	15.08196721000	4.21843388500	8.41180329000
15.14157973000	22.91647358000	1.25745474900	15.14157973000	4.21716076100	8.41200387600
15.20119225000	22.85331939000	1.26356688200	15.20119225000	4.21812427100	8.41216134500
15.26080477000	22.83594719000	1.26383594400	15.26080477000	4.21945463800	8.41183974100
15.32041729000	22.75653700000	1.27469482500	15.32041729000	4.21941469200	8.41215350500
15.38002981000	22.66437871000	1.27685820400	15.38002981000	4.21840178800	8.41207438200
15.43964232000	22.63130883000	1.28130599100	15.43964232000	4.22094782300	8.41260428800
15.49925484000	22.50773474000	1.29832897300	15.49925484000	4.21883342100	8.41279998400
15.55886736000	22.40121453000	1.31024743500	15.55886736000	4.21945388900	8.41213465700
15.61847988000	22.32767290000	1.31838950200	15.61847988000	4.21928761700	8.41251513300
15.67809240000	22.29263161000	1.32323902500	15.67809240000	4.21857785000	8.41293224600
15.73770492000	22.20152756000	1.33473458200	15.73770492000	4.21980437300	8.41241911200
15.79731744000	22.15992465000	1.33116510700	15.79731744000	4.22236552700	8.41273707100
15.85692996000	22.06060643000	1.34175215200	15.85692996000	4.21854693100	8.41291377000
15.91654247000	21.97185959000	1.33974117400	15.91654247000	4.22127308000	8.41272534000
15.97615499000	21.91098597000	1.33742651500	15.97615499000	4.21889485200	8.41296163200
16.03576751000	21.86076256000	1.33710604800	16.03576751000	4.21826931700	8.41242998600
16.09538003000	21.70635206000	1.34528547500	16.09538003000	4.21966548600	8.41258935600
16.15499255000	21.57689761000	1.36030057300	16.15499255000	4.21900764300	8.41284033600
16.21460507000	21.51443489000	1.36182747600	16.21460507000	4.21640844300	8.41356773500
16.27421759000	21.41386212000	1.37266713500	16.27421759000	4.21921993500	8.41177618700
16.33383010000	21.38103249000	1.37483007800	16.33383010000	4.22042116500	8.41190158600
16.39344262000	21.31988976000	1.38737220400	16.39344262000	4.21847515000	8.41311766400
16.45305514000	21.22428568000	1.39662177400	16.45305514000	4.22012454400	8.41201946800
16.51266766000	21.20514099000	1.38618180300	16.51266766000	4.21943172500	8.41307515000
16.57228018000	21.07442106000	1.40460125700	16.57228018000	4.22127523000	8.41265737900
16.63189270000	20.93840112000	1.42104195400	16.63189270000	4.22178667000	8.41263139500
16.69150522000	20.89294751000	1.41403536000	16.69150522000	4.22099870400	8.41189497500
16.75111773000	20.83066729000	1.41086039600	16.75111773000	4.21927649000	8.41254246100
16.81073025000	20.76335456000	1.41329173600	16.81073025000	4.21830515400	8.41278717600
16.87034277000	20.64596576000	1.41865453600	16.87034277000	4.22237499100	8.41237148000
16.92995529000	20.58206526000	1.41722306800	16.92995529000	4.22306960200	8.41191639500
16.98956781000	20.45095552000	1.41490935000	16.98956781000	4.22021470600	8.41240592800
17.04918033000	20.41326303000	1.41326930000	17.04918033000	4.22262908900	8.41193544700
17.10879285000	20.33915663000	1.41210517200	17.10879285000	4.21812609500	8.41274612900
17.16840537000	20.29088234000	1.41401920400	17.16840537000	4.21979761400	8.41230388000
17.22801788000	20.21075949000	1.42332635500	17.22801788000	4.22198327600	8.41203160200
17.28763040000	20.06428071000	1.43922350900	17.28763040000	4.22104022900	8.41216401400
17.34724292000	20.04687139000	1.44855227100	17.34724292000	4.22191481500	8.41214720600
17.40685544000	20.01830486000	1.45258199100	17.40685544000	4.22029299000	8.41200801200
17.46646796000	19.96633634000	1.46108033900	17.46646796000	4.22211817800	8.41152223900
17.52608048000	19.86962631000	1.46620714600	17.52608048000	4.22154218600	8.41140354400
17.58569300000	19.75859729000	1.47992126000	17.58569300000	4.21937197600	8.41208409900
17.64530551000	19.70919350000	1.48229568000	17.64530551000	4.21637986700	8.41277653700
17.70491803000	19.61234235000	1.49956839000	17.70491803000	4.22123375600	8.41210084100
17.76453055000	19.47534855000	1.50753093100	17.76453055000	4.22163321900	8.41176009900
17.82414307000	19.40855667000	1.51139670200	17.82414307000	4.21767358300	8.41194037600
17.88375559000	19.28001398000	1.52921505200	17.88375559000	4.21811077000	8.41233320400
17.94336811000	19.16523059000	1.55237932900	17.94336811000	4.22005112700	8.41187255300
18.00298063000	19.09470204000	1.55177130400	18.00298063000	4.21826874800	8.41186787100
18.06259314000	19.02844900000	1.55515855000	18.06259314000	4.21854882100	8.41146364300
18.12220566000	18.87766668000	1.57463740400	18.12220566000	4.21816014000	8.41183862400
18.18181818000	18.84226248000	1.58656007300	18.18181818000	4.21840728600	8.41205144300
18.24143070000	18.76492306000	1.58288849100	18.24143070000	4.21943655300	8.41225085400
18.30104322000	18.68584431000	1.59286070700	18.30104322000	4.21903132500	8.41134509800
18.36065574000	18.59188107000	1.59515177100	18.36065574000	4.21853275300	8.41156639100
18.42026826000	18.57718789000	1.57291681900	18.42026826000	4.21983017200	8.41180866000
18.47988077000	18.54133332000	1.57443472500	18.47988077000	4.21761133400	8.41248789500
18.53949329000	18.43157855000	1.57264917400	18.53949329000	4.21920830100	8.41187876400
18.59910581000	18.33516556000	1.57862878100	18.59910581000	4.21909707200	8.41270825000
18.65871833000	18.24378414000	1.58285282600	18.65871833000	4.21823420000	8.41182951500
18.71833085000	18.05222982000	1.56166114000	18.71833085000	4.21884389100	8.41298756200
18.77794337000	18.03806793000	1.55605698900	18.77794337000	4.21878150100	8.41183791400
18.83755589000	18.00124100000	1.54916645800	18.83755589000	4.21716819300	8.41288843700
18.89716841000	17.88632527000	1.56115967800	18.89716841000	4.21683175400	8.41207606800
18.95678092000	17.82526431000	1.56462025800	18.95678092000	4.21771440500	8.41272071300
19.01639344000	17.70816941000	1.56719952300	19.01639344000	4.21874694800	8.41185892600
19.07600596000	17.53688600000	1.58338922700	19.07600596000	4.21729708600	8.41304485600
19.13561848000	17.44390120000	1.59046103900	19.13561848000	4.21862794000	8.41130975100
19.19523100000	17.32843876000	1.60689813300	19.19523100000	4.21925450600	8.41115978500
19.25484352000	17.25867892000	1.61203005900	19.25484352000	4.21994158800	8.41180960400
19.31445604000	17.22577435000	1.60643713200	19.31445604000	4.22006974000	8.41165839000
19.37406855000	17.04357164000	1.60810076300	19.37406855000	4.21637246700	8.41330848000
19.43368107000	16.93504271000	1.60500782100	19.43368107000	4.22168473900	8.41138710900
19.49329359000	16.82715203000	1.62117498300	19.49329359000	4.22101681800	8.41225463800
19.55290611000	16.75034045000	1.62988979100	19.55290611000	4.21998802400	8.41268290000
19.61251863000	16.61003906000	1.63134606800	19.61251863000	4.22001678800	8.41233360200
19.67213115000	16.59050106000	1.64491736300	19.67213115000	4.21680643300	8.41311605800
19.73174367000	16.46653908000	1.64150203300	19.73174367000	4.21916995300	8.41143929100
19.79135618000	16.41757999000	1.65001486900	19.79135618000	4.21995270400	8.41288908600
19.85096870000	16.26229553000	1.65018020000	19.85096870000	4.21778289900	8.41309508800
19.91058122000	16.22728922000	1.66586786900	19.91058122000	4.21835347800	8.41173895400
19.97019374000	16.12020361000	1.68619648900	19.97019374000	4.21702895600	8.41217087100
20.02980626000	15.98183199000	1.69610922800	20.02980626000	4.21911349500	8.41170363300
20.08941878000	15.97842542000	1.68804699600	20.08941878000	4.21808532500	8.41167770000
20.14903130000	15.95411147000	1.69496054300	20.14903130000	4.22098151000	8.41100272900
20.20864382000	15.88459576000	1.70787819300	20.20864382000	4.22095182300	8.41182994000
20.26825633000	15.80738513000	1.72265039000	20.26825633000	4.21770068700	8.41286817200
20.32786885000	15.68661893000	1.73238193000	20.32786885000	4.22078216500	8.41110731400
20.38748137000	15.60502862000	1.74515172000	20.38748137000	4.21849633700	8.41201608900
20.44709389000	15.52106797000	1.76127640900	20.44709389000	4.22012735100	8.41143945600
20.50670641000	15.44434708000	1.77093638000	20.50670641000	4.22030214000	8.41152767300
20.56631893000	15.36359680000	1.77578135400	20.56631893000	4.21918246100	8.41217582000
20.62593145000	15.26272126000	1.77077981400	20.62593145000	4.22027175900	8.41155843900
20.68554396000	15.18697857000	1.78706304100	20.68554396000	4.21601596400	8.41293935500
20.74515648000	15.10713714000	1.80300823300	20.74515648000	4.22134639500	8.41277778600
20.80476900000	15.00941524000	1.81091221100	20.80476900000	4.21963234200	8.41237530700
20.86438152000	14.90244832000	1.81848654100	20.86438152000	4.22198487300	8.41209702200
20.92399404000	14.81272365000	1.81912857400	20.92399404000	4.22248813300	8.41186984100
20.98360656000	14.73736349000	1.83313990400	20.98360656000	4.21790944600	8.41279151400
21.04321908000	14.69370038000	1.83998439900	21.04321908000	4.22082075500	8.41194052500
21.10283159000	14.64030646000	1.84404379400	21.10283159000	4.21905894800	8.41256841400
21.16244411000	14.54027465000	1.85106093200	21.16244411000	4.22091483200	8.41228042600
21.22205663000	14.47374977000	1.85844494300	21.22205663000	4.21949981800	8.41310958300
21.28166915000	14.40055672000	1.87373930200	21.28166915000	4.21938870600	8.41252132200
21.34128167000	14.32894051000	1.88699807700	21.34128167000	4.21857674300	8.41273797000
			21.40089419000	4.22242717200	8.41237668700
			21.46050671000	4.22178919100	8.41221908400
			21.52011923000	4.21841023200	8.41367710800
			21.57973174000	4.22249543800	8.41415356700
			21.63934426000	4.21887413600	8.41371008300
			21.69895678000	4.22049773500	8.41422554700
			21.75856930000	4.22076208200	8.41361643400
			21.81818182000	4.22094921000	8.41300478400
			21.87779434000	4.22150825100	8.41321767600
			21.93740686000	4.22067628700	8.41293669800
			21.99701937000	4.22199491100	8.41361930600
			22.05663189000	4.21954499500	8.41239570700
			22.11624441000	4.22157628900	8.41253334800
			22.17585693000	4.22050628500	8.41289862400
			22.23546945000	4.22094353300	8.41339550200
			22.29508197000	4.22052615500	8.41234977300
			22.35469449000	4.21969433900	8.41288895000
			22.41430700000	4.21961145800	8.41282580700
			22.47391952000	4.22032597000	8.41224918700
			22.53353204000	4.21947889800	8.41246784400
			22.59314456000	4.21673690500	8.41303924000
			22.65275708000	4.21888738200	8.41275135600
			22.71236960000	4.22051608200	8.41220455500
			22.77198212000	4.21913188300	8.41280733200
			22.83159463000	4.21903565500	8.41223831600
			22.89120715000	4.22081361900	8.41324851700
			22.95081967000	4.22054090600	8.41326455800
