CALbump			CALext		
t	x	y	t	x	y
0.000000000000	12.602621170000	7.051466607000	0.000000000000	-12.902683580000	14.703058030000
0.018551843130	12.600683280000	7.050901085000	0.018551843130	-12.899881800000	14.700593720000
0.037103686250	12.598647670000	7.050130726000	0.037103686250	-12.899904340000	14.701662560000
0.055655529380	12.600244840000	7.050812258000	0.055655529380	-12.899031540000	14.700475360000
0.074207372500	12.600684520000	7.051190312000	0.074207372500	-12.899881680000	14.701909580000
0.092759215630	12.600165240000	7.051094164000	0.092759215630	-12.900100350000	14.701157080000
0.111311058800	12.600240370000	7.050472623000	0.111311058800	-12.900452250000	14.701784470000
0.129862901900	12.600705620000	7.050562544000	0.129862901900	-12.900114700000	14.701890930000
0.148414745000	12.602089840000	7.051267095000	0.148414745000	-12.900114720000	14.701858210000
0.166966588100	12.600422500000	7.051535142000	0.166966588100	-12.899833350000	14.701834470000
0.185518431300	12.600893510000	7.050521324000	0.185518431300	-12.900225580000	14.701441090000
0.204070274400	12.601306010000	7.050809935000	0.204070274400	-12.899108200000	14.701717150000
0.222622117500	12.601231110000	7.051132704000	0.222622117500	-12.899448050000	14.701510800000
0.241173960600	12.600857420000	7.051658113000	0.241173960600	-12.898589830000	14.701570740000
0.259725803800	12.601160250000	7.051349841000	0.259725803800	-12.898555360000	14.701037460000
0.278277646900	12.601230160000	7.051145558000	0.278277646900	-12.899917140000	14.701508810000
0.296829490000	12.599894640000	7.050491058000	0.296829490000	-12.899606500000	14.700964200000
0.315381333100	12.600743120000	7.050909559000	0.315381333100	-12.898961310000	14.701278650000
0.333933176300	12.600431070000	7.051218706000	0.333933176300	-12.897626090000	14.701045580000
0.352485019400	12.599842400000	7.050950908000	0.352485019400	-12.898672990000	14.700895930000
0.371036862500	12.599016020000	7.050575494000	0.371036862500	-12.899962190000	14.701123880000
0.389588705600	12.599599420000	7.050415062000	0.389588705600	-12.900446390000	14.702186600000
0.408140548800	12.600063770000	7.050705754000	0.408140548800	-12.899137050000	14.701060670000
0.426692391900	12.599856250000	7.051258285000	0.426692391900	-12.898701830000	14.700833200000
0.445244235000	12.600402810000	7.051268256000	0.445244235000	-12.897422610000	14.701237640000
0.463796078100	12.600455250000	7.051127448000	0.463796078100	-12.898131870000	14.700993290000
0.482347921300	12.600167650000	7.051232219000	0.482347921300	-12.899145120000	14.701340290000
0.500899764400	12.600580710000	7.052066430000	0.500899764400	-12.897291110000	14.700635700000
0.519451607500	12.600777830000	7.052250348000	0.519451607500	-12.897260150000	14.700399180000
0.538003450600	12.600543990000	7.052403332000	0.538003450600	-12.898164320000	14.700978470000
0.556555293800	12.600396450000	7.051812201000	0.556555293800	-12.898812720000	14.700978150000
0.575107136900	12.600089520000	7.051893330000	0.575107136900	-12.897547420000	14.700683860000
0.593658980000	12.598434540000	7.052051720000	0.593658980000	-12.897457240000	14.700536080000
0.612210823100	12.598575260000	7.051957324000	0.612210823100	-12.898608340000	14.701162920000
0.630762666300	12.599020070000	7.051641113000	0.630762666300	-12.895257220000	14.700570840000
0.649314509400	12.599326770000	7.051076585000	0.649314509400	-12.897325360000	14.700723800000
0.667866352500	12.597851810000	7.051170212000	0.667866352500	-12.897373970000	14.700875150000
0.686418195600	12.597298250000	7.051084579000	0.686418195600	-12.898270240000	14.701094590000
0.704970038800	12.597115900000	7.050489440000	0.704970038800	-12.897464320000	14.700843540000
0.723521881900	12.595253270000	7.050137604000	0.723521881900	-12.896731450000	14.701181240000
0.742073725000	12.592075020000	7.049944789000	0.742073725000	-12.895679820000	14.702349650000
0.760625568200	12.591684260000	7.050121539000	0.760625568200	-12.897398240000	14.701660990000
0.779177411300	12.593781920000	7.050165593000	0.779177411300	-12.897181260000	14.702488590000
0.797729254400	12.592367470000	7.050067501000	0.797729254400	-12.899162820000	14.702187170000
0.816281097500	12.594134930000	7.049944033000	0.816281097500	-12.896420750000	14.701974520000
0.834832940700	12.594310610000	7.050095177000	0.834832940700	-12.898338610000	14.702421720000
0.853384783800	12.595361860000	7.050295209000	0.853384783800	-12.898796130000	14.701257090000
0.871936626900	12.596535000000	7.050215802000	0.871936626900	-12.898531490000	14.702270850000
0.890488470000	12.597150440000	7.050314620000	0.890488470000	-12.899304130000	14.702123880000
0.909040313200	12.596928140000	7.050159658000	0.909040313200	-12.898068350000	14.701879050000
0.927592156300	12.596571470000	7.050478848000	0.927592156300	-12.897591700000	14.702294840000
0.946143999400	12.597188410000	7.050498176000	0.946143999400	-12.896814000000	14.701881720000
0.964695842500	12.597149870000	7.050417152000	0.964695842500	-12.896036000000	14.701551160000
0.983247685700	12.597058380000	7.050481109000	0.983247685700	-12.896233220000	14.701815210000
1.001799529000	12.597537400000	7.050421917000	1.001799529000	-12.898185970000	14.701958100000
1.020351372000	12.598457500000	7.050798644000	1.020351372000	-12.897200630000	14.702756850000
1.038903215000	12.597007990000	7.050875033000	1.038903215000	-12.897669360000	14.702456940000
1.057455058000	12.596018230000	7.050715626000	1.057455058000	-12.897607130000	14.701567250000
1.076006901000	12.596923220000	7.050511880000	1.076006901000	-12.896999410000	14.702752760000
1.094558744000	12.596462940000	7.050545520000	1.094558744000	-12.895247080000	14.702332770000
1.113110588000	12.596702100000	7.050858515000	1.113110588000	-12.897766830000	14.702371020000
1.131662431000	12.597012300000	7.050810116000	1.131662431000	-12.895337630000	14.702438790000
1.150214274000	12.597361740000	7.050610042000	1.150214274000	-12.898215780000	14.702425990000
1.168766117000	12.598329740000	7.050759277000	1.168766117000	-12.897863920000	14.701692350000
1.187317960000	12.596968690000	7.051030183000	1.187317960000	-12.897485630000	14.702201510000
1.205869803000	12.595419700000	7.050816102000	1.205869803000	-12.897283150000	14.702223210000
1.224421646000	12.594431560000	7.050629797000	1.224421646000	-12.897001470000	14.702690030000
1.242973489000	12.595930200000	7.050897551000	1.242973489000	-12.895702570000	14.702164620000
1.261525333000	12.595158650000	7.050697468000	1.261525333000	-12.896619330000	14.702081760000
1.280077176000	12.593333540000	7.051015733000	1.280077176000	-12.897516850000	14.701808690000
1.298629019000	12.587842660000	7.051404589000	1.298629019000	-12.896868200000	14.702483140000
1.317180862000	12.581233010000	7.051450060000	1.317180862000	-12.896277870000	14.702681860000
1.335732705000	12.519265470000	7.053515437000	1.335732705000	-12.896264830000	14.702814030000
1.354284548000	12.449260960000	7.055836331000	1.354284548000	-12.896205100000	14.702992640000
1.372836391000	12.371030440000	7.063824042000	1.372836391000	-12.899096500000	14.703974220000
1.391388234000	12.326620250000	7.068326761000	1.391388234000	-12.898021480000	14.704036080000
1.409940078000	12.224277260000	7.080531709000	1.409940078000	-12.899508140000	14.703673510000
1.428491921000	11.976810040000	7.112813468000	1.428491921000	-12.902962360000	14.704887660000
1.447043764000	11.929488250000	7.126559573000	1.447043764000	-12.906836030000	14.703541920000
1.465595607000	11.818023360000	7.135396257000	1.465595607000	-12.904886710000	14.704133970000
1.484147450000	11.790890580000	7.141844822000	1.484147450000	-12.905915330000	14.702621640000
1.502699293000	11.809703470000	7.142887080000	1.502699293000	-12.906449160000	14.701694350000
1.521251136000	11.836656110000	7.144067832000	1.521251136000	-12.905869070000	14.701431620000
1.539802979000	11.841339340000	7.142913718000	1.539802979000	-12.906119820000	14.701210590000
1.558354823000	11.834383130000	7.139820432000	1.558354823000	-12.907359170000	14.702639560000
1.576906666000	11.839492760000	7.136015170000	1.576906666000	-12.909326330000	14.702705010000
1.595458509000	11.844324330000	7.133601227000	1.595458509000	-12.907611140000	14.701348660000
1.614010352000	11.841613500000	7.131476380000	1.614010352000	-12.906461030000	14.701458160000
1.632562195000	11.825922990000	7.129520586000	1.632562195000	-12.906878520000	14.702364980000
1.651114038000	11.831081760000	7.128951521000	1.651114038000	-12.905475740000	14.701111690000
1.669665881000	11.820295810000	7.130681463000	1.669665881000	-12.906573060000	14.701300490000
1.688217724000	11.816739080000	7.130992314000	1.688217724000	-12.909254790000	14.700963080000
1.706769568000	11.734706380000	7.138728982000	1.706769568000	-12.907975190000	14.697303390000
1.725321411000	11.676816600000	7.139128447000	1.725321411000	-12.906609420000	14.697967560000
1.743873254000	11.645119310000	7.143502602000	1.743873254000	-12.909130390000	14.697850280000
1.762425097000	11.636712730000	7.142986617000	1.762425097000	-12.908054780000	14.696708520000
1.780976940000	11.634958320000	7.139924466000	1.780976940000	-12.908481990000	14.696145540000
1.799528783000	11.634905840000	7.139455669000	1.799528783000	-12.911151420000	14.694928170000
1.818080626000	11.651771930000	7.140840852000	1.818080626000	-12.911614370000	14.694001080000
1.836632469000	11.655174760000	7.138848461000	1.836632469000	-12.911346400000	14.695609810000
1.855184313000	11.657504770000	7.134608890000	1.855184313000	-12.917018170000	14.695545500000
1.873736156000	11.641421690000	7.131744244000	1.873736156000	-12.919937210000	14.693430550000
1.892287999000	11.638865660000	7.132960213000	1.892287999000	-12.919432640000	14.694871170000
1.910839842000	11.632838070000	7.134521839000	1.910839842000	-12.922502260000	14.692441230000
1.929391685000	11.624130740000	7.133730122000	1.929391685000	-12.922648900000	14.692396800000
1.947943528000	11.616703550000	7.135338163000	1.947943528000	-12.924651980000	14.691796730000
1.966495371000	11.613804460000	7.135401598000	1.966495371000	-12.919194820000	14.692077230000
1.985047214000	11.604298580000	7.135985438000	1.985047214000	-12.920631890000	14.691385110000
2.003599058000	11.593859670000	7.135785206000	2.003599058000	-12.920037500000	14.690997380000
2.022150901000	11.582240340000	7.136857030000	2.022150901000	-12.921677240000	14.690965310000
2.040702744000	11.542632310000	7.132282146000	2.040702744000	-12.920979110000	14.691331200000
2.059254587000	11.497570000000	7.134210638000	2.059254587000	-12.920106610000	14.690951540000
2.077806430000	11.473183180000	7.140607505000	2.077806430000	-12.923766130000	14.688041320000
2.096358273000	11.470150620000	7.144220492000	2.096358273000	-12.924990660000	14.686710050000
2.114910116000	11.473734210000	7.140375631000	2.114910116000	-12.923615020000	14.685888550000
2.133461959000	11.466520290000	7.137757731000	2.133461959000	-12.929906560000	14.683293520000
2.152013803000	11.444245430000	7.141382902000	2.152013803000	-12.925357490000	14.680788180000
2.170565646000	11.414971100000	7.149007047000	2.170565646000	-12.928116530000	14.677475780000
2.189117489000	11.406667700000	7.145443779000	2.189117489000	-12.929979210000	14.677553990000
2.207669332000	11.400148040000	7.141393976000	2.207669332000	-12.928382450000	14.675133960000
2.226221175000	11.377617540000	7.140741341000	2.226221175000	-12.934641910000	14.670372000000
2.244773018000	11.331550800000	7.141135622000	2.244773018000	-12.934386190000	14.671608370000
2.263324861000	11.305003010000	7.139308988000	2.263324861000	-12.932224860000	14.672917180000
2.281876704000	11.310254100000	7.137421607000	2.281876704000	-12.931548890000	14.673985560000
2.300428548000	11.323897730000	7.132961970000	2.300428548000	-12.929608370000	14.675622350000
2.318980391000	11.310927580000	7.131843636000	2.318980391000	-12.931420590000	14.672425030000
2.337532234000	11.271414680000	7.133951451000	2.337532234000	-12.930032160000	14.672790240000
2.356084077000	11.257556240000	7.131948453000	2.356084077000	-12.930367870000	14.675621040000
2.374635920000	11.245690710000	7.130132714000	2.374635920000	-12.930486400000	14.673832080000
2.393187763000	11.232944620000	7.130321897000	2.393187763000	-12.928803390000	14.675896370000
2.411739606000	11.203691890000	7.129956250000	2.411739606000	-12.928014090000	14.678485760000
2.430291449000	11.169676160000	7.129727636000	2.430291449000	-12.926773730000	14.678771390000
2.448843293000	11.116736010000	7.140165264000	2.448843293000	-12.930960770000	14.678481910000
2.467395136000	11.098985180000	7.146450185000	2.467395136000	-12.926871260000	14.678916420000
2.485946979000	11.079271580000	7.150504285000	2.485946979000	-12.928230360000	14.678843440000
2.504498822000	11.046876040000	7.155669965000	2.504498822000	-12.928880470000	14.680590240000
2.523050665000	11.028401590000	7.152185345000	2.523050665000	-12.926231640000	14.678860850000
2.541602508000	10.936748970000	7.177102817000	2.541602508000	-12.938049520000	14.677983790000
2.560154351000	10.933303070000	7.179230911000	2.560154351000	-12.938017970000	14.679241070000
2.578706194000	10.915770380000	7.184879088000	2.578706194000	-12.943064030000	14.678652410000
2.597258038000	10.875655350000	7.194036215000	2.597258038000	-12.935532710000	14.681386030000
2.615809881000	10.868118700000	7.199487210000	2.615809881000	-12.936061270000	14.681586050000
2.634361724000	10.928620940000	7.197291940000	2.634361724000	-12.937043750000	14.682305950000
2.652913567000	10.963112650000	7.197463265000	2.652913567000	-12.937894570000	14.686023640000
2.671465410000	10.981277190000	7.197578690000	2.671465410000	-12.936697680000	14.686249370000
2.690017253000	10.961287210000	7.199423326000	2.690017253000	-12.935489780000	14.688034760000
2.708569096000	10.988656080000	7.199344727000	2.708569096000	-12.933993480000	14.687396560000
2.727120939000	10.996051380000	7.199012804000	2.727120939000	-12.932447660000	14.688074170000
2.745672783000	11.034647550000	7.203535644000	2.745672783000	-12.927537770000	14.688809380000
2.764224626000	11.046549300000	7.206939065000	2.764224626000	-12.929409500000	14.689037810000
2.782776469000	11.047810420000	7.208047456000	2.782776469000	-12.926510150000	14.689808080000
2.801328312000	11.060750540000	7.207565648000	2.801328312000	-12.928759390000	14.689657280000
2.819880155000	11.067556030000	7.205228735000	2.819880155000	-12.928795190000	14.691252240000
2.838431998000	11.087041040000	7.206734737000	2.838431998000	-12.923629400000	14.689107890000
2.856983841000	11.081877460000	7.207580124000	2.856983841000	-12.921842990000	14.688685880000
2.875535684000	11.071491380000	7.207737045000	2.875535684000	-12.921743370000	14.689892710000
2.894087528000	11.074408370000	7.206871822000	2.894087528000	-12.921753020000	14.689163260000
2.912639371000	11.087957960000	7.206845416000	2.912639371000	-12.923596950000	14.690944320000
2.931191214000	11.085839740000	7.207910658000	2.931191214000	-12.920353190000	14.689472730000
2.949743057000	11.054970600000	7.212555437000	2.949743057000	-12.920486060000	14.690365470000
2.968294900000	11.012327430000	7.209142522000	2.968294900000	-12.921814710000	14.691078390000
2.986846743000	11.005883630000	7.208948175000	2.986846743000	-12.919935450000	14.690766010000
3.005398586000	11.000975130000	7.209338691000	3.005398586000	-12.920552900000	14.690179740000
3.023950429000	10.977474210000	7.213962101000	3.023950429000	-12.917327710000	14.690224920000
3.042502273000	10.936509790000	7.213834613000	3.042502273000	-12.922633600000	14.690771100000
3.061054116000	10.920860020000	7.212705910000	3.061054116000	-12.923134540000	14.691678920000
3.079605959000	10.892183280000	7.217642854000	3.079605959000	-12.919503930000	14.690805350000
3.098157802000	10.869298390000	7.214505745000	3.098157802000	-12.921095030000	14.691652560000
3.116709645000	10.829362640000	7.213853856000	3.116709645000	-12.919912770000	14.690799900000
3.135261488000	10.802490940000	7.211220189000	3.135261488000	-12.920037480000	14.691000620000
3.153813331000	10.770134800000	7.211804040000	3.153813331000	-12.920203970000	14.690463160000
3.172365174000	10.768985890000	7.214365294000	3.172365174000	-12.918127460000	14.690721590000
3.190917018000	10.775272690000	7.213704369000	3.190917018000	-12.916635820000	14.690507170000
3.209468861000	10.775862160000	7.209981631000	3.209468861000	-12.918221080000	14.690426860000
3.228020704000	10.784139050000	7.210516782000	3.228020704000	-12.916660130000	14.690549740000
3.246572547000	10.808196050000	7.213393814000	3.246572547000	-12.916649970000	14.691117000000
3.265124390000	10.838216100000	7.212936125000	3.265124390000	-12.913961570000	14.692332750000
3.283676233000	10.876485160000	7.207151103000	3.283676233000	-12.916335180000	14.691994250000
3.302228076000	10.935312940000	7.201592937000	3.302228076000	-12.917728940000	14.692898650000
3.320779919000	10.951748260000	7.200426347000	3.320779919000	-12.920692640000	14.693402130000
3.339331763000	10.961075860000	7.198617644000	3.339331763000	-12.919377720000	14.692733650000
3.357883606000	10.958981780000	7.198457926000	3.357883606000	-12.918581800000	14.692981910000
3.376435449000	10.953742490000	7.199288124000	3.376435449000	-12.917955910000	14.693315730000
3.394987292000	10.953516770000	7.199454760000	3.394987292000	-12.918396640000	14.693231770000
3.413539135000	10.954293990000	7.197943492000	3.413539135000	-12.917308170000	14.693521700000
3.432090978000	10.962186030000	7.194118289000	3.432090978000	-12.917128070000	14.692855690000
3.450642821000	10.957925490000	7.193335869000	3.450642821000	-12.913812720000	14.692875600000
3.469194664000	10.953789600000	7.195669604000	3.469194664000	-12.916505570000	14.692911050000
3.487746508000	10.945046290000	7.196504130000	3.487746508000	-12.915212580000	14.692891580000
3.506298351000	10.919894820000	7.195482019000	3.506298351000	-12.913752410000	14.692876200000
3.524850194000	10.855336300000	7.195763722000	3.524850194000	-12.912205870000	14.693234980000
3.543402037000	10.832652520000	7.198385231000	3.543402037000	-12.910445850000	14.692855700000
3.561953880000	10.806257550000	7.199148214000	3.561953880000	-12.913942230000	14.692700480000
3.580505723000	10.790366640000	7.198462475000	3.580505723000	-12.911564520000	14.692332380000
3.599057566000	10.736576810000	7.198615938000	3.599057566000	-12.913176060000	14.692796600000
3.617609409000	10.681258350000	7.200565841000	3.617609409000	-12.914373880000	14.692827930000
3.636161253000	10.659658190000	7.201641114000	3.636161253000	-12.913344750000	14.692170640000
3.654713096000	10.642298490000	7.203077776000	3.654713096000	-12.912685490000	14.691805190000
3.673264939000	10.645828060000	7.204700869000	3.673264939000	-12.915635260000	14.691917110000
3.691816782000	10.674537150000	7.207095913000	3.691816782000	-12.914579660000	14.692252280000
3.710368625000	10.692216700000	7.205327090000	3.710368625000	-12.914631260000	14.692373670000
3.728920468000	10.724072500000	7.205296554000	3.728920468000	-12.915612860000	14.692218800000
3.747472311000	10.722630030000	7.206806250000	3.747472311000	-12.915390000000	14.691640610000
3.766024154000	10.724472850000	7.208865269000	3.766024154000	-12.916370060000	14.691738760000
3.784575998000	10.730152180000	7.209951920000	3.784575998000	-12.912915180000	14.690988940000
3.803127841000	10.729503660000	7.210092447000	3.803127841000	-12.913787630000	14.691543420000
3.821679684000	10.732452130000	7.211475337000	3.821679684000	-12.917215870000	14.691158020000
3.840231527000	10.792451270000	7.209422799000	3.840231527000	-12.916441890000	14.691599160000
3.858783370000	10.873484870000	7.206155583000	3.858783370000	-12.917413380000	14.691969730000
3.877335213000	10.897006860000	7.207035512000	3.877335213000	-12.917541650000	14.691986000000
3.895887056000	10.921717680000	7.205302112000	3.895887056000	-12.916417850000	14.692032930000
3.914438900000	10.935942140000	7.202217020000	3.914438900000	-12.916581330000	14.691447060000
3.932990743000	10.970869470000	7.197495769000	3.932990743000	-12.915324540000	14.692055490000
3.951542586000	10.987457760000	7.194389500000	3.951542586000	-12.912994720000	14.691961860000
3.970094429000	11.021297060000	7.188983346000	3.970094429000	-12.913240300000	14.691572720000
3.988646272000	11.020449450000	7.182381482000	3.988646272000	-12.918205830000	14.689476080000
4.007198115000	11.001275110000	7.194958575000	4.007198115000	-12.916865070000	14.689719510000
4.025749958000	11.003538720000	7.200013066000	4.025749958000	-12.916275330000	14.690673480000
4.044301801000	11.012398520000	7.202618877000	4.044301801000	-12.918859660000	14.689702960000
4.062853645000	11.007363310000	7.203445521000	4.062853645000	-12.920296480000	14.688425100000
4.081405488000	11.017708280000	7.202269117000	4.081405488000	-12.921483230000	14.689054290000
4.099957331000	11.043951050000	7.202500497000	4.099957331000	-12.923507030000	14.688634190000
4.118509174000	11.047355310000	7.203546452000	4.118509174000	-12.925199030000	14.687591730000
4.137061017000	11.075768390000	7.200209398000	4.137061017000	-12.924403260000	14.685136790000
4.155612860000	11.164682090000	7.197616232000	4.155612860000	-12.925946310000	14.685893350000
4.174164703000	11.191929980000	7.198785262000	4.174164703000	-12.921817840000	14.683511910000
4.192716546000	11.196333520000	7.200279172000	4.192716546000	-12.925554810000	14.684187210000
4.211268390000	11.200570380000	7.200190168000	4.211268390000	-12.924909540000	14.683809420000
4.229820233000	11.202284600000	7.200122721000	4.229820233000	-12.928974280000	14.683895850000
4.248372076000	11.210352250000	7.202234027000	4.248372076000	-12.925431980000	14.682048320000
4.266923919000	11.224628690000	7.199214606000	4.266923919000	-12.926534470000	14.681096290000
4.285475762000	11.226391850000	7.198553530000	4.285475762000	-12.926119640000	14.681746370000
4.304027605000	11.179196690000	7.203430361000	4.304027605000	-12.927679360000	14.684326380000
4.322579448000	11.184618580000	7.206283137000	4.322579448000	-12.923711530000	14.681883000000
4.341131291000	11.175062440000	7.208720902000	4.341131291000	-12.932336250000	14.678029150000
4.359683135000	11.168210260000	7.208231351000	4.359683135000	-12.932022010000	14.674925780000
4.378234978000	11.190351130000	7.205687801000	4.378234978000	-12.925329760000	14.677248990000
4.396786821000	11.190096770000	7.199691327000	4.396786821000	-12.930404710000	14.678151580000
4.415338664000	11.065167960000	7.208327368000	4.415338664000	-12.930154100000	14.676972880000
4.433890507000	10.963392620000	7.227983392000	4.433890507000	-12.938316060000	14.675610220000
4.452442350000	10.923944680000	7.228845412000	4.452442350000	-12.936559440000	14.675523450000
4.470994193000	10.970959180000	7.215629954000	4.470994193000	-12.929598650000	14.676231160000
4.489546036000	11.004929420000	7.201452285000	4.489546036000	-12.933750470000	14.675816460000
4.508097880000	10.872901140000	7.207657924000	4.508097880000	-12.939727790000	14.665381210000
4.526649723000	10.794242550000	7.208534715000	4.526649723000	-12.948145510000	14.657833480000
4.545201566000	10.637996510000	7.211221189000	4.545201566000	-12.948214730000	14.654774190000
4.563753409000	10.611009180000	7.207693597000	4.563753409000	-12.946601090000	14.657071050000
4.582305252000	10.587769490000	7.201793797000	4.582305252000	-12.942182410000	14.644954660000
4.600857095000	10.443205900000	7.208350549000	4.600857095000	-12.944145420000	14.629613700000
4.619408938000	10.379364750000	7.209354027000	4.619408938000	-12.942579790000	14.619468190000
4.637960781000	10.479936450000	7.194521443000	4.637960781000	-12.951412750000	14.614549980000
4.656512625000	10.499994950000	7.191637472000	4.656512625000	-12.942712280000	14.590736820000
4.675064468000	10.486675040000	7.199582930000	4.675064468000	-12.951841400000	14.589768480000
4.693616311000	10.503157550000	7.203737982000	4.693616311000	-12.955284890000	14.590158830000
4.712168154000	10.600026300000	7.202963937000	4.712168154000	-12.965172810000	14.591557560000
4.730719997000	10.726126550000	7.188609617000	4.730719997000	-12.959265460000	14.592714800000
4.749271840000	10.730068290000	7.168337217000	4.749271840000	-12.952899330000	14.590955180000
4.767823683000	10.658036470000	7.170702373000	4.767823683000	-12.954030950000	14.590098600000
4.786375526000	10.573817840000	7.181047249000	4.786375526000	-12.959362260000	14.591274120000
4.804927370000	10.597876630000	7.185901703000	4.804927370000	-12.959047450000	14.593029050000
4.823479213000	10.620158540000	7.179802975000	4.823479213000	-12.958684220000	14.593115890000
4.842031056000	10.615321600000	7.190936713000	4.842031056000	-12.957311080000	14.592377020000
4.860582899000	10.595820250000	7.203950575000	4.860582899000	-12.959206430000	14.593374540000
4.879134742000	10.634814310000	7.203685469000	4.879134742000	-12.962386190000	14.594763220000
4.897686585000	10.716528770000	7.199299607000	4.897686585000	-12.957481910000	14.595845690000
4.916238428000	10.758849630000	7.198805687000	4.916238428000	-12.954891120000	14.595451670000
4.934790271000	10.799992600000	7.203096115000	4.934790271000	-12.950293600000	14.601896610000
4.953342115000	10.890493170000	7.207039616000	4.953342115000	-12.944645130000	14.620726160000
4.971893958000	10.936425120000	7.209803862000	4.971893958000	-12.936167590000	14.625279540000
4.990445801000	10.899593030000	7.216095047000	4.990445801000	-12.934041580000	14.613804960000
5.008997644000	10.867474740000	7.217343295000	5.008997644000	-12.936196950000	14.608537790000
5.027549487000	10.801446870000	7.229797256000	5.027549487000	-12.944565580000	14.612453410000
5.046101330000	10.810081620000	7.238528024000	5.046101330000	-12.949092450000	14.620432440000
5.064653173000	10.729715380000	7.250734274000	5.064653173000	-12.956067460000	14.625054850000
5.083205016000	10.664249290000	7.260788735000	5.083205016000	-12.960577970000	14.618445000000
5.101756860000	10.600850550000	7.267989873000	5.101756860000	-12.960216330000	14.616987650000
5.120308703000	10.521725020000	7.274514964000	5.120308703000	-12.964212320000	14.620813330000
5.138860546000	10.574296080000	7.276856771000	5.138860546000	-12.955958850000	14.637169250000
5.157412389000	10.625400540000	7.279916460000	5.157412389000	-12.944790320000	14.649284440000
5.175964232000	10.605494390000	7.278397230000	5.175964232000	-12.950476180000	14.644355340000
5.194516075000	10.528843560000	7.277868205000	5.194516075000	-12.953470770000	14.650523890000
5.213067918000	10.424043840000	7.283568426000	5.213067918000	-12.950609750000	14.659263770000
5.231619761000	10.413040950000	7.292005707000	5.231619761000	-12.946314280000	14.679743700000
5.250171605000	10.443334210000	7.293594766000	5.250171605000	-12.956077490000	14.686336110000
5.268723448000	10.426285640000	7.288038008000	5.268723448000	-12.949965060000	14.682822070000
5.287275291000	10.292513780000	7.283663126000	5.287275291000	-12.950751810000	14.676831860000
5.305827134000	10.262445670000	7.281488186000	5.305827134000	-12.953275690000	14.678680110000
5.324378977000	10.277257900000	7.288673945000	5.324378977000	-12.953310320000	14.682944480000
5.342930820000	10.261228920000	7.285225317000	5.342930820000	-12.950038440000	14.677240660000
5.361482663000	10.156574010000	7.286423023000	5.361482663000	-12.953538170000	14.675588740000
5.380034506000	10.126994780000	7.288629807000	5.380034506000	-12.953882780000	14.675523590000
5.398586350000	10.147830840000	7.291980365000	5.398586350000	-12.957922280000	14.680601060000
5.417138193000	10.157060960000	7.290678745000	5.417138193000	-12.956582350000	14.683052360000
5.435690036000	10.116152650000	7.288171235000	5.435690036000	-12.947446310000	14.682830210000
5.454241879000	9.994265850000	7.296256931000	5.454241879000	-12.945677640000	14.677050330000
5.472793722000	9.988407464000	7.302035938000	5.472793722000	-12.951820730000	14.674049150000
5.491345565000	10.088981510000	7.292407316000	5.491345565000	-12.960921300000	14.674434850000
5.509897408000	10.117075240000	7.289650243000	5.509897408000	-12.957295610000	14.672800330000
5.528449251000	10.111647080000	7.289036775000	5.528449251000	-12.959243450000	14.671285100000
5.547001095000	10.100314760000	7.293862382000	5.547001095000	-12.957539990000	14.670546240000
5.565552938000	10.123125770000	7.292851020000	5.565552938000	-12.955014520000	14.670477590000
5.584104781000	10.207949880000	7.291725037000	5.584104781000	-12.955669420000	14.670649120000
5.602656624000	10.223408590000	7.288172460000	5.602656624000	-12.953899530000	14.669553020000
5.621208467000	10.175634330000	7.285383180000	5.621208467000	-12.953773670000	14.668865640000
5.639760310000	10.132981950000	7.287815758000	5.639760310000	-12.952074220000	14.667661910000
5.658312153000	10.118865730000	7.288784274000	5.658312153000	-12.952468520000	14.667227780000
5.676863996000	10.109752320000	7.290487015000	5.676863996000	-12.948772910000	14.667296630000
5.695415840000	10.081606870000	7.292442301000	5.695415840000	-12.951251460000	14.667639670000
5.713967683000	10.111010340000	7.284867495000	5.713967683000	-12.949883090000	14.667903540000
5.732519526000	10.138477830000	7.283710077000	5.732519526000	-12.947173700000	14.668462410000
5.751071369000	10.141685930000	7.284885385000	5.751071369000	-12.947870150000	14.667349430000
5.769623212000	10.135499840000	7.289342554000	5.769623212000	-12.946982850000	14.667538130000
5.788175055000	10.141713620000	7.288713786000	5.788175055000	-12.946450360000	14.667396540000
5.806726898000	10.143085670000	7.286584477000	5.806726898000	-12.945489090000	14.668107540000
5.825278741000	10.124279810000	7.288653546000	5.825278741000	-12.947462110000	14.666938160000
5.843830585000	10.119716890000	7.292358161000	5.843830585000	-12.946511750000	14.667075210000
5.862382428000	10.139177580000	7.300609499000	5.862382428000	-12.945201840000	14.667978780000
5.880934271000	10.178900080000	7.294783897000	5.880934271000	-12.945579300000	14.669413240000
5.899486114000	10.158268900000	7.290040866000	5.899486114000	-12.946566730000	14.668968190000
5.918037957000	10.129293100000	7.291736509000	5.918037957000	-12.942784000000	14.669311150000
5.936589800000	10.099354140000	7.305844189000	5.936589800000	-12.943829980000	14.667602430000
5.955141643000	10.107779120000	7.317392085000	5.955141643000	-12.938277500000	14.669106550000
5.973693486000	10.142319940000	7.319828540000	5.973693486000	-12.924416530000	14.671074150000
5.992245330000	10.124884460000	7.317855813000	5.992245330000	-12.923746340000	14.671308740000
6.010797173000	10.111113540000	7.320962202000	6.010797173000	-12.929681780000	14.669705500000
6.029349016000	10.118047500000	7.319050166000	6.029349016000	-12.927464360000	14.671428770000
6.047900859000	10.021809290000	7.329988131000	6.047900859000	-12.929642530000	14.672739960000
6.066452702000	9.992978084000	7.340161590000	6.066452702000	-12.926936000000	14.674617590000
6.085004545000	10.009675710000	7.337105396000	6.085004545000	-12.923163240000	14.674838940000
6.103556388000	9.985671747000	7.339636621000	6.103556388000	-12.922750960000	14.671377810000
6.122108231000	9.978784096000	7.345957048000	6.122108231000	-12.919980890000	14.669254190000
6.140660075000	9.964083645000	7.348968522000	6.140660075000	-12.917088320000	14.670462090000
6.159211918000	9.958718720000	7.348389200000	6.159211918000	-12.913405320000	14.669961980000
6.177763761000	9.958881704000	7.349859999000	6.177763761000	-12.915729790000	14.668845490000
6.196315604000	9.962422035000	7.355166755000	6.196315604000	-12.923204290000	14.666374340000
6.214867447000	9.944809057000	7.356679944000	6.214867447000	-12.923015620000	14.665888190000
6.233419290000	9.832332787000	7.357476959000	6.233419290000	-12.925891810000	14.665811120000
6.251971133000	9.809642975000	7.355190774000	6.251971133000	-12.925535580000	14.666240030000
6.270522976000	9.901336037000	7.358019351000	6.270522976000	-12.928320950000	14.665800740000
6.289074820000	9.881356143000	7.358888449000	6.289074820000	-12.927955060000	14.664299270000
6.307626663000	9.839894155000	7.361260666000	6.307626663000	-12.928995440000	14.667071490000
6.326178506000	9.859325869000	7.359018536000	6.326178506000	-12.925021330000	14.666243420000
6.344730349000	9.807010381000	7.359438545000	6.344730349000	-12.928813180000	14.666549000000
6.363282192000	9.807682845000	7.359225226000	6.363282192000	-12.933139350000	14.667636120000
6.381834035000	9.839167719000	7.357480692000	6.381834035000	-12.933612050000	14.667977980000
6.400385878000	9.976176486000	7.352749836000	6.400385878000	-12.926198470000	14.663822780000
6.418937721000	9.981705279000	7.350611443000	6.418937721000	-12.917585780000	14.655927570000
6.437489565000	10.098094800000	7.335611293000	6.437489565000	-12.913697020000	14.649335050000
6.456041408000	10.169818150000	7.322737037000	6.456041408000	-12.902420730000	14.643794940000
6.474593251000	10.446275750000	7.291879156000	6.474593251000	-12.899614540000	14.634724270000
6.493145094000	11.319271280000	7.223999328000	6.493145094000	-12.886225670000	14.620620270000
6.511696937000	12.105154780000	7.126359842000	6.511696937000	-12.823511580000	14.644055820000
6.530248780000	12.474197460000	7.061232435000	6.530248780000	-12.838961900000	14.641785900000
6.548800623000	12.792632700000	6.894070336000	6.548800623000	-12.778916210000	14.635725330000
6.567352466000	12.644987510000	6.841714290000	6.567352466000	-12.702310860000	14.631881270000
6.585904310000	12.675976190000	6.816375419000	6.585904310000	-12.689464140000	14.627890320000
6.604456153000	13.302145080000	6.613161430000	6.604456153000	-12.687815050000	14.629133420000
6.623007996000	13.441388280000	6.532351083000	6.623007996000	-12.703588530000	14.653786640000
6.641559839000	13.206310540000	6.657750670000	6.641559839000	-12.771666220000	14.682876240000
6.660111682000	13.079186120000	6.728327811000	6.660111682000	-12.759328810000	14.699342060000
6.678663525000	13.045885890000	6.720964574000	6.678663525000	-12.759434960000	14.696630060000
6.697215368000	12.933151310000	6.693538806000	6.697215368000	-12.706597800000	14.690068270000
6.715767211000	12.813088370000	6.670574120000	6.715767211000	-12.712479820000	14.658983530000
6.734319055000	12.491112490000	6.676004706000	6.734319055000	-12.712738750000	14.632683050000
6.752870898000	12.536648970000	6.744237562000	6.752870898000	-12.707011470000	14.642318900000
6.771422741000	12.501422610000	6.761541259000	6.771422741000	-12.723907900000	14.653665810000
6.789974584000	12.491404420000	6.791431529000	6.789974584000	-12.714148490000	14.664226800000
6.808526427000	12.526216700000	6.810844886000	6.808526427000	-12.721891390000	14.666787980000
6.827078270000	12.512724560000	6.819408302000	6.827078270000	-12.762507230000	14.672081300000
6.845630113000	12.319499110000	6.831373192000	6.845630113000	-12.826385080000	14.669091720000
6.864181956000	12.102751080000	6.836098758000	6.864181956000	-12.876980880000	14.669294490000
6.882733800000	12.065112920000	6.829891535000	6.882733800000	-12.871565500000	14.671254400000
6.901285643000	12.129577740000	6.813808469000	6.901285643000	-12.873224770000	14.667192140000
6.919837486000	12.363102070000	6.799572748000	6.919837486000	-12.839278500000	14.660456890000
6.938389329000	12.509157860000	6.788560052000	6.938389329000	-12.830998090000	14.651958960000
6.956941172000	12.528937370000	6.792267416000	6.956941172000	-12.840360530000	14.651656500000
