GMendBEST			GMext		
t	x	y	t	x	y
0.000000000000	23.729796320000	0.268502977600	0.000000000000	43.835316600000	7.993335268000
0.023958408200	23.729890240000	0.268322958300	0.023958408200	43.835389440000	7.993206009000
0.047916816410	23.731202080000	0.268719657600	0.047916816410	43.835494710000	7.993129225000
0.071875224610	23.732987930000	0.268854278900	0.071875224610	43.835755410000	7.993067721000
0.095833632810	23.732505650000	0.268365927000	0.095833632810	43.835600240000	7.993039566000
0.119792041000	23.730278500000	0.268913112400	0.119792041000	43.835743000000	7.993086188000
0.143750449200	23.729968930000	0.269122071800	0.143750449200	43.835505400000	7.993126773000
0.167708857400	23.733804430000	0.269011562300	0.167708857400	43.835605150000	7.993188821000
0.191667265600	23.733034360000	0.268930496700	0.191667265600	43.835473120000	7.993314613000
0.215625673800	23.733421050000	0.269455475400	0.215625673800	43.835476550000	7.993271768000
0.239584082000	23.731715280000	0.269365212000	0.239584082000	43.835643910000	7.993177096000
0.263542490200	23.732377480000	0.269471669300	0.263542490200	43.835475110000	7.993107054000
0.287500898400	23.734148140000	0.268806444100	0.287500898400	43.835446180000	7.993234870000
0.311459306600	23.731198400000	0.268955740900	0.311459306600	43.835381940000	7.993312529000
0.335417714800	23.731158350000	0.268815883500	0.335417714800	43.835697370000	7.993152665000
0.359376123100	23.730460940000	0.269069661500	0.359376123100	43.835676900000	7.993090695000
0.383334531300	23.732002490000	0.268844564300	0.383334531300	43.835562670000	7.993405941000
0.407292939500	23.731215510000	0.268634696800	0.407292939500	43.835439660000	7.993251427000
0.431251347700	23.730678990000	0.268581110100	0.431251347700	43.835025420000	7.993286502000
0.455209755900	23.731015060000	0.268753748900	0.455209755900	43.835382770000	7.993297179000
0.479168164100	23.733122610000	0.268324360200	0.479168164100	43.835298610000	7.993247532000
0.503126572300	23.736481380000	0.268639846300	0.503126572300	43.835642620000	7.993202045000
0.527084980500	23.731684700000	0.267962996400	0.527084980500	43.835185220000	7.993212926000
0.551043388700	23.731407820000	0.268597644200	0.551043388700	43.835422560000	7.993103104000
0.575001796900	23.734897770000	0.267967284100	0.575001796900	43.835431660000	7.992930232000
0.598960205100	23.735903630000	0.267903599100	0.598960205100	43.835520380000	7.992784200000
0.622918613300	23.738329480000	0.268033542500	0.622918613300	43.835122140000	7.992935868000
0.646877021500	23.734079060000	0.267907984600	0.646877021500	43.835421340000	7.992733432000
0.670835429700	23.737045680000	0.268425827500	0.670835429700	43.835470600000	7.992645147000
0.694793837900	23.737946520000	0.268376079300	0.694793837900	43.835537460000	7.992572180000
0.718752246100	23.739166860000	0.267919001900	0.718752246100	43.835629650000	7.992212934000
0.742710654300	23.738676050000	0.267930917200	0.742710654300	43.836177220000	7.992015953000
0.766669062500	23.739914930000	0.267952974100	0.766669062500	43.836169440000	7.992327277000
0.790627470700	23.736006010000	0.268394053200	0.790627470700	43.835615600000	7.992670752000
0.814585878900	23.734841060000	0.267590859600	0.814585878900	43.835913130000	7.992296814000
0.838544287100	23.735492300000	0.268483339300	0.838544287100	43.835697260000	7.992568300000
0.862502695300	23.735227580000	0.267844371000	0.862502695300	43.835370340000	7.992877096000
0.886461103500	23.734308330000	0.268526896100	0.886461103500	43.836046430000	7.992880205000
0.910419511700	23.732725310000	0.269153690300	0.910419511700	43.835791360000	7.992786923000
0.934377919900	23.734430720000	0.268438126500	0.934377919900	43.836002470000	7.992661572000
0.958336328100	23.737748550000	0.268979584100	0.958336328100	43.835618350000	7.991924578000
0.982294736300	23.736479620000	0.268311367500	0.982294736300	43.835533750000	7.992441494000
1.006253145000	23.737128260000	0.268454393300	1.006253145000	43.835725440000	7.992536812000
1.030211553000	23.733271350000	0.268303671900	1.030211553000	43.835868200000	7.992578747000
1.054169961000	23.733316370000	0.268140172000	1.054169961000	43.835603920000	7.992535886000
1.078128369000	23.739220820000	0.267329749000	1.078128369000	43.835955740000	7.992241344000
1.102086777000	23.739013450000	0.267502734700	1.102086777000	43.836030390000	7.992228069000
1.126045186000	23.736290740000	0.268301208600	1.126045186000	43.835783810000	7.992304359000
1.150003594000	23.731748220000	0.268711305400	1.150003594000	43.835176350000	7.992586671000
1.173962002000	23.733797990000	0.267676900000	1.173962002000	43.835987560000	7.992459738000
1.197920410000	23.738669020000	0.267805613100	1.197920410000	43.835890410000	7.992038639000
1.221878818000	23.736910550000	0.267964408300	1.221878818000	43.835698600000	7.991739091000
1.245837227000	23.737308610000	0.269063427300	1.245837227000	43.836482000000	7.991570584000
1.269795635000	23.739052030000	0.267833103400	1.269795635000	43.835537180000	7.991637125000
1.293754043000	23.735678710000	0.268373451800	1.293754043000	43.836016420000	7.991652043000
1.317712451000	23.734912010000	0.268506170300	1.317712451000	43.835719120000	7.991653584000
1.341670859000	23.734808740000	0.268281760100	1.341670859000	43.835743400000	7.991491347000
1.365629268000	23.727304250000	0.269650535600	1.365629268000	43.836249150000	7.991404692000
1.389587676000	23.709755770000	0.271013768400	1.389587676000	43.835990290000	7.991479765000
1.413546084000	23.683903630000	0.278717031400	1.413546084000	43.836236860000	7.991663281000
1.437504492000	23.665488820000	0.284013533300	1.437504492000	43.836009510000	7.992137879000
1.461462900000	23.620600070000	0.295003578300	1.461462900000	43.836645150000	7.992503180000
1.485421309000	23.545799530000	0.300496261600	1.485421309000	43.836410960000	7.992640838000
1.509379717000	23.443001780000	0.307200314600	1.509379717000	43.837958600000	7.992783982000
1.533338125000	23.262215830000	0.323749673500	1.533338125000	43.836390940000	7.993142529000
1.557296533000	23.077378090000	0.339990340400	1.557296533000	43.838057230000	7.993283602000
1.581254941000	22.958231740000	0.353333598500	1.581254941000	43.839261940000	7.993109252000
1.605213350000	22.849946990000	0.362380982500	1.605213350000	43.838419010000	7.993399809000
1.629171758000	22.748815060000	0.360721788100	1.629171758000	43.836919380000	7.993419124000
1.653130166000	22.301270580000	0.386740369300	1.653130166000	43.837702560000	7.993413800000
1.677088574000	22.067171710000	0.402106244400	1.677088574000	43.838445350000	7.993130093000
1.701046982000	21.725214150000	0.427975244000	1.701046982000	43.841038130000	7.992743742000
1.725005391000	21.423804050000	0.459336819200	1.725005391000	43.843195450000	7.992940954000
1.748963799000	21.240053140000	0.480721900300	1.748963799000	43.843184330000	7.993548359000
1.772922207000	21.022005230000	0.512091968400	1.772922207000	43.844069660000	7.993539397000
1.796880615000	20.837885750000	0.530951750500	1.796880615000	43.843542310000	7.993328614000
1.820839023000	20.665796590000	0.553251236100	1.820839023000	43.842746130000	7.993137153000
1.844797432000	20.418798150000	0.596668996100	1.844797432000	43.844787380000	7.994160518000
1.868755840000	20.238960890000	0.622574607200	1.868755840000	43.845945460000	7.994171792000
1.892714248000	19.942681880000	0.665985570300	1.892714248000	43.849243570000	7.993095563000
1.916672656000	19.869719080000	0.673583225100	1.916672656000	43.846984570000	7.994033901000
1.940631064000	19.675379900000	0.701310838700	1.940631064000	43.849918640000	7.993637798000
1.964589473000	19.551595260000	0.719223718200	1.964589473000	43.848947160000	7.994485720000
1.988547881000	19.210800000000	0.755858795100	1.988547881000	43.850209930000	7.996133111000
2.012506289000	19.111407170000	0.762843462400	2.012506289000	43.848173940000	7.997226559000
2.036464697000	18.931412710000	0.781871331400	2.036464697000	43.849778930000	7.996284889000
2.060423105000	18.811810750000	0.799999762900	2.060423105000	43.848696260000	7.996451856000
2.084381514000	18.639057270000	0.822131249500	2.084381514000	43.847834580000	7.997107429000
2.108339922000	18.511117390000	0.835577227700	2.108339922000	43.849087880000	7.997233063000
2.132298330000	18.343601120000	0.858306403100	2.132298330000	43.850104100000	7.994697190000
2.156256738000	18.301276020000	0.867311637300	2.156256738000	43.849764870000	7.994892322000
2.180215147000	18.132075120000	0.887623069200	2.180215147000	43.849354050000	7.995254511000
2.204173555000	18.006045490000	0.907325094800	2.204173555000	43.848598690000	7.995564663000
2.228131963000	17.804688860000	0.944240788400	2.228131963000	43.848927770000	7.995520676000
2.252090371000	17.720316890000	0.956520393500	2.252090371000	43.849309420000	7.995929706000
2.276048779000	17.597550960000	0.963212760700	2.276048779000	43.848545720000	7.995454318000
2.300007188000	17.420438090000	0.987483790100	2.300007188000	43.849920800000	7.995931685000
2.323965596000	17.306779840000	1.005265418000	2.323965596000	43.849646870000	7.996321047000
2.347924004000	17.085008640000	1.032847077000	2.347924004000	43.848787590000	7.996954141000
2.371882412000	16.974105010000	1.043606832000	2.371882412000	43.849615480000	7.996264144000
2.395840820000	16.827237370000	1.063327038000	2.395840820000	43.850308090000	7.994824793000
2.419799229000	16.788465460000	1.064083288000	2.419799229000	43.848138180000	7.994620763000
2.443757637000	16.681626670000	1.079902891000	2.443757637000	43.849020500000	7.995051041000
2.467716045000	16.525098680000	1.102622561000	2.467716045000	43.853565700000	7.993135287000
2.491674453000	16.452156960000	1.115077393000	2.491674453000	43.853091100000	7.993400399000
2.515632861000	16.400796350000	1.124279043000	2.515632861000	43.854990450000	7.991806168000
2.539591270000	16.187308480000	1.153900540000	2.539591270000	43.857342610000	7.992057936000
2.563549678000	16.097899170000	1.163006097000	2.563549678000	43.855302060000	7.992486532000
2.587508086000	16.049136090000	1.169738805000	2.587508086000	43.853135570000	7.991733774000
2.611466494000	15.826465630000	1.200185180000	2.611466494000	43.855749530000	7.995814705000
2.635424902000	15.705576810000	1.206767179000	2.635424902000	43.857467010000	7.995421273000
2.659383311000	15.540555020000	1.227478633000	2.659383311000	43.858628720000	7.994331156000
2.683341719000	15.395068040000	1.244755430000	2.683341719000	43.857127280000	7.993361816000
2.707300127000	15.275262550000	1.261885180000	2.707300127000	43.855739270000	7.992091477000
2.731258535000	14.887644660000	1.311473008000	2.731258535000	43.856997440000	7.993196465000
2.755216943000	14.743647740000	1.331519954000	2.755216943000	43.857457260000	7.992582307000
2.779175352000	14.440716580000	1.366081346000	2.779175352000	43.858358970000	7.991592349000
2.803133760000	14.391482790000	1.369032782000	2.803133760000	43.858200480000	7.991610501000
2.827092168000	14.306138640000	1.378565161000	2.827092168000	43.857458450000	7.991795008000
2.851050576000	14.170678070000	1.400296786000	2.851050576000	43.856311740000	7.991803126000
2.875008984000	14.083625900000	1.408018151000	2.875008984000	43.855393950000	7.990887406000
2.898967393000	14.028484210000	1.409765081000	2.898967393000	43.855849940000	7.990480937000
2.922925801000	13.894687260000	1.416063150000	2.922925801000	43.854972430000	7.989961845000
2.946884209000	13.775881390000	1.440427036000	2.946884209000	43.852970540000	7.989795220000
2.970842617000	13.723895360000	1.447882023000	2.970842617000	43.854889700000	7.989660435000
2.994801025000	13.658843530000	1.458991526000	2.994801025000	43.852211860000	7.990324554000
3.018759434000	13.577310730000	1.466439787000	3.018759434000	43.850104070000	7.990434544000
3.042717842000	13.522760740000	1.473663016000	3.042717842000	43.849499370000	7.989832837000
3.066676250000	13.501048020000	1.478440812000	3.066676250000	43.850651240000	7.989694947000
3.090634658000	13.321510600000	1.494565194000	3.090634658000	43.850329780000	7.987852342000
3.114593066000	13.188256700000	1.511897759000	3.114593066000	43.850464660000	7.987213973000
3.138551475000	13.080334380000	1.523564877000	3.138551475000	43.850574280000	7.983957700000
3.162509883000	13.001823590000	1.532108756000	3.162509883000	43.848490850000	7.982764691000
3.186468291000	12.938205880000	1.545762092000	3.186468291000	43.848637430000	7.982333653000
3.210426699000	12.888828940000	1.548154532000	3.210426699000	43.850978170000	7.983559698000
3.234385107000	12.765440790000	1.558868027000	3.234385107000	43.850444480000	7.983580357000
3.258343516000	12.734786640000	1.556755426000	3.258343516000	43.851626180000	7.982946236000
3.282301924000	12.637629080000	1.572084542000	3.282301924000	43.851494160000	7.982649469000
3.306260332000	12.592146740000	1.576276880000	3.306260332000	43.852177700000	7.983572723000
3.330218740000	12.543053940000	1.589909644000	3.330218740000	43.853292810000	7.983719541000
3.354177148000	12.499031970000	1.594784413000	3.354177148000	43.853602690000	7.983386096000
3.378135557000	12.481999550000	1.602453717000	3.378135557000	43.849603740000	7.982399172000
3.402093965000	12.468206610000	1.604514851000	3.402093965000	43.853722150000	7.984637510000
3.426052373000	12.404490380000	1.613000017000	3.426052373000	43.849099020000	7.981797088000
3.450010781000	12.316692730000	1.623283931000	3.450010781000	43.850700740000	7.985428142000
3.473969189000	12.300144810000	1.626194454000	3.473969189000	43.851737550000	7.984966592000
3.497927598000	12.148552760000	1.650471047000	3.497927598000	43.848648720000	7.984340079000
3.521886006000	12.137882770000	1.650626487000	3.521886006000	43.849032060000	7.984388644000
3.545844414000	12.071941350000	1.660227251000	3.545844414000	43.847269440000	7.985263710000
3.569802822000	12.009900500000	1.666049758000	3.569802822000	43.847336630000	7.985955887000
3.593761231000	11.884185750000	1.677610988000	3.593761231000	43.853956630000	7.979620545000
3.617719639000	11.835152250000	1.680379909000	3.617719639000	43.850742780000	7.983954012000
3.641678047000	11.784334410000	1.683167538000	3.641678047000	43.849865920000	7.985225484000
3.665636455000	11.728371510000	1.685877649000	3.665636455000	43.848369790000	7.983948166000
3.689594863000	11.557746440000	1.698058945000	3.689594863000	43.850358650000	7.983674504000
3.713553272000	11.413660080000	1.712712394000	3.713553272000	43.855396880000	7.984056930000
3.737511680000	11.112066640000	1.742281282000	3.737511680000	43.858479780000	7.985324490000
3.761470088000	11.071338100000	1.747618547000	3.761470088000	43.860773270000	7.985304143000
3.785428496000	10.911567000000	1.764530741000	3.785428496000	43.861132700000	7.985659363000
3.809386904000	10.775712520000	1.779923922000	3.809386904000	43.861957190000	7.985208079000
3.833345313000	10.509867650000	1.812633789000	3.833345313000	43.867472740000	7.986163475000
3.857303721000	10.428502800000	1.817417219000	3.857303721000	43.868847740000	7.986572467000
3.881262129000	10.166364170000	1.846452678000	3.881262129000	43.874604090000	7.989238379000
3.905220537000	10.019472890000	1.868442573000	3.905220537000	43.882865190000	7.987946469000
3.929178945000	9.865532049000	1.886611567000	3.929178945000	43.889952780000	7.986978673000
3.953137354000	9.788935190000	1.893219597000	3.953137354000	43.895210100000	7.987091860000
3.977095762000	9.689433080000	1.899418152000	3.977095762000	43.898056420000	7.985504007000
4.001054170000	9.578887397000	1.917616497000	4.001054170000	43.906559460000	7.983206494000
4.025012578000	9.528013313000	1.919172881000	4.025012578000	43.908102430000	7.984342818000
4.048970986000	9.513739813000	1.925200133000	4.048970986000	43.908379540000	7.984464941000
4.072929395000	9.414619002000	1.941394854000	4.072929395000	43.918135810000	7.980820695000
4.096887803000	9.392051299000	1.897018166000	4.096887803000	43.921426000000	7.983658738000
4.120846211000	9.263043100000	1.910394174000	4.120846211000	43.923423800000	7.984054122000
4.144804619000	9.101642055000	1.918870650000	4.144804619000	43.926256180000	7.984833104000
4.168763027000	8.987060008000	1.925243032000	4.168763027000	43.930758270000	7.982673283000
4.192721436000	8.821202378000	1.947774058000	4.192721436000	43.930738710000	7.982750441000
4.216679844000	8.782599383000	1.950376173000	4.216679844000	43.931831830000	7.982191714000
4.240638252000	8.665535378000	1.965232717000	4.240638252000	43.931141300000	7.981921747000
4.264596660000	8.569524378000	1.974814227000	4.264596660000	43.931104940000	7.982614323000
4.288555068000	8.489722167000	1.984286907000	4.288555068000	43.934020710000	7.981546156000
4.312513477000	8.307089374000	2.011063422000	4.312513477000	43.934316400000	7.980707659000
4.336471885000	8.183926766000	2.022992362000	4.336471885000	43.936805460000	7.978259584000
4.360430293000	8.057977141000	2.040108304000	4.360430293000	43.939770980000	7.977284500000
4.384388701000	7.869589439000	2.053879680000	4.384388701000	43.940947840000	7.978105184000
4.408347109000	7.833752825000	2.061637054000	4.408347109000	43.943970420000	7.976931231000
4.432305518000	7.743842564000	2.071269211000	4.432305518000	43.946725990000	7.977049460000
4.456263926000	7.617321813000	2.087687347000	4.456263926000	43.947613710000	7.975809978000
4.480222334000	7.587886172000	2.090642725000	4.480222334000	43.947870170000	7.974481721000
4.504180742000	7.581187065000	2.093096689000	4.504180742000	43.948673220000	7.974380396000
4.528139150000	7.572561761000	2.094373856000	4.528139150000	43.950039370000	7.973605714000
4.552097559000	7.551903174000	2.100846470000	4.552097559000	43.950007870000	7.973940387000
4.576055967000	7.505275225000	2.104034426000	4.576055967000	43.950452620000	7.973965939000
4.600014375000	7.504179164000	2.103557707000	4.600014375000	43.950421320000	7.973691954000
4.623972783000	7.496463038000	2.102734313000	4.623972783000	43.951290370000	7.971836871000
4.647931191000	7.502335539000	2.102779134000	4.647931191000	43.952534300000	7.970898712000
4.671889600000	7.507432808000	2.103138485000	4.671889600000	43.952364910000	7.969972317000
4.695848008000	7.501157547000	2.102525466000	4.695848008000	43.951663720000	7.971228285000
4.719806416000	7.382255168000	2.111647047000	4.719806416000	43.952780320000	7.971020431000
4.743764824000	7.369359195000	2.112450453000	4.743764824000	43.954584740000	7.969401767000
4.767723232000	7.337344000000	2.117367443000	4.767723232000	43.956109330000	7.967936302000
4.791681641000	7.218987564000	2.127977974000	4.791681641000	43.959291390000	7.965433472000
4.815640049000	7.211273726000	2.130670307000	4.815640049000	43.958748780000	7.964880082000
4.839598457000	7.159653072000	2.135190359000	4.839598457000	43.960876450000	7.963590867000
4.863556865000	7.100049403000	2.143642611000	4.863556865000	43.960603410000	7.964161265000
4.887515273000	7.073270620000	2.148938993000	4.887515273000	43.963614530000	7.962211353000
4.911473682000	7.060718825000	2.147856857000	4.911473682000	43.964303130000	7.962720849000
4.935432090000	7.048504798000	2.140919168000	4.935432090000	43.965878780000	7.958930579000
4.959390498000	7.055111643000	2.141444756000	4.959390498000	43.966371460000	7.959242829000
4.983348906000	7.065581456000	2.142143894000	4.983348906000	43.966719840000	7.959061070000
5.007307315000	7.067579095000	2.145524292000	5.007307315000	43.961368690000	7.961125258000
5.031265723000	7.051767433000	2.140443977000	5.031265723000	43.966150670000	7.959655711000
5.055224131000	7.050109942000	2.141251228000	5.055224131000	43.964822660000	7.959457786000
5.079182539000	7.059592381000	2.142786482000	5.079182539000	43.964185140000	7.959197872000
5.103140947000	7.065923448000	2.143418039000	5.103140947000	43.964449300000	7.958685639000
5.127099356000	7.078511116000	2.144218714000	5.127099356000	43.965983740000	7.958993781000
5.151057764000	7.067523380000	2.144666472000	5.151057764000	43.966683210000	7.958299667000
5.175016172000	7.065919572000	2.137807119000	5.175016172000	43.963624760000	7.957531573000
5.198974580000	7.066226974000	2.127494135000	5.198974580000	43.967622080000	7.954306002000
5.222932988000	7.091242805000	2.121688149000	5.222932988000	43.966912510000	7.955259819000
5.246891397000	7.083982557000	2.126442916000	5.246891397000	43.967447560000	7.956541904000
5.270849805000	7.116423935000	2.128277077000	5.270849805000	43.970939990000	7.956844812000
5.294808213000	7.159908965000	2.129804295000	5.294808213000	43.969783620000	7.958696010000
5.318766621000	7.171834381000	2.131305290000	5.318766621000	43.970602520000	7.957131026000
5.342725029000	7.207439748000	2.123256104000	5.342725029000	43.971523610000	7.956365065000
5.366683438000	7.225272825000	2.116813287000	5.366683438000	43.973368760000	7.954990464000
5.390641846000	7.220643774000	2.120903705000	5.390641846000	43.971181470000	7.955058975000
5.414600254000	7.222721167000	2.131136590000	5.414600254000	43.972055890000	7.959847552000
5.438558662000	7.239765295000	2.128662564000	5.438558662000	43.971214010000	7.957029666000
5.462517070000	7.234027160000	2.125998891000	5.462517070000	43.972158750000	7.958366715000
5.486475479000	7.230525593000	2.129059170000	5.486475479000	43.971344360000	7.958407329000
5.510433887000	7.226178839000	2.130282443000	5.510433887000	43.971067270000	7.958703323000
5.534392295000	7.271636924000	2.120428011000	5.534392295000	43.976422080000	7.954239738000
5.558350703000	7.288851556000	2.118632701000	5.558350703000	43.974652180000	7.953790856000
5.582309111000	7.291771838000	2.119079010000	5.582309111000	43.972749070000	7.956823974000
5.606267520000	7.293643902000	2.118155111000	5.606267520000	43.967668650000	7.958975012000
5.630225928000	7.288175224000	2.122993396000	5.630225928000	43.971799490000	7.958047634000
5.654184336000	7.293437099000	2.124430757000	5.654184336000	43.969414640000	7.958054852000
5.678142744000	7.290247579000	2.124441681000	5.678142744000	43.969221550000	7.960652553000
5.702101152000	7.294322185000	2.124059128000	5.702101152000	43.970842060000	7.960738553000
5.726059561000	7.290298299000	2.124357761000	5.726059561000	43.969675200000	7.961073925000
5.750017969000	7.284511139000	2.127168763000	5.750017969000	43.968786850000	7.961328560000
5.773976377000	7.295356292000	2.120143963000	5.773976377000	43.972474850000	7.962537822000
5.797934785000	7.295560477000	2.122951933000	5.797934785000	43.967771750000	7.964319444000
5.821893193000	7.313806168000	2.120227583000	5.821893193000	43.972141560000	7.962798345000
5.845851602000	7.308650884000	2.115644478000	5.845851602000	43.968048260000	7.963678421000
5.869810010000	7.381076778000	2.099838038000	5.869810010000	43.968401340000	7.965578683000
5.893768418000	7.376112461000	2.086756293000	5.893768418000	43.970235730000	7.966351857000
5.917726826000	7.420300383000	2.087339538000	5.917726826000	43.967435730000	7.967721341000
5.941685234000	7.481098328000	2.080802235000	5.941685234000	43.968306260000	7.969858133000
5.965643643000	7.514411412000	2.076580952000	5.965643643000	43.970518340000	7.968798473000
5.989602051000	7.540303740000	2.077062953000	5.989602051000	43.968417430000	7.967668070000
6.013560459000	7.540712542000	2.078066482000	6.013560459000	43.969613030000	7.969795802000
6.037518867000	7.580218916000	2.071679836000	6.037518867000	43.969879370000	7.968426201000
6.061477275000	7.612826117000	2.061663629000	6.061477275000	43.967091500000	7.970583711000
6.085435684000	7.620878584000	2.062761726000	6.085435684000	43.967218970000	7.971183345000
6.109394092000	7.658190663000	2.055687887000	6.109394092000	43.968016940000	7.969785995000
6.133352500000	7.640439341000	2.051902847000	6.133352500000	43.966892320000	7.970470669000
6.157310908000	7.653580155000	2.062950788000	6.157310908000	43.966659490000	7.969434274000
6.181269316000	7.660452309000	2.062439426000	6.181269316000	43.965056730000	7.971245619000
6.205227725000	7.660543863000	2.062714426000	6.205227725000	43.962986760000	7.972174367000
6.229186133000	7.667044552000	2.064642514000	6.229186133000	43.963327010000	7.972117626000
6.253144541000	7.704161430000	2.062645779000	6.253144541000	43.965710540000	7.971811818000
6.277102949000	7.734855926000	2.066019411000	6.277102949000	43.964191530000	7.971469507000
6.301061357000	7.734380657000	2.069538110000	6.301061357000	43.963825790000	7.972224536000
6.325019766000	7.739131478000	2.069308887000	6.325019766000	43.961672190000	7.973011527000
6.348978174000	7.739540228000	2.066407682000	6.348978174000	43.961401670000	7.973053081000
6.372936582000	7.752946045000	2.071726297000	6.372936582000	43.961790840000	7.973172886000
6.396894990000	7.753015953000	2.073065531000	6.396894990000	43.962588570000	7.972031075000
6.420853399000	7.784869644000	2.067692987000	6.420853399000	43.961640270000	7.973469260000
6.444811807000	7.809736740000	2.064768793000	6.444811807000	43.962939080000	7.972557459000
6.468770215000	7.818408963000	2.062996945000	6.468770215000	43.962505670000	7.972701758000
6.492728623000	7.830263350000	2.061145202000	6.492728623000	43.960957990000	7.973172421000
6.516687031000	7.934786855000	2.045444161000	6.516687031000	43.961637010000	7.971293027000
6.540645440000	8.143538317000	2.006655278000	6.540645440000	43.957992560000	7.968627681000
6.564603848000	8.447746385000	1.972741034000	6.564603848000	43.958730470000	7.964766405000
6.588562256000	8.780734703000	1.950649210000	6.588562256000	43.957877500000	7.964307944000
6.612520664000	9.357107461000	1.900216238000	6.612520664000	43.954562150000	7.962034682000
6.636479072000	9.779896778000	1.886097189000	6.636479072000	43.950463470000	7.969139527000
6.660437481000	10.085509390000	1.863760966000	6.660437481000	43.945825420000	7.974371980000
			6.684395889000	43.935778270000	7.978806120000
			6.708354297000	43.940636990000	7.976574844000
			6.732312705000	43.934906790000	7.982568299000
			6.756271113000	43.887422410000	8.026315031000
			6.780229522000	43.888275630000	8.000811603000
			6.804187930000	43.884682470000	8.022075091000
			6.828146338000	43.892350380000	8.031780994000
			6.852104746000	43.878038800000	8.047144425000
			6.876063154000	43.867269720000	8.052202499000
			6.900021563000	43.874517180000	8.053466833000
			6.923979971000	43.875818390000	8.057697640000
			6.947938379000	43.867507890000	8.064002751000
			6.971896787000	43.863043260000	8.059319653000
