GMfasBEST			GMext					
t	x	y	t	x	y			
0.00000000000	19.57118674000	1.18808521100	0.00000000000	3.97093013000	11.43254765000			
0.05961251863	19.59474769000	1.18742185000	0.05961251863	3.96956227200	11.43183267000			
0.11922503730	19.65522818000	1.18059193500	0.11922503730	3.96931607700	11.43212783000			
0.17883755590	19.71156050000	1.17557139500	0.17883755590	3.97018236400	11.43208089000			
0.23845007450	19.74306584000	1.17246054300	0.23845007450	3.97056920400	11.43211439000			
0.29806259310	19.85865711000	1.16155207900	0.29806259310	3.96851468800	11.43280402000			
0.35767511180	19.90569928000	1.15560662800	0.35767511180	3.96854573300	11.43218885000			
0.41728763040	19.96550999000	1.15122841100	0.41728763040	3.96709986100	11.43255855000			
0.47690014900	19.98898212000	1.15311673900	0.47690014900	3.96674892300	11.43248113000			
0.53651266770	20.03124093000	1.14569357600	0.53651266770	3.96578622000	11.43274175000			
0.59612518630	20.10900752000	1.13367899400	0.59612518630	3.96748172600	11.43187334000			
0.65573770490	20.16253317000	1.13119871800	0.65573770490	3.96738349200	11.43207795000			
0.71535022350	20.21338848000	1.13748380900	0.71535022350	3.96701418500	11.43201056000			
0.77496274220	20.44341243000	1.13857794200	0.77496274220	3.96679516100	11.43272152000			
0.83457526080	20.47229563000	1.14219794100	0.83457526080	3.96792637300	11.43232442000			
0.89418777940	20.52520447000	1.14537473100	0.89418777940	3.96720120500	11.43270988000			
0.95380029810	20.57153960000	1.14214626100	0.95380029810	3.96700913600	11.43179258000			
1.01341281700	20.59569552000	1.14155583200	1.01341281700	3.96629072400	11.43235232000			
1.07302533500	20.63246399000	1.14151543700	1.07302533500	3.96506132200	11.43271250000			
1.13263785400	20.72656759000	1.13527484400	1.13263785400	3.96245960500	11.43262285000			
1.19225037300	20.79681764000	1.12467676400	1.19225037300	3.96259527400	11.43343099000			
1.25186289100	20.88452153000	1.11126817000	1.25186289100	3.96262941400	11.43361629000			
1.31147541000	21.04383713000	1.09205463700	1.31147541000	3.96193818000	11.43388111000			
1.37108792800	21.11677340000	1.08428762900	1.37108792800	3.96257141800	11.43350104000			
1.43070044700	21.20345813000	1.08116522100	1.43070044700	3.96040091800	11.43322998000			
1.49031296600	21.28726346000	1.07506711600	1.49031296600	3.96255936400	11.43356373000			
1.54992548400	21.35656263000	1.06906122300	1.54992548400	3.96360069700	11.43329822000			
1.60953800300	21.42159651000	1.06873086800	1.60953800300	3.96347397800	11.43332178000			
1.66915052200	21.50063643000	1.05685565800	1.66915052200	3.96474368400	11.43358064000			
1.72876304000	21.54939716000	1.05263454200	1.72876304000	3.96267048200	11.43320354000			
1.78837555900	21.57690151000	1.05234372800	1.78837555900	3.96240537100	11.43445721000			
1.84798807700	21.63878466000	1.04428861200	1.84798807700	3.96090700400	11.43454504000			
1.90760059600	21.69837857000	1.03021557500	1.90760059600	3.96137450800	11.43437409000			
1.96721311500	21.75755337000	1.02989867300	1.96721311500	3.95910060500	11.43527385000			
2.02682563300	21.78605575000	1.02060431200	2.02682563300	3.95824557700	11.43541098000			
2.08643815200	21.86219078000	1.01337882300	2.08643815200	3.95586758100	11.43590321000			
2.14605067100	21.94738535000	1.00497804100	2.14605067100	3.95952600400	11.43548874000			
2.20566318900	21.99025370000	1.00095902000	2.20566318900	3.94969059400	11.43628784000			
2.26527570800	22.04741464000	0.98653361370	2.26527570800	3.95056133000	11.43733070000			
2.32488822700	22.10659756000	0.97944084120	2.32488822700	3.94857897700	11.43858370000			
2.38450074500	22.11791385000	0.98327839810	2.38450074500	3.94385661700	11.44089693000			
2.44411326400	22.18674739000	0.98779796130	2.44411326400	3.92546263800	11.44337716000			
2.50372578200	22.22158348000	0.97810636400	2.50372578200	3.91241513400	11.44487123000			
2.56333830100	22.25476332000	0.97326804670	2.56333830100	3.89340206800	11.44735590000			
2.62295082000	22.30185985000	0.95665886680	2.62295082000	3.89674208100	11.44932389000			
2.68256333800	22.37157652000	0.94210749520	2.68256333800	3.88517612200	11.44903555000			
2.74217585700	22.47448688000	0.93851925370	2.74217585700	3.88450967200	11.44891225000			
2.80178837600	22.53375028000	0.93070688660	2.80178837600	3.87780800800	11.45011295000			
2.86140089400	22.56187326000	0.92637890120	2.86140089400	3.87790931300	11.44883320000			
2.92101341300	22.58823275000	0.92576951080	2.92101341300	3.87771684300	11.44960450000			
2.98062593100	22.65427209000	0.91867156310	2.98062593100	3.87941170500	11.44959965000			
3.04023845000	22.70231913000	0.91858723470	3.04023845000	3.86841994900	11.45085570000			
3.09985096900	22.76458857000	0.90207125300	3.09985096900	3.86127437800	11.45052817000			
3.15946348700	22.76751558000	0.90232254540	3.15946348700	3.85405851900	11.45034046000			
3.21907600600	22.80917543000	0.89654312200	3.21907600600	3.83463592200	11.45180467000			
3.27868852500	22.86277789000	0.90250718820	3.27868852500	3.82130473100	11.45423186000			
3.33830104300	22.86857034000	0.90315316430	3.33830104300	3.81310977200	11.45550872000			
3.39791356200	22.90325566000	0.89973316740	3.39791356200	3.80131103100	11.45663206000			
3.45752608000	22.96112568000	0.89368408720	3.45752608000	3.78686545800	11.46078345000			
3.51713859900	23.03467178000	0.87904044840	3.51713859900	3.76427802900	11.46383449000			
3.57675111800	23.14081268000	0.86808577930	3.57675111800	3.75618339100	11.46541139000			
3.63636363600	23.16417913000	0.86943838090	3.63636363600	3.74635377300	11.46592182000			
3.69597615500	23.25428609000	0.86329707620	3.69597615500	3.75140357900	11.46589818000			
3.75558867400	23.27943113000	0.86128785790	3.75558867400	3.74322390400	11.46655405000			
3.81520119200	23.37368453000	0.85146092610	3.81520119200	3.73721311500	11.46731697000			
3.87481371100	23.45225134000	0.84315218710	3.87481371100	3.73692721600	11.46748904000			
3.93442623000	23.50095424000	0.84196045750	3.93442623000	3.72449632900	11.46794786000			
3.99403874800	23.57798970000	0.85049186940	3.99403874800	3.73318860300	11.46687669000			
4.05365126700	23.73670521000	0.85457680110	4.05365126700	3.72312185300	11.46717590000			
4.11326378500	23.79021517000	0.86160601240	4.11326378500	3.72361905600	11.46652560000			
4.17287630400	23.80331913000	0.86063563230	4.17287630400	3.72173453500	11.46621900000			
4.23248882300	23.93246495000	0.85300760880	4.23248882300	3.71241949100	11.46899220000			
4.29210134100	23.99788688000	0.84254011940	4.29210134100	3.70730792000	11.46670122000			
4.35171386000	24.02164747000	0.84235708990	4.35171386000	3.70342270400	11.46739329000			
4.41132637900	24.01908063000	0.84595520680	4.41132637900	3.69962691300	11.46709121000			
4.47093889700	24.01883373000	0.85298646830	4.47093889700	3.69081286400	11.46759074000			
4.53055141600	24.01842997000	0.86822862910	4.53055141600	3.68010099000	11.46865003000			
4.59016393400	24.03433471000	0.88564427590	4.59016393400	3.66903271500	11.47021138000			
4.64977645300	24.15450777000	0.88898046910	4.64977645300	3.67239117700	11.46965526000			
4.70938897200	24.18391122000	0.89239856470	4.70938897200	3.66802917000	11.47090963000			
4.76900149000	24.24855575000	0.89183772960	4.76900149000	3.66005554200	11.47182119000			
4.82861400900	24.28638910000	0.88888974830	4.82861400900	3.65836543400	11.47194819000			
4.88822652800	24.31526657000	0.88833634730	4.88822652800	3.65641390900	11.47314006000			
4.94783904600	24.34934204000	0.88925208650	4.94783904600	3.65405338900	11.47394704000			
5.00745156500	24.38602139000	0.88742806190	5.00745156500	3.65288575200	11.47423349000			
5.06706408300	24.41327981000	0.88944821860	5.06706408300	3.65515604800	11.47406104000			
5.12667660200	24.43009290000	0.88951886540	5.12667660200	3.65380833900	11.47449050000			
5.18628912100	24.44420584000	0.88721742470	5.18628912100	3.65469774100	11.47505391000			
5.24590163900	24.51626810000	0.87940913480	5.24590163900	3.65505700500	11.47463126000			
5.30551415800	24.54723423000	0.88531908630	5.30551415800	3.65211349100	11.47623637000			
5.36512667700	24.62076933000	0.89960924110	5.36512667700	3.64965393400	11.47677361000			
5.42473919500	24.69796372000	0.90304882390	5.42473919500	3.64792878300	11.47763225000			
5.48435171400	24.75246337000	0.90077162060	5.48435171400	3.64569273100	11.47759543000			
5.54396423200	24.77213423000	0.90140845770	5.54396423200	3.64216449600	11.47896965000			
5.60357675100	24.84907489000	0.89657614350	5.60357675100	3.64164895600	11.47923525000			
5.66318927000	24.93012846000	0.89052102300	5.66318927000	3.64197062900	11.47912495000			
5.72280178800	24.96975461000	0.88838993130	5.72280178800	3.64169231100	11.47882313000			
5.78241430700	25.01992236000	0.88513081600	5.78241430700	3.64410048300	11.47806065000			
5.84202682600	25.04032880000	0.88332835830	5.84202682600	3.64157942600	11.47844568000			
5.90163934400	25.03228262000	0.88664139510	5.90163934400	3.63652536300	11.48025805000			
5.96125186300	25.04750604000	0.88298424590	5.96125186300	3.63487178700	11.48043817000			
6.02086438200	25.04504468000	0.87853518230	6.02086438200	3.61795810100	11.48201379000			
6.08047690000	25.04830011000	0.88526177400	6.08047690000	3.59585244000	11.48518419000			
6.14008941900	25.06063248000	0.88266871230	6.14008941900	3.58179744900	11.48716175000			
6.19970193700	25.06333463000	0.88326447010	6.19970193700	3.55932044200	11.49143000000			
6.25931445600	25.09089534000	0.88289948450	6.25931445600	3.54836007800	11.48972315000			
6.31892697500	25.01567982000	0.88650773070	6.31892697500	3.51130478500	11.49689481000			
6.37853949300	25.05318737000	0.88522731170	6.37853949300	3.49718271800	11.50300613000			
6.43815201200	25.13887150000	0.88208644100	6.43815201200	3.49199764200	11.50621562000			
6.49776453100	25.17259474000	0.86785068670	6.49776453100	3.47943989700	11.50850337000			
6.55737704900	25.20455765000	0.86611828850	6.55737704900	3.47717328100	11.51118956000			
6.61698956800	25.26588184000	0.86557401320	6.61698956800	3.47701547400	11.51246876000			
6.67660208600	25.25972004000	0.86326280560	6.67660208600	3.46477875900	11.50543914000			
6.73621460500	25.28992765000	0.85740021520	6.73621460500	3.44917920900	11.50910303000			
6.79582712400	25.33940787000	0.85164062690	6.79582712400	3.42055917500	11.51472090000			
6.85543964200	25.33277530000	0.85051181400	6.85543964200	3.39042088600	11.50924044000			
6.91505216100	25.35995454000	0.84569241860	6.91505216100	3.36551559000	11.51532227000			
6.97466468000	25.40023733000	0.84205774640	6.97466468000	3.35710264400	11.51784277000			
7.03427719800	25.49087253000	0.83009685030	7.03427719800	3.34131837700	11.52354097000			
7.09388971700	25.49163364000	0.83079633160	7.09388971700	3.30851288600	11.52353033000			
7.15350223500	25.51536872000	0.82444725120	7.15350223500	3.28969605000	11.52694957000			
7.21311475400	25.58326041000	0.81502630270	7.21311475400	3.27235010900	11.53242504000			
7.27272727300	25.59539648000	0.81683310250	7.27272727300	3.26278069800	11.53171594000			
7.33233979100	25.62033146000	0.81703717640	7.33233979100	3.25037458800	11.52623528000			
7.39195231000	25.64145037000	0.81783213370	7.39195231000	3.24429434500	11.52722627000			
7.45156482900	25.68887041000	0.81308645480	7.45156482900	3.23317590100	11.52962287000			
7.51117734700	25.72246403000	0.81211028930	7.51117734700	3.22899767900	11.52844881000			
7.57078986600	25.73170700000	0.81978573500	7.57078986600	3.22483521200	11.52835270000			
7.63040238500	25.71107565000	0.84395676110	7.63040238500	3.22097414200	11.52915210000			
7.69001490300	25.70962408000	0.86122296490	7.69001490300	3.21729753100	11.52777314000			
7.74962742200	25.78676309000	0.86476281630	7.74962742200	3.22009842700	11.52813344000			
7.80923994000	25.76574151000	0.86995291160	7.80923994000	3.21841954600	11.52761293000			
7.86885245900	25.77962751000	0.86963745050	7.86885245900	3.21690319400	11.52756187000			
7.92846497800	25.77453981000	0.87185461410	7.92846497800	3.22245456900	11.52700377000			
7.98807749600	25.79320619000	0.87353224530	7.98807749600	3.21987255800	11.52720058000			
8.04769001500	25.78729275000	0.87763768280	8.04769001500	3.22172409900	11.52652674000			
8.10730253400	25.82247262000	0.87712733970	8.10730253400	3.22055626900	11.52541383000			
8.16691505200	25.88017207000	0.87432198220	8.16691505200	3.22188714100	11.52556108000			
8.22652757100	25.94193836000	0.87432340670	8.22652757100	3.22319147800	11.52585081000			
8.28614008900	25.94642794000	0.86859196010	8.28614008900	3.22177432500	11.52621392000			
8.34575260800	25.99032026000	0.86532287280	8.34575260800	3.22023213400	11.52594847000			
8.40536512700	26.01362417000	0.86309143330	8.40536512700	3.21954840500	11.52514439000			
8.46497764500	25.97776974000	0.86528492680	8.46497764500	3.21452564000	11.52602171000			
8.52459016400	25.99110947000	0.86297480290	8.52459016400	3.21493546500	11.52582984000			
8.58420268300	26.01721927000	0.85738856290	8.58420268300	3.21241672900	11.52644527000			
8.64381520100	26.03568737000	0.85508174780	8.64381520100	3.21612573100	11.52622482000			
8.70342772000	26.05074310000	0.85666508660	8.70342772000	3.21519926300	11.52554357000			
8.76304023800	26.06302616000	0.85904976930	8.76304023800	3.21654529700	11.52559300000			
8.82265275700	26.06497841000	0.86306384280	8.82265275700	3.21364355000	11.52605912000			
8.88226527600	26.07027892000	0.85689967800	8.88226527600	3.21436155800	11.52571769000			
8.94187779400	26.06520369000	0.86840075370	8.94187779400	3.21172171400	11.52632384000			
9.00149031300	26.04869204000	0.87534777080	9.00149031300	3.20594400700	11.52797661000			
9.06110283200	26.04507344000	0.89385902810	9.06110283200	3.20318525900	11.52852610000			
9.12071535000	26.04458914000	0.90199986920	9.12071535000	3.20547455300	11.52821864000			
9.18032786900	26.04643068000	0.91034378980	9.18032786900	3.19713930800	11.52951932000			
9.23994038700	26.04694885000	0.91199401470	9.23994038700	3.20085353300	11.52940993000			
9.29955290600	26.06826510000	0.91033796530	9.29955290600	3.20376106800	11.52857364000			
9.35916542500	26.06062992000	0.90882070150	9.35916542500	3.20348269200	11.52881097000			
9.41877794300	26.08075676000	0.90381130020	9.41877794300	3.20408391300	11.52862795000			
9.47839046200	26.08873066000	0.90142678460	9.47839046200	3.20178957000	11.52896760000			
9.53800298100	26.09402284000	0.90479710830	9.53800298100	3.20642272000	11.52775434000			
9.59761549900	26.09656864000	0.90453742950	9.59761549900	3.20513786000	11.52814681000			
9.65722801800	26.09501780000	0.90672670810	9.65722801800	3.20301962400	11.52965770000			
9.71684053700	26.07544681000	0.90923274620	9.71684053700	3.19854124700	11.52951288000			
9.77645305500	26.06904577000	0.90961517510	9.77645305500	3.20250355000	11.53090449000			
9.83606557400	26.06424595000	0.91089909510	9.83606557400	3.19929155500	11.53035902000			
9.89567809200	26.06686770000	0.90972077950	9.89567809200	3.19817738300	11.53091860000			
9.95529061100	26.06916578000	0.90905320330	9.95529061100	3.19945121800	11.53018060000			
10.01490313000	26.07713980000	0.90865936700	10.01490313000	3.20213764000	11.53068652000			
10.07451565000	26.06823975000	0.91195380420	10.07451565000	3.20070428000	11.52969368000			
10.13412817000	26.07242359000	0.90965076650	10.13412817000	3.20148306900	11.52904621000			
10.19374069000	26.06764239000	0.91031932880	10.19374069000	3.19801253600	11.53029124000			
10.25335320000	26.06941251000	0.91047588800	10.25335320000	3.20099428400	11.52942730000			
10.31296572000	26.07285433000	0.91068270930	10.31296572000	3.20224455200	11.52944490000			
10.37257824000	26.08531917000	0.90906123140	10.37257824000	3.20345114700	11.52898010000			
10.43219076000	26.08308105000	0.90945785450	10.43219076000	3.20636425800	11.52872235000			
10.49180328000	26.09335907000	0.90882602760	10.49180328000	3.20731104200	11.52828729000			
10.55141580000	26.08159093000	0.91071682400	10.55141580000	3.20666453500	11.52868019000			
10.61102832000	26.08609404000	0.91165694500	10.61102832000	3.20470964600	11.52828605000			
10.67064083000	26.09083937000	0.91019407150	10.67064083000	3.20719521900	11.52827820000			
10.73025335000	26.08907569000	0.91021390180	10.73025335000	3.20688422500	11.52829394000			
10.78986587000	26.08958600000	0.91019224200	10.78986587000	3.20792685100	11.52807952000			
10.84947839000	26.07889507000	0.91339433500	10.84947839000	3.20688030500	11.52824793000			
10.90909091000	26.08050199000	0.91435165640	10.90909091000	3.20458534300	11.52845937000			
10.96870343000	26.09478328000	0.91231856340	10.96870343000	3.20614742300	11.52917796000			
11.02831595000	26.16612861000	0.90807954030	11.02831595000	3.20701767200	11.52924457000			
11.08792846000	26.19598778000	0.90349848190	11.08792846000	3.20767652100	11.52942964000			
11.14754098000	26.21509644000	0.90285476010	11.14754098000	3.20718441900	11.52934719000			
11.20715350000	26.23620130000	0.90099035870	11.20715350000	3.20703290500	11.52905636000			
11.26676602000	26.24398686000	0.89745590120	11.26676602000	3.20607663400	11.52938228000			
11.32637854000	26.28505983000	0.89159011480	11.32637854000	3.20891988300	11.52993377000			
11.38599106000	26.30090214000	0.88916269180	11.38599106000	3.21201240200	11.52956196000			
11.44560358000	26.31125099000	0.88700022030	11.44560358000	3.21174880200	11.52979718000			
11.50521610000	26.34163296000	0.88430276800	11.50521610000	3.20908556300	11.53096795000			
11.56482861000	26.36793500000	0.88043010270	11.56482861000	3.20908339400	11.53079874000			
11.62444113000	26.34869422000	0.88466166070	11.62444113000	3.20960098400	11.53035309000			
11.68405365000	26.36437273000	0.88348070130	11.68405365000	3.21042157200	11.53061582000			
11.74366617000	26.36927598000	0.88380952200	11.74366617000	3.21069482700	11.53053371000			
11.80327869000	26.40991818000	0.88392574530	11.80327869000	3.21196693600	11.53073677000			
11.86289121000	26.43700847000	0.88115433060	11.86289121000	3.21003868200	11.53017341000			
11.92250373000	26.41805463000	0.88759085060	11.92250373000	3.21218854900	11.53114038000			
11.98211624000	26.40369030000	0.88466505160	11.98211624000	3.21220806200	11.53134902000			
12.04172876000	26.39219116000	0.88369273350	12.04172876000	3.21077737700	11.53026063000			
12.10134128000	26.36086573000	0.88799857740	12.10134128000	3.20978611700	11.52972545000			
12.16095380000	26.35782471000	0.89238569330	12.16095380000	3.21125041400	11.53032986000			
12.22056632000	26.37650154000	0.88581985180	12.22056632000	3.21375830800	11.52980974000			
12.28017884000	26.36257785000	0.88081786400	12.28017884000	3.21269519000	11.52934031000			
12.33979136000	26.35312498000	0.87968370780	12.33979136000	3.21200435900	11.52973053000			
12.39940387000	26.32740133000	0.88038316960	12.39940387000	3.21269335300	11.52952133000			
12.45901639000	26.21204762000	0.89498536140	12.45901639000	3.20885504600	11.52918688000			
12.51862891000	26.10342300000	0.90138342920	12.51862891000	3.20855172800	11.52920149000			
12.57824143000	26.08722451000	0.90296820320	12.57824143000	3.20922291400	11.52856477000			
12.63785395000	26.07027448000	0.90429872240	12.63785395000	3.20671824900	11.52884087000			
12.69746647000	26.09109725000	0.90297359570	12.69746647000	3.20935075000	11.52864008000			
12.75707899000	26.09939114000	0.89906150760	12.75707899000	3.20797382700	11.52874067000			
12.81669151000	26.08872733000	0.90258169340	12.81669151000	3.20752370900	11.52837686000			
12.87630402000	26.08785081000	0.89982496560	12.87630402000	3.20803119900	11.52769281000			
12.93591654000	26.08402534000	0.90074169210	12.93591654000	3.20658319100	11.52727434000			
12.99552906000	26.08065987000	0.90248780990	12.99552906000	3.20721981700	11.52695549000			
13.05514158000	26.08314748000	0.90050998250	13.05514158000	3.20863036100	11.52781586000			
13.11475410000	26.08144864000	0.89754508840	13.11475410000	3.20875488200	11.52685921000			
13.17436662000	26.07898293000	0.89599645010	13.17436662000	3.20881078900	11.52610903000			
13.23397914000	26.05411635000	0.89633841050	13.23397914000	3.20499432500	11.52663513000			
13.29359165000	25.88216367000	0.89206688510	13.29359165000	3.20568973700	11.52669415000			
13.35320417000	25.74814464000	0.88585037480	13.35320417000	3.20596924100	11.52676587000			
13.41281669000	25.66885723000	0.88417223900	13.41281669000	3.20782344000	11.52609968000			
13.47242921000	25.64050508000	0.88754691370	13.47242921000	3.20697157800	11.52638852000			
13.53204173000	25.67586525000	0.88328913560	13.53204173000	3.20684470300	11.52649153000			
13.59165425000	25.67584592000	0.88524799180	13.59165425000	3.20737846500	11.52657935000			
13.65126677000	25.68445629000	0.88509754500	13.65126677000	3.20577718400	11.52667450000			
13.71087928000	25.69304256000	0.88362848610	13.71087928000	3.20473095800	11.52686723000			
13.77049180000	25.72300892000	0.87940767000	13.77049180000	3.20477783500	11.52659080000			
13.83010432000	25.77930454000	0.87438806120	13.83010432000	3.20638867400	11.52706404000			
13.88971684000	25.74751631000	0.87845287820	13.88971684000	3.20593856000	11.52713695000			
13.94932936000	25.71024993000	0.87879958870	13.94932936000	3.20517247800	11.52634420000			
14.00894188000	25.68363964000	0.88180382650	14.00894188000	3.20736864200	11.52612193000			
14.06855440000	25.67673694000	0.88143044480	14.06855440000	3.20645128500	11.52642633000			
14.12816692000	25.66686026000	0.88248499750	14.12816692000	3.20476229900	11.52621558000			
14.18777943000	25.61486097000	0.88540160260	14.18777943000	3.20802862400	11.52595847000			
14.24739195000	25.60970727000	0.88581718670	14.24739195000	3.20538425200	11.52680578000			
14.30700447000	25.60773254000	0.88321205960	14.30700447000	3.20755891000	11.52602869000			
14.36661699000	25.53372239000	0.89119333220	14.36661699000	3.20687821600	11.52615009000			
14.42622951000	25.49422645000	0.88786863570	14.42622951000	3.20693878700	11.52588471000			
14.48584203000	25.42458241000	0.89219357520	14.48584203000	3.20588077000	11.52580625000			
14.54545455000	25.33183133000	0.90667309480	14.54545455000	3.20572179900	11.52524395000			
14.60506706000	25.34436703000	0.90799269990	14.60506706000	3.20620457500	11.52529182000			
14.66467958000	25.24803017000	0.91944816650	14.66467958000	3.20413552600	11.52494100000			
14.72429210000	25.19256086000	0.92481118800	14.72429210000	3.20293585900	11.52521919000			
14.78390462000	25.18806110000	0.92933316260	14.78390462000	3.20871001000	11.52507977000			
14.84351714000	25.17894186000	0.93080108780	14.84351714000	3.20423734400	11.52583831000			
14.90312966000	25.17518027000	0.93657705450	14.90312966000	3.20408858100	11.52556233000			
14.96274218000	25.17764567000	0.93667658240	14.96274218000	3.20537921800	11.52601619000			
15.02235469000	25.14691827000	0.94087252130	15.02235469000	3.20684616800	11.52496219000			
15.08196721000	25.12599943000	0.94282046350	15.08196721000	3.20513235000	11.52516125000			
15.14157973000	25.10246644000	0.94647833020	15.14157973000	3.20575081000	11.52509351000			
15.20119225000	25.07383534000	0.95117786830	15.20119225000	3.20531774600	11.52470351000			
15.26080477000	25.06694338000	0.95066025140	15.26080477000	3.20652396000	11.52456777000			
15.32041729000	25.04020629000	0.95162203070	15.32041729000	3.20951872500	11.52372459000			
15.38002981000	24.99709269000	0.96059440990	15.38002981000	3.20717588000	11.52429924000			
15.43964232000	24.99683181000	0.96071958820	15.43964232000	3.20808348300	11.52447834000			
15.49925484000	25.02599926000	0.95339727560	15.49925484000	3.20731061500	11.52425571000			
15.55886736000	24.99410848000	0.95598064630	15.55886736000	3.20711114300	11.52474478000			
15.61847988000	25.00504034000	0.95410762090	15.61847988000	3.20626081000	11.52474323000			
15.67809240000	24.91672619000	0.96602174340	15.67809240000	3.20789703500	11.52448373000			
15.73770492000	24.89438356000	0.96596598970	15.73770492000	3.20824514000	11.52389571000			
15.79731744000	24.91740564000	0.96678047980	15.79731744000	3.20620951700	11.52402389000			
15.85692996000	24.89571769000	0.96777809940	15.85692996000	3.20994110900	11.52403852000			
15.91654247000	24.86611099000	0.97337937570	15.91654247000	3.20672813300	11.52410506000			
15.97615499000	24.87293301000	0.97379499650	15.97615499000	3.20982273800	11.52383691000			
16.03576751000	24.88577669000	0.96966256380	16.03576751000	3.20847753800	11.52394133000			
16.09538003000	24.86521057000	0.97200710090	16.09538003000	3.20841652000	11.52399306000			
16.15499255000	24.86419890000	0.97184168010	16.15499255000	3.20943411400	11.52371719000			
16.21460507000	24.81885876000	0.97627084260	16.21460507000	3.21054944100	11.52403321000			
16.27421759000	24.79879802000	0.97933590320	16.27421759000	3.20959727700	11.52420702000			
16.33383010000	24.79271257000	0.98239085520	16.33383010000	3.21031481100	11.52378626000			
16.39344262000	24.75507247000	0.98266669550	16.39344262000	3.20764247000	11.52232313000			
16.45305514000	24.73975780000	0.98661834400	16.45305514000	3.20693387300	11.52264021000			
16.51266766000	24.72176367000	0.99027368460	16.51266766000	3.20635352100	11.52273639000			
16.57228018000	24.68942495000	0.99448613410	16.57228018000	3.20902503000	11.52313015000			
16.63189270000	24.72537409000	0.98821968730	16.63189270000	3.20896934700	11.52440979000			
16.69150522000	24.73557033000	0.98539979670	16.69150522000	3.20830980800	11.52455644000			
16.75111773000	24.76528015000	0.98401917820	16.75111773000	3.21051670600	11.52465366000			
16.81073025000	24.74920117000	0.98637551290	16.81073025000	3.21065616300	11.52444620000			
16.87034277000	24.74981905000	0.98432324920	16.87034277000	3.21325792700	11.52414880000			
16.92995529000	24.71968421000	0.98787265560	16.92995529000	3.21128128800	11.52447213000			
16.98956781000	24.70002206000	0.99122120360	16.98956781000	3.21354949100	11.52477296000			
17.04918033000	24.59375051000	0.99836922050	17.04918033000	3.21424478200	11.52460968000			
17.10879285000	24.55147254000	1.00644986000	17.10879285000	3.21258630500	11.52367670000			
17.16840537000	24.44874663000	1.00924943000	17.16840537000	3.21418374700	11.52279252000			
17.22801788000	24.42793186000	1.01720380800	17.22801788000	3.21424004100	11.52343726000			
17.28763040000	24.40608393000	1.02180648100	17.28763040000	3.21233324400	11.52399570000			
17.34724292000	24.34792687000	1.02739174400	17.34724292000	3.21630840300	11.52376062000			
17.40685544000	24.29291869000	1.03102224400	17.40685544000	3.21358476600	11.52445381000			
17.46646796000	24.28924678000	1.03101740100	17.46646796000	3.21382894100	11.52357826000			
17.52608048000	24.26002626000	1.04195232600	17.52608048000	3.21482532800	11.52401531000			
17.58569300000	24.26146342000	1.03781424800	17.58569300000	3.21493142600	11.52412517000			
17.64530551000	24.21978324000	1.04067339300	17.64530551000	3.21694972700	11.52396209000			
17.70491803000	24.18251022000	1.03828891700	17.70491803000	3.21602670500	11.52410149000			
17.76453055000	24.18110526000	1.02885103200	17.76453055000	3.21555142000	11.52424379000			
17.82414307000	24.17896057000	1.02906562900	17.82414307000	3.21632186200	11.52361288000			
17.88375559000	24.20489380000	1.02432586100	17.88375559000	3.21578692200	11.52344277000			
17.94336811000	24.18169993000	1.03019682900	17.94336811000	3.21474179200	11.52206292000			
18.00298063000	24.04646906000	1.03005440400	18.00298063000	3.21413766500	11.52222630000			
18.06259314000	24.02869440000	1.02221831300	18.06259314000	3.21584201000	11.52178739000			
18.12220566000	23.98788720000	1.01369813600	18.12220566000	3.21366978800	11.52218614000			
18.18181818000	23.90357134000	1.01226915800	18.18181818000	3.21298086700	11.52184269000			
18.24143070000	23.83537603000	1.01474925900	18.24143070000	3.21302413300	11.52147978000			
18.30104322000	23.83962651000	1.01098324900	18.30104322000	3.21367839800	11.52114443000			
18.36065574000	23.82540816000	1.00876196200	18.36065574000	3.21392679300	11.52172335000			
18.42026826000	23.78735554000	1.00537065500	18.42026826000	3.21330692600	11.52172724000			
18.47988077000	23.64983217000	1.00358462500	18.47988077000	3.21475932600	11.52213494000			
18.53949329000	23.62858319000	0.98626087980	18.53949329000	3.21326700300	11.52216895000			
18.59910581000	23.58971742000	0.98726198340	18.59910581000	3.21482156200	11.52171224000			
18.65871833000	23.57407507000	0.99336367260	18.65871833000	3.21619258000	11.52137731000			
18.71833085000	23.49366612000	0.98711777630	18.71833085000	3.21767882300	11.52120315000			
18.77794337000	23.39819752000	0.98300609730	18.77794337000	3.21904886400	11.51972708000			
18.83755589000	23.32618320000	0.98443534090	18.83755589000	3.21886455200	11.51931126000			
18.89716841000	23.25046834000	1.00203223400	18.89716841000	3.21975295300	11.51908060000			
18.95678092000	23.24153022000	1.00883113900	18.95678092000	3.21904257100	11.52021569000			
19.01639344000	23.19562573000	1.01757865900	19.01639344000	3.21803806500	11.52059870000			
19.07600596000	23.11745362000	1.02649002200	19.07600596000	3.21831507000	11.51970572000			
19.13561848000	23.08808023000	1.02290915600	19.13561848000	3.21916103400	11.52058357000			
19.19523100000	23.02838010000	1.02734530900	19.19523100000	3.21896986700	11.52079931000			
19.25484352000	22.94433586000	1.01902077900	19.25484352000	3.21773171900	11.52020873000			
19.31445604000	22.92550903000	1.02686566200	19.31445604000	3.21939262000	11.52055883000			
19.37406855000	22.90318181000	1.03720910400	19.37406855000	3.21799559500	11.52124383000			
19.43368107000	22.88618212000	1.04285190600	19.43368107000	3.21813970500	11.52079746000			
19.49329359000	22.78186139000	1.05302561900	19.49329359000	3.21860765700	11.52074844000			
19.55290611000	22.76559397000	1.05890254700	19.55290611000	3.21819698600	11.52090039000			
19.61251863000	22.77947140000	1.06610514300	19.61251863000	3.21788503000	11.52110698000			
19.67213115000	22.75504182000	1.07034739200	19.67213115000	3.21844403100	11.52108802000			
19.73174367000	22.75853987000	1.07169864900	19.73174367000	3.21964726500	11.52131964000			
19.79135618000	22.76539031000	1.07232057700	19.79135618000	3.22084453900	11.52116618000			
19.85096870000	22.74358439000	1.07185447900	19.85096870000	3.22286779800	11.52152799000			
19.91058122000	22.67449865000	1.08072402700	19.91058122000	3.21953852700	11.52199355000			
19.97019374000	22.59678746000	1.08925465000	19.97019374000	3.22192099000	11.52151206000			
20.02980626000	22.59259440000	1.09555967300	20.02980626000	3.22062978100	11.52170928000			
20.08941878000	22.48993712000	1.11162125700	20.08941878000	3.22155941500	11.52174787000			
20.14903130000	22.45319293000	1.11655227900	20.14903130000	3.22153273400	11.52165201000			
20.20864382000	22.44294585000	1.11602826900	20.20864382000	3.21914651500	11.52218460000			
20.26825633000	22.40188189000	1.11745555400	20.26825633000	3.22075816100	11.52214200000			
20.32786885000	22.38179113000	1.11862868300	20.32786885000	3.22145286100	11.52206992000			
20.38748137000	22.35279278000	1.11596107400	20.38748137000	3.22137406600	11.52303621000			
20.44709389000	22.34615886000	1.11229441400	20.44709389000	3.22112348000	11.52248389000			
20.50670641000	22.30626590000	1.11885432400	20.50670641000	3.22095767000	11.52247868000			
20.56631893000	22.23414241000	1.12079856900	20.56631893000	3.22042616200	11.52285150000			
20.62593145000	22.23433797000	1.12333123900	20.62593145000	3.22140410800	11.52319942000			
20.68554396000	22.24008976000	1.12271504000	20.68554396000	3.22130330100	11.52327060000			
20.74515648000	22.23332282000	1.12347518500	20.74515648000	3.22155043500	11.52346335000			
20.80476900000	22.14825403000	1.14107917000	20.80476900000	3.22205690800	11.52315404000			
20.86438152000	22.18110800000	1.12925735700	20.86438152000	3.22228140200	11.52364267000			
20.92399404000	22.18386598000	1.12364571800	20.92399404000	3.22346175100	11.52352272000			
20.98360656000	22.12838009000	1.12792090500	20.98360656000	3.22531798700	11.52274242000			
21.04321908000	22.11143021000	1.11651562900	21.04321908000	3.22746338500	11.52273027000			
21.10283159000	22.07265958000	1.13029251000	21.10283159000	3.22652674200	11.52279694000			
21.16244411000	21.99675628000	1.14821515100	21.16244411000	3.23127749500	11.52230320000			
21.22205663000	21.98906819000	1.15461589500	21.22205663000	3.23095793800	11.52214974000			
21.28166915000	21.95415482000	1.14708109000	21.28166915000	3.22907415200	11.52225518000			
21.34128167000	21.73236978000	1.14147000500	21.34128167000	3.22916632700	11.52198596000			
21.40089419000	21.58848090000	1.13854486800	21.40089419000	3.22812569700	11.52204539000			
21.46050671000	21.50910313000	1.14804960500	21.46050671000	3.22847485200	11.52199021000			
21.52011923000	21.50704360000	1.15010463200	21.52011923000	3.22876728700	11.52171570000			
21.57973174000	21.44181019000	1.14332720200	21.57973174000	3.23042705400	11.52172925000			
21.63934426000	21.44215841000	1.13691569300	21.63934426000	3.23238467700	11.52122492000			
21.69895678000	21.40687965000	1.13230749300	21.69895678000	3.23102332900	11.52102650000			
21.75856930000	21.29348755000	1.12251267500	21.75856930000	3.23323136300	11.52067188000			
21.81818182000	21.27950896000	1.10956279900	21.81818182000	3.23480998800	11.52032642000			
21.87779434000	21.16646100000	1.11273624800	21.87779434000	3.23119882500	11.52022219000			
21.93740686000	21.08368152000	1.11943703500	21.93740686000	3.23123701100	11.52099598000			
21.99701937000	21.12231087000	1.11480029200	21.99701937000	3.23185214900	11.52132045000			
22.05663189000	20.91510693000	1.13983589700	22.05663189000	3.23065454000	11.52102921000			
22.11624441000	20.88568319000	1.13876623900	22.11624441000	3.22920040800	11.52105147000			
22.17585693000	20.82264961000	1.12985868900	22.17585693000	3.23252816700	11.52039635000			
22.23546945000	20.75797383000	1.13353574500	22.23546945000	3.23021225200	11.52040955000			
22.29508197000	20.71503422000	1.15080838600	22.29508197000	3.23088975300	11.52051808000			
22.35469449000	20.71886806000	1.15445612900	22.35469449000	3.23359818600	11.51960563000			
22.41430700000	20.71060543000	1.15028042400	22.41430700000	3.23805642600	11.51831546000			
22.47391952000	20.64826682000	1.15408933800	22.47391952000	3.24079981500	11.51741214000			
22.53353204000	20.65583733000	1.15136664500	22.53353204000	3.24233866800	11.51712502000			
22.59314456000	20.67693012000	1.15113131100	22.59314456000	3.25457312800	11.51865308000			
22.65275708000	20.68907648000	1.15614919600	22.65275708000	3.27944842800	11.51621174000			
22.71236960000	20.68033635000	1.15762358800	22.71236960000	3.29109265500	11.51362127000			
22.77198212000	20.68082136000	1.15541837500	22.77198212000	3.29179132300	11.51429329000			
22.83159463000	20.64093327000	1.16473641400	22.83159463000	3.30387452800	11.51180504000			
22.89120715000	20.63319680000	1.15309356600	22.89120715000	3.31141749000	11.51042375000			
22.95081967000	20.63685965000	1.15339532300	22.95081967000	3.32329644400	11.50878958000			
