GMfasBEST			GMext					
t	x	y	t	x	y			
0.00000000000	25.12244331000	1.78800330100	0.00000000000	5.33891103800	13.05610922000			
0.05961251863	25.18080730000	1.78280113200	0.05961251863	5.33780545300	13.05549144000			
0.11922503730	25.29921203000	1.76947262200	0.11922503730	5.33868192800	13.05548672000			
0.17883755590	25.35146923000	1.76261178600	0.17883755590	5.33758503900	13.05537776000			
0.23845007450	25.43368326000	1.75748700300	0.23845007450	5.33722299900	13.05555846000			
0.29806259310	25.53939686000	1.74487952000	0.29806259310	5.33795620100	13.05561958000			
0.35767511180	25.62701913000	1.72334844800	0.35767511180	5.33809167800	13.05556087000			
0.41728763040	25.68804883000	1.72007466200	0.41728763040	5.33758996500	13.05571373000			
0.47690014900	25.73828135000	1.71924200200	0.47690014900	5.33776258400	13.05569490000			
0.53651266770	25.84806756000	1.70087460900	0.53651266770	5.33910009600	13.05553473000			
0.59612518630	25.91362938000	1.69266457100	0.59612518630	5.34036507200	13.05510212000			
0.65573770490	25.99255275000	1.68642841700	0.65573770490	5.33792864500	13.05529031000			
0.71535022350	26.06321248000	1.67681562100	0.71535022350	5.33945531500	13.05579270000			
0.77496274220	26.11257755000	1.66724044800	0.77496274220	5.33729345500	13.05630996000			
0.83457526080	26.15297059000	1.66413607100	0.83457526080	5.33860137800	13.05583568000			
0.89418777940	26.21318117000	1.65492355000	0.89418777940	5.33826838100	13.05575732000			
0.95380029810	26.18391537000	1.65890885500	0.95380029810	5.33638770100	13.05580202000			
1.01341281700	26.28123289000	1.65052166100	1.01341281700	5.33597646100	13.05607652000			
1.07302533500	26.36735133000	1.63984018100	1.07302533500	5.33764563000	13.05641072000			
1.13263785400	26.39050690000	1.63519786700	1.13263785400	5.33548933300	13.05671460000			
1.19225037300	26.42344169000	1.63220580400	1.19225037300	5.33550400700	13.05638384000			
1.25186289100	26.43897989000	1.62947754600	1.25186289100	5.33500105900	13.05673665000			
1.31147541000	26.54545582000	1.61582882400	1.31147541000	5.33763155100	13.05642717000			
1.37108792800	26.56689254000	1.61619314900	1.37108792800	5.33633798200	13.05645755000			
1.43070044700	26.61494420000	1.60302265900	1.43070044700	5.33863909600	13.05626508000			
1.49031296600	26.63414433000	1.59930089700	1.49031296600	5.33721225400	13.05656872000			
1.54992548400	26.70330599000	1.59439996400	1.54992548400	5.33799271400	13.05620615000			
1.60953800300	26.73791263000	1.59581976200	1.60953800300	5.33783242000	13.05637511000			
1.66915052200	26.78825621000	1.58799230700	1.66915052200	5.33874970500	13.05627518000			
1.72876304000	26.77936159000	1.58631211000	1.72876304000	5.33872282100	13.05637962000			
1.78837555900	26.78621657000	1.59330910200	1.78837555900	5.33715664600	13.05655390000			
1.84798807700	26.81049027000	1.59480056100	1.84798807700	5.33725151700	13.05644925000			
1.90760059600	26.89694171000	1.57732848400	1.90760059600	5.33759807500	13.05626012000			
1.96721311500	26.95052074000	1.57213501200	1.96721311500	5.33666761300	13.05674794000			
2.02682563300	26.98461844000	1.56693829600	2.02682563300	5.33617858700	13.05725560000			
2.08643815200	27.02892542000	1.56437964800	2.08643815200	5.33606172000	13.05738355000			
2.14605067100	27.09031994000	1.55909009200	2.14605067100	5.33498974900	13.05727787000			
2.20566318900	27.15154986000	1.54562076500	2.20566318900	5.33764103000	13.05685798000			
2.26527570800	27.18471949000	1.53860170900	2.26527570800	5.33572273900	13.05747866000			
2.32488822700	27.26498725000	1.51455253500	2.32488822700	5.33528751900	13.05743558000			
2.38450074500	27.31447969000	1.50377168800	2.38450074500	5.33565148200	13.05745040000			
2.44411326400	27.34670548000	1.50097146800	2.44411326400	5.33510549800	13.05776618000			
2.50372578200	27.41497971000	1.48951496200	2.50372578200	5.33602911100	13.05745922000			
2.56333830100	27.53335393000	1.47607700400	2.56333830100	5.33711061300	13.05725115000			
2.62295082000	27.54128146000	1.48289363600	2.62295082000	5.33532493600	13.05783900000			
2.68256333800	27.56452754000	1.48058524900	2.68256333800	5.33407840100	13.05867939000			
2.74217585700	27.70409868000	1.46767953700	2.74217585700	5.33843084400	13.05736790000			
2.80178837600	27.67447000000	1.46956521200	2.80178837600	5.33602611600	13.05812076000			
2.86140089400	27.66522666000	1.46898971600	2.86140089400	5.33393717200	13.05883594000			
2.92101341300	27.70523746000	1.46285015700	2.92101341300	5.33352071900	13.05873328000			
2.98062593100	27.74330656000	1.45990850600	2.98062593100	5.33586460900	13.05882916000			
3.04023845000	27.72997695000	1.46389114600	3.04023845000	5.33236151500	13.05935898000			
3.09985096900	27.74166673000	1.47268277600	3.09985096900	5.33273075800	13.05922323000			
3.15946348700	27.72261233000	1.47737485900	3.15946348700	5.33135121700	13.05899200000			
3.21907600600	27.73104315000	1.46948831400	3.21907600600	5.33016443200	13.05875264000			
3.27868852500	27.75343688000	1.46658423300	3.27868852500	5.32736971300	13.05971702000			
3.33830104300	27.78559102000	1.45606447000	3.33830104300	5.32663761400	13.06031531000			
3.39791356200	27.85103576000	1.45673539100	3.39791356200	5.32790000100	13.06074989000			
3.45752608000	27.89729558000	1.43841575900	3.45752608000	5.32893494400	13.06053252000			
3.51713859900	27.89528285000	1.43766374400	3.51713859900	5.32713452500	13.06011363000			
3.57675111800	27.93221304000	1.43017108900	3.57675111800	5.32889081200	13.06035594000			
3.63636363600	27.91342172000	1.43938974300	3.63636363600	5.32716491400	13.06111585000			
3.69597615500	28.01174309000	1.42233837600	3.69597615500	5.32844989200	13.06026358000			
3.75558867400	28.02743706000	1.42020727100	3.75558867400	5.32739321800	13.06012917000			
3.81520119200	28.05046101000	1.41536136300	3.81520119200	5.32754982700	13.06039114000			
3.87481371100	27.99689259000	1.44180242400	3.87481371100	5.32668017100	13.06104317000			
3.93442623000	27.98338413000	1.44467651700	3.93442623000	5.32594712900	13.06021520000			
3.99403874800	28.05730774000	1.45196612800	3.99403874800	5.32357704600	13.06063587000			
4.05365126700	28.01800098000	1.48215120000	4.05365126700	5.32067607000	13.05950287000			
4.11326378500	28.01248395000	1.48822318200	4.11326378500	5.31736744500	13.05957809000			
4.17287630400	28.01426191000	1.48327084100	4.17287630400	5.31452018600	13.06037071000			
4.23248882300	28.01827596000	1.48457641800	4.23248882300	5.31216608700	13.06101520000			
4.29210134100	28.02006685000	1.48786210700	4.29210134100	5.31147287500	13.06187645000			
4.35171386000	28.03276866000	1.48931467000	4.35171386000	5.31097751100	13.06143906000			
4.41132637900	28.05114897000	1.48445122000	4.41132637900	5.30970303000	13.06077331000			
4.47093889700	28.15898567000	1.47574266100	4.47093889700	5.31284614700	13.06099935000			
4.53055141600	28.19322002000	1.46983302800	4.53055141600	5.30842969600	13.06161277000			
4.59016393400	28.24234054000	1.46597908500	4.59016393400	5.31219689300	13.06099146000			
4.64977645300	28.25215483000	1.46681607000	4.64977645300	5.31036880300	13.06244861000			
4.70938897200	28.23468257000	1.47519193300	4.70938897200	5.31097055800	13.06110548000			
4.76900149000	28.29827721000	1.46977158200	4.76900149000	5.30518218600	13.06005520000			
4.82861400900	28.36535729000	1.46584864000	4.82861400900	5.30710387400	13.06082205000			
4.88822652800	28.42239623000	1.46090980800	4.88822652800	5.30196495500	13.06154265000			
4.94783904600	28.43157285000	1.46519261200	4.94783904600	5.29528824700	13.06106031000			
5.00745156500	28.52495554000	1.45464015400	5.00745156500	5.28796609300	13.06180165000			
5.06706408300	28.62181390000	1.43835864300	5.06706408300	5.28016001500	13.06338574000			
5.12667660200	28.76374875000	1.41373823300	5.12667660200	5.26655620200	13.06485793000			
5.18628912100	28.88109516000	1.39807308100	5.18628912100	5.26479921800	13.06391859000			
5.24590163900	29.03756435000	1.37983612800	5.24590163900	5.26125295800	13.06387846000			
5.30551415800	29.20031823000	1.36084379100	5.30551415800	5.27042479600	13.06248151000			
5.36512667700	29.35484484000	1.34034138400	5.36512667700	5.26272317200	13.06439029000			
5.42473919500	29.50058250000	1.32092672000	5.42473919500	5.26415610600	13.06434772000			
5.48435171400	29.54628442000	1.32088893600	5.48435171400	5.26793225300	13.06233527000			
5.54396423200	29.83784211000	1.27784064100	5.54396423200	5.26698432800	13.06250715000			
5.60357675100	29.96784837000	1.25028396600	5.60357675100	5.26438975400	13.06274000000			
5.66318927000	30.21729434000	1.18143074300	5.66318927000	5.25509810200	13.06401032000			
5.72280178800	30.34212456000	1.17352526400	5.72280178800	5.25665671500	13.06385287000			
5.78241430700	30.52108217000	1.14458838900	5.78241430700	5.24720826400	13.06503410000			
5.84202682600	30.69897032000	1.11543185700	5.84202682600	5.23525384300	13.06613339000			
5.90163934400	30.86069503000	1.08889357100	5.90163934400	5.23223167800	13.06678477000			
5.96125186300	30.96113745000	1.07091065200	5.96125186300	5.23137117500	13.06655490000			
6.02086438200	31.04415919000	1.05297737900	6.02086438200	5.21791358100	13.06665249000			
6.08047690000	31.26201860000	1.02052539000	6.08047690000	5.19165137300	13.06817997000			
6.14008941900	31.37695299000	1.00628558200	6.14008941900	5.17935562200	13.07034139000			
6.19970193700	31.56672886000	0.96530626450	6.19970193700	5.18185654400	13.07088323000			
6.25931445600	31.84119717000	0.93434174210	6.25931445600	5.17028664600	13.07258232000			
6.31892697500	31.84094007000	0.93638326550	6.31892697500	5.16766736300	13.07147937000			
6.37853949300	31.94388459000	0.92552573280	6.37853949300	5.15492509700	13.07395517000			
6.43815201200	32.00198923000	0.92075427880	6.43815201200	5.13277277700	13.07700116000			
6.49776453100	32.15011974000	0.91048607750	6.49776453100	5.09590707100	13.08076576000			
6.55737704900	32.21270777000	0.90420508440	6.55737704900	5.08218399900	13.08510781000			
6.61698956800	32.40493941000	0.88130874520	6.61698956800	5.06585218100	13.08583207000			
6.67660208600	32.59507162000	0.84537680150	6.67660208600	5.04429641200	13.08771889000			
6.73621460500	32.74627880000	0.82827280840	6.73621460500	5.02615925000	13.08898230000			
6.79582712400	32.84751126000	0.82065310080	6.79582712400	5.01174916700	13.09073473000			
6.85543964200	32.87098172000	0.81647301860	6.85543964200	5.00749810300	13.09283330000			
6.91505216100	32.97949233000	0.80330688750	6.91505216100	5.00857202300	13.09271361000			
6.97466468000	33.05976204000	0.78787458010	6.97466468000	4.99677734800	13.09430309000			
7.03427719800	33.16084771000	0.77909106260	7.03427719800	4.97798714100	13.09615442000			
7.09388971700	33.28017882000	0.76019341320	7.09388971700	4.96694965200	13.09757798000			
7.15350223500	33.34406999000	0.75355214500	7.15350223500	4.97099610100	13.09725463000			
7.21311475400	33.38836811000	0.75256545540	7.21311475400	4.96137068200	13.09845357000			
7.27272727300	33.48846320000	0.73710868370	7.27272727300	4.95391154500	13.09982741000			
7.33233979100	33.65494328000	0.71833531590	7.33233979100	4.95462670300	13.09987774000			
7.39195231000	33.88430722000	0.67646265720	7.39195231000	4.94959095900	13.10111688000			
7.45156482900	34.09540287000	0.64546907990	7.45156482900	4.94989784700	13.10131840000			
7.51117734700	34.19999235000	0.62919161450	7.51117734700	4.95219914700	13.10179084000			
7.57078986600	34.34071965000	0.61639319710	7.57078986600	4.95452124600	13.10131921000			
7.63040238500	34.38862625000	0.60740111730	7.63040238500	4.94309004700	13.10098349000			
7.69001490300	34.45331108000	0.60381922100	7.69001490300	4.93682488700	13.10335403000			
7.74962742200	34.51953425000	0.59941969080	7.74962742200	4.93612389900	13.10206342000			
7.80923994000	34.59696732000	0.58880274850	7.80923994000	4.93296600500	13.10343102000			
7.86885245900	34.67478070000	0.58229528820	7.86885245900	4.92902103200	13.10364711000			
7.92846497800	34.73492501000	0.57540672750	7.92846497800	4.89843201900	13.10764270000			
7.98807749600	34.77089548000	0.57148373890	7.98807749600	4.88278081700	13.11126534000			
8.04769001500	34.81872548000	0.56667566970	8.04769001500	4.87469864900	13.11201396000			
8.10730253400	35.03737394000	0.53267859810	8.10730253400	4.87121760300	13.11160586000			
8.16691505200	35.05988453000	0.52861667790	8.16691505200	4.86970099800	13.11199044000			
8.22652757100	35.10857004000	0.52125087540	8.22652757100	4.86137611800	13.11405627000			
8.28614008900	35.13957019000	0.51872760910	8.28614008900	4.86504764800	13.11406654000			
8.34575260800	35.21171150000	0.51033473390	8.34575260800	4.86251282500	13.11516304000			
8.40536512700	35.15704598000	0.52751039170	8.40536512700	4.85808734800	13.11633478000			
8.46497764500	35.12672046000	0.53113864110	8.46497764500	4.84642313100	13.11733519000			
8.52459016400	35.15207759000	0.52872795050	8.52459016400	4.84001891200	13.11864056000			
8.58420268300	35.15906917000	0.54182312840	8.58420268300	4.82844300000	13.12176406000			
8.64381520100	35.24029816000	0.55386579160	8.64381520100	4.82686301300	13.12284834000			
8.70342772000	35.26197683000	0.56617049140	8.70342772000	4.82435051000	13.12432631000			
8.76304023800	35.29341832000	0.56671720600	8.76304023800	4.81954468900	13.12528230000			
8.82265275700	35.20708825000	0.58764995580	8.82265275700	4.82114905700	13.12497338000			
8.88226527600	35.20486322000	0.59467094440	8.88226527600	4.82009881200	13.12597950000			
8.94187779400	35.28897649000	0.58325884620	8.94187779400	4.81961523200	13.12642228000			
9.00149031300	35.25441774000	0.59049364360	9.00149031300	4.82182243400	13.12556844000			
9.06110283200	35.32460144000	0.58309513990	9.06110283200	4.82020859100	13.12656006000			
9.12071535000	35.36119792000	0.58098508740	9.12071535000	4.81623905700	13.12769592000			
9.18032786900	35.37507424000	0.57705315640	9.18032786900	4.81631172600	13.12728619000			
9.23994038700	35.35084624000	0.58539708240	9.23994038700	4.81425567500	13.12751787000			
9.29955290600	35.34521701000	0.58999987770	9.29955290600	4.81876476600	13.12762894000			
9.35916542500	35.34613358000	0.58372813190	9.35916542500	4.81470799500	13.12845779000			
9.41877794300	35.35640940000	0.58197430460	9.41877794300	4.81436352000	13.12818219000			
9.47839046200	35.41150317000	0.58545788990	9.47839046200	4.81320930900	13.12818313000			
9.53800298100	35.41581809000	0.58107766470	9.53800298100	4.81581519800	13.12762362000			
9.59761549900	35.55977808000	0.58754968580	9.59761549900	4.80921321100	13.12938847000			
9.65722801800	35.56399569000	0.59858972970	9.65722801800	4.80446574700	13.13029122000			
9.71684053700	35.51941167000	0.60906526060	9.71684053700	4.80470716200	13.13067795000			
9.77645305500	35.51854320000	0.61664986130	9.77645305500	4.80643369000	13.12999548000			
9.83606557400	35.51295569000	0.62154967790	9.83606557400	4.79936814500	13.13116799000			
9.89567809200	35.41339272000	0.63965665220	9.89567809200	4.79661906500	13.13169997000			
9.95529061100	35.49853168000	0.62721475810	9.95529061100	4.79179874200	13.13226612000			
10.01490313000	35.41512955000	0.64175940950	10.01490313000	4.78600977800	13.13289940000			
10.07451565000	35.40958368000	0.64533507150	10.07451565000	4.78172794700	13.13313066000			
10.13412817000	35.38999001000	0.64444609660	10.13412817000	4.77060435900	13.13381575000			
10.19374069000	35.37005735000	0.64599465050	10.19374069000	4.74929519100	13.13651558000			
10.25335320000	35.36077009000	0.64440206710	10.25335320000	4.74929264400	13.13657134000			
10.31296572000	35.37998827000	0.64032300200	10.31296572000	4.73217552300	13.13844602000			
10.37257824000	35.42673904000	0.63773517810	10.37257824000	4.73063735600	13.13817203000			
10.43219076000	35.45358714000	0.63198433660	10.43219076000	4.72732866300	13.13941610000			
10.49180328000	35.52567909000	0.62125442130	10.49180328000	4.72858843600	13.13853709000			
10.55141580000	35.50018000000	0.63267939460	10.55141580000	4.72986456100	13.13823295000			
10.61102832000	35.47778806000	0.64354364300	10.61102832000	4.73394872000	13.13721588000			
10.67064083000	35.56258199000	0.62358350020	10.67064083000	4.73139640700	13.13761151000			
10.73025335000	35.56106038000	0.62708389050	10.73025335000	4.73163793500	13.13766229000			
10.78986587000	35.66839499000	0.60513215030	10.78986587000	4.73048823400	13.13746250000			
10.84947839000	35.63224444000	0.61658897600	10.84947839000	4.73468866400	13.13684481000			
10.90909091000	35.64016850000	0.61422395450	10.90909091000	4.73582856100	13.13674847000			
10.96870343000	35.67977825000	0.60548224080	10.96870343000	4.73256539000	13.13710897000			
11.02831595000	35.67477288000	0.60563024050	11.02831595000	4.73489904500	13.13638525000			
11.08792846000	35.67880580000	0.60386879760	11.08792846000	4.73178892400	13.13761674000			
11.14754098000	35.74772867000	0.59268353140	11.14754098000	4.73279383600	13.13686263000			
11.20715350000	35.76541699000	0.59107517260	11.20715350000	4.72813153100	13.13787564000			
11.26676602000	35.75494354000	0.59232392750	11.26676602000	4.73197568000	13.13778053000			
11.32637854000	35.88864740000	0.57143920980	11.32637854000	4.72733669500	13.13890666000			
11.38599106000	35.96860935000	0.56049203830	11.38599106000	4.72484653400	13.14005558000			
11.44560358000	36.00863084000	0.55699965500	11.44560358000	4.71815514800	13.14208427000			
11.50521610000	36.02324789000	0.55898601200	11.50521610000	4.71755824000	13.14531436000			
11.56482861000	35.95631461000	0.57813360930	11.56482861000	4.72197566300	13.14419442000			
11.62444113000	36.03944690000	0.55739427650	11.62444113000	4.72279836600	13.14374731000			
11.68405365000	35.99603651000	0.57524761510	11.68405365000	4.71835264200	13.14324210000			
11.74366617000	35.95927625000	0.57190544410	11.74366617000	4.72356789100	13.14275674000			
11.80327869000	36.00147899000	0.56657341250	11.80327869000	4.71449657800	13.14407447000			
11.86289121000	35.93256110000	0.57777836930	11.86289121000	4.72011034200	13.14270088000			
11.92250373000	35.94017117000	0.58899942070	11.92250373000	4.72377309500	13.14236742000			
11.98211624000	36.01129875000	0.58081516540	11.98211624000	4.72201850300	13.14168102000			
12.04172876000	36.02296005000	0.57284479960	12.04172876000	4.72188422400	13.14251463000			
12.10134128000	36.05183169000	0.56434680300	12.10134128000	4.72722640900	13.14060541000			
12.16095380000	36.24989451000	0.54139808670	12.16095380000	4.72524555100	13.14149833000			
12.22056632000	36.32031323000	0.52843975910	12.22056632000	4.72714667200	13.14061333000			
12.28017884000	36.34603711000	0.52207558230	12.28017884000	4.73311830200	13.14011289000			
12.33979136000	36.36672648000	0.51951206600	12.33979136000	4.73107377400	13.14024212000			
12.39940387000	36.42967352000	0.50848230440	12.39940387000	4.72929216200	13.14072678000			
12.45901639000	36.43800391000	0.50762762220	12.45901639000	4.72908892600	13.14099884000			
12.51862891000	36.52758989000	0.49910227570	12.51862891000	4.73280316300	13.13979942000			
12.57824143000	36.59601940000	0.49007354440	12.57824143000	4.73451188500	13.13968192000			
12.63785395000	36.57774257000	0.49335717240	12.63785395000	4.73545110500	13.13926480000			
12.69746647000	36.56948727000	0.50698105630	12.69746647000	4.73518673600	13.13919593000			
12.75707899000	36.57002155000	0.50282466890	12.75707899000	4.73626920900	13.13856093000			
12.81669151000	36.61296375000	0.50816426130	12.81669151000	4.73764320000	13.13875131000			
12.87630402000	36.62439681000	0.49964012250	12.87630402000	4.73715873200	13.13821590000			
12.93591654000	36.62163743000	0.49657443520	12.93591654000	4.73502945900	13.13916950000			
12.99552906000	36.64680515000	0.48788332710	12.99552906000	4.73424673500	13.13947202000			
13.05514158000	36.65153544000	0.48321844970	13.05514158000	4.73473768900	13.13929946000			
13.11475410000	36.69092877000	0.48102937280	13.11475410000	4.73600102900	13.13874140000			
13.17436662000	36.68207564000	0.48004737560	13.17436662000	4.73406942500	13.13943696000			
13.23397914000	36.67788814000	0.48337178270	13.23397914000	4.73761792900	13.13801611000			
13.29359165000	36.68191252000	0.48008533940	13.29359165000	4.73613235000	13.13828002000			
13.35320417000	36.67741605000	0.47765223150	13.35320417000	4.73905599800	13.13729013000			
13.41281669000	36.64213025000	0.48005986840	13.41281669000	4.73487340200	13.13687284000			
13.47242921000	36.57174033000	0.48711563020	13.47242921000	4.73446506600	13.13661996000			
13.53204173000	36.55133061000	0.48778867040	13.53204173000	4.73557507000	13.13648240000			
13.59165425000	36.57053474000	0.48462713080	13.59165425000	4.73489778500	13.13669698000			
13.65126677000	36.66965166000	0.47482364850	13.65126677000	4.73508782600	13.13631657000			
13.71087928000	36.70151198000	0.46693293050	13.71087928000	4.73450655000	13.13690375000			
13.77049180000	36.73140782000	0.46537053820	13.77049180000	4.73592921700	13.13733124000			
13.83010432000	36.82528512000	0.45774311720	13.83010432000	4.73557756700	13.13731173000			
13.88971684000	36.86588280000	0.45241823890	13.88971684000	4.73591545000	13.13850003000			
13.94932936000	36.91481103000	0.44483998720	13.94932936000	4.73389898400	13.13993789000			
14.00894188000	36.92992653000	0.44274336470	14.00894188000	4.73636542100	13.13853983000			
14.06855440000	36.90071790000	0.44792753820	14.06855440000	4.73719604400	13.13786502000			
14.12816692000	36.92544819000	0.43924863140	14.12816692000	4.73526267500	13.13827339000			
14.18777943000	36.92715101000	0.43802300610	14.18777943000	4.73818740400	13.13904633000			
14.24739195000	36.93100552000	0.43604424310	14.24739195000	4.73725887600	13.13890041000			
14.30700447000	36.94849296000	0.43252565730	14.30700447000	4.73953577200	13.13945300000			
14.36661699000	37.00326710000	0.42721381420	14.36661699000	4.73877744700	13.13905648000			
14.42622951000	36.95603446000	0.43203506420	14.42622951000	4.73761507200	13.13858379000			
14.48584203000	36.93992455000	0.43276163650	14.48584203000	4.73932296400	13.13831785000			
14.54545455000	36.95252914000	0.43208004200	14.54545455000	4.73663634000	13.13826212000			
14.60506706000	36.85774508000	0.44529160930	14.60506706000	4.73758688300	13.13942185000			
14.66467958000	36.91647999000	0.43805778330	14.66467958000	4.73947645500	13.14039497000			
14.72429210000	36.91073881000	0.43746125870	14.72429210000	4.74014206400	13.14005194000			
14.78390462000	36.85048433000	0.43859244970	14.78390462000	4.73827198900	13.14134683000			
14.84351714000	36.78800714000	0.44482438470	14.84351714000	4.73313112300	13.14048774000			
14.90312966000	36.64977753000	0.46078670590	14.90312966000	4.73327551200	13.14107086000			
14.96274218000	36.57710095000	0.47635248350	14.96274218000	4.73488134700	13.14023970000			
15.02235469000	36.54283860000	0.48219167950	15.02235469000	4.73068375200	13.14131309000			
15.08196721000	36.59219799000	0.47836535340	15.08196721000	4.73195745600	13.14030084000			
15.14157973000	36.56464028000	0.47905256700	15.14157973000	4.73261247500	13.14051283000			
15.20119225000	36.56032105000	0.48569806580	15.20119225000	4.73758394600	13.14049678000			
15.26080477000	36.55018697000	0.48651175200	15.26080477000	4.73231365500	13.14113361000			
15.32041729000	36.51850561000	0.49155516560	15.32041729000	4.73876200800	13.14043551000			
15.38002981000	36.58126028000	0.48255779020	15.38002981000	4.73564565300	13.14023059000			
15.43964232000	36.54131276000	0.48862993350	15.43964232000	4.73909344200	13.13929570000			
15.49925484000	36.50393049000	0.49135458850	15.49925484000	4.73755685400	13.13906734000			
15.55886736000	36.52094277000	0.49131367420	15.55886736000	4.74068611200	13.13803730000			
15.61847988000	36.52072444000	0.49610911970	15.61847988000	4.73732187300	13.13808070000			
15.67809240000	36.43537782000	0.49994342840	15.67809240000	4.73611085700	13.13885646000			
15.73770492000	36.47685825000	0.49744377210	15.73770492000	4.74126906200	13.13766046000			
15.79731744000	36.42464339000	0.50341061310	15.79731744000	4.73699252900	13.13868750000			
15.85692996000	36.46107150000	0.50206389720	15.85692996000	4.73730821400	13.13878259000			
15.91654247000	36.47444622000	0.49896974180	15.91654247000	4.74148489100	13.13852581000			
15.97615499000	36.44285685000	0.50266401960	15.97615499000	4.73933942000	13.13911473000			
16.03576751000	36.36855300000	0.50975578990	16.03576751000	4.73946685700	13.13958537000			
16.09538003000	36.38538738000	0.50619953760	16.09538003000	4.72942301800	13.14084303000			
16.15499255000	36.37504998000	0.50924134170	16.15499255000	4.72794281900	13.14094908000			
16.21460507000	36.31180749000	0.52011951980	16.21460507000	4.71661688100	13.14208343000			
16.27421759000	36.33157491000	0.51820873040	16.27421759000	4.71421714900	13.14218381000			
16.33383010000	36.26141680000	0.52943942180	16.33383010000	4.71053679900	13.14262509000			
16.39344262000	36.18440714000	0.54003405170	16.39344262000	4.70232641500	13.14473693000			
16.45305514000	36.18461727000	0.54082424730	16.45305514000	4.67357627000	13.14780518000			
16.51266766000	36.16670490000	0.54320426900	16.51266766000	4.64231950400	13.15193636000			
16.57228018000	36.08991219000	0.55304256390	16.57228018000	4.62216259700	13.15631410000			
16.63189270000	36.03484841000	0.56211316480	16.63189270000	4.60059433900	13.16112783000			
16.69150522000	36.03323566000	0.56332671320	16.69150522000	4.58726608200	13.16355825000			
16.75111773000	36.00279025000	0.56657172070	16.75111773000	4.56888020800	13.16388815000			
16.81073025000	36.01234763000	0.56463078170	16.81073025000	4.57196196500	13.16393167000			
16.87034277000	36.02464692000	0.56327696510	16.87034277000	4.57098691200	13.16330929000			
16.92995529000	35.91164457000	0.57431731300	16.92995529000	4.54935893500	13.16351731000			
16.98956781000	35.99991263000	0.57105121340	16.98956781000	4.51616595500	13.16696227000			
17.04918033000	35.93763801000	0.57422942040	17.04918033000	4.49080577800	13.16913162000			
17.10879285000	35.84746314000	0.58497845020	17.10879285000	4.46325184200	13.17232710000			
17.16840537000	35.77695313000	0.59454552010	17.16840537000	4.42483217300	13.17654857000			
17.22801788000	35.67743688000	0.60703028890	17.22801788000	4.39223874000	13.18086869000			
17.28763040000	35.50581449000	0.63140482500	17.28763040000	4.34119571300	13.18737802000			
17.34724292000	35.47795967000	0.63549265410	17.34724292000	4.30991087600	13.19138263000			
17.40685544000	35.47078436000	0.63898950310	17.40685544000	4.29252243900	13.19551278000			
17.46646796000	35.52197808000	0.62607101070	17.46646796000	4.28386983300	13.19841165000			
17.52608048000	35.51139762000	0.62448838210	17.52608048000	4.28445502300	13.20167740000			
17.58569300000	35.50247434000	0.62504634310	17.58569300000	4.26027401400	13.20733151000			
17.64530551000	35.49697544000	0.62678381250	17.64530551000	4.23129199200	13.20769334000			
17.70491803000	35.45698657000	0.63411723460	17.70491803000	4.22429188100	13.21022808000			
17.76453055000	35.51420735000	0.62542967000	17.76453055000	4.22437108700	13.20968456000			
17.82414307000	35.48642575000	0.63201911580	17.82414307000	4.20464623300	13.21130295000			
17.88375559000	35.46327296000	0.63412002140	17.88375559000	4.17287208900	13.21675045000			
17.94336811000	35.45761201000	0.62866236870	17.94336811000	4.15867639100	13.22456702000			
18.00298063000	35.48538646000	0.62266213520	18.00298063000	4.13374414700	13.23318442000			
18.06259314000	35.50468303000	0.62182223520	18.06259314000	4.10636457200	13.23910451000			
18.12220566000	35.55261503000	0.61507253480	18.12220566000	4.08686100800	13.24241308000			
18.18181818000	35.60459180000	0.60674515300	18.18181818000	4.07124811300	13.24125468000			
18.24143070000	35.58652122000	0.60992886930	18.24143070000	4.05975301100	13.24196942000			
18.30104322000	35.50326283000	0.62186932890	18.30104322000	4.03814308800	13.24344131000			
18.36065574000	35.54507724000	0.61734768980	18.36065574000	4.01444527500	13.24387769000			
18.42026826000	35.55771529000	0.61545618510	18.42026826000	3.99887457300	13.24380465000			
18.47988077000	35.54227590000	0.61379853030	18.47988077000	3.98579956400	13.24474789000			
18.53949329000	35.60000415000	0.60505254050	18.53949329000	3.97965609100	13.24444247000			
18.59910581000	35.53461612000	0.61267219570	18.59910581000	3.93894499300	13.25134666000			
18.65871833000	35.51103472000	0.61658916140	18.65871833000	3.90752676200	13.25886474000			
18.71833085000	35.55566753000	0.61155273100	18.71833085000	3.89531777900	13.26007739000			
18.77794337000	35.54862927000	0.61325479790	18.77794337000	3.88057726300	13.26261323000			
18.83755589000	35.58231050000	0.60851155620	18.83755589000	3.86529868900	13.26470924000			
18.89716841000	35.52491616000	0.61602771190	18.89716841000	3.85359992200	13.26707615000			
18.95678092000	35.50245399000	0.61953643260	18.95678092000	3.82570965200	13.26893739000			
19.01639344000	35.50777147000	0.61868975430	19.01639344000	3.81320673000	13.27103900000			
19.07600596000	35.42582290000	0.63128887760	19.07600596000	3.78788690400	13.27713135000			
19.13561848000	35.43400235000	0.62893543510	19.13561848000	3.77366816200	13.27994393000			
19.19523100000	35.42962996000	0.62832286180	19.19523100000	3.76568653900	13.28889163000			
19.25484352000	35.44726134000	0.62497851410	19.25484352000	3.75959766000	13.29139655000			
19.31445604000	35.43065452000	0.62751023830	19.31445604000	3.75389391700	13.28995988000			
19.37406855000	35.44380827000	0.62672783760	19.37406855000	3.76054254200	13.29261796000			
19.43368107000	35.44901228000	0.62781468050	19.43368107000	3.75391513400	13.29012433000			
19.49329359000	35.43356730000	0.63027066590	19.49329359000	3.74875122900	13.29038382000			
19.55290611000	35.40968563000	0.63340427800	19.55290611000	3.75207743300	13.28689164000			
19.61251863000	35.40620425000	0.63435981470	19.61251863000	3.75350604800	13.28687946000			
19.67213115000	35.49863671000	0.62646383960	19.67213115000	3.75455976000	13.28802622000			
19.73174367000	35.51637746000	0.62357173300	19.73174367000	3.75159176400	13.28203500000			
19.79135618000	35.50337104000	0.62410010620	19.79135618000	3.75601836400	13.27997597000			
19.85096870000	35.52095570000	0.61870028830	19.85096870000	3.75281867700	13.27899168000			
19.91058122000	35.52770763000	0.61794140130	19.91058122000	3.75113094900	13.27694643000			
19.97019374000	35.58957379000	0.61119673760	19.97019374000	3.75123151800	13.27544299000			
20.02980626000	35.57147229000	0.61450877650	20.02980626000	3.75219851900	13.27385769000			
20.08941878000	35.60259080000	0.60628690110	20.08941878000	3.75356908000	13.27041518000			
20.14903130000	35.65789626000	0.60341328630	20.14903130000	3.75261252800	13.26753441000			
20.20864382000	35.67289784000	0.60252929170	20.20864382000	3.74714982800	13.26765231000			
20.26825633000	35.70509562000	0.59958299790	20.26825633000	3.75014365500	13.26806121000			
20.32786885000	35.69090610000	0.59745033110	20.32786885000	3.74803743800	13.26839047000			
20.38748137000	35.78793542000	0.58841531380	20.38748137000	3.75180325500	13.26828876000			
20.44709389000	35.80977333000	0.58519434720	20.44709389000	3.75674927700	13.26707960000			
20.50670641000	35.81712202000	0.58143586870	20.50670641000	3.74941175600	13.26703455000			
20.56631893000	35.81445739000	0.58218009330	20.56631893000	3.75658187300	13.26466612000			
20.62593145000	35.83837641000	0.57636577390	20.62593145000	3.75153957200	13.26655583000			
20.68554396000	35.88000049000	0.57112810670	20.68554396000	3.75280860500	13.26617428000			
20.74515648000	35.90787354000	0.56609444770	20.74515648000	3.75274954300	13.26690077000			
20.80476900000	35.97084319000	0.55944213530	20.80476900000	3.75807571900	13.26626966000			
20.86438152000	35.99536067000	0.56004902960	20.86438152000	3.75693070700	13.26559028000			
20.92399404000	36.08233655000	0.54695520780	20.92399404000	3.76030694700	13.26536487000			
20.98360656000	36.08865507000	0.54750102960	20.98360656000	3.75681184200	13.26536224000			
21.04321908000	36.10632235000	0.54161286100	21.04321908000	3.76076280200	13.26540811000			
21.10283159000	36.07279734000	0.54921671410	21.10283159000	3.76038578600	13.26536409000			
21.16244411000	36.07824865000	0.54682547610	21.16244411000	3.76331722800	13.26446859000			
21.22205663000	36.09881536000	0.54245129540	21.22205663000	3.76359514100	13.26373627000			
21.28166915000	36.13545800000	0.53673518520	21.28166915000	3.76353276000	13.26379286000			
21.34128167000	36.09327485000	0.54300818600	21.34128167000	3.76047884100	13.26425239000			
21.40089419000	36.05447858000	0.54521055210	21.40089419000	3.76291407100	13.26354430000			
21.46050671000	36.04415628000	0.54501860410	21.46050671000	3.76093488400	13.26306448000			
21.52011923000	36.02725908000	0.54986582600	21.52011923000	3.76021559000	13.26357490000			
21.57973174000	36.03876183000	0.54602001150	21.57973174000	3.76206623900	13.26393521000			
21.63934426000	36.05672394000	0.54513223240	21.63934426000	3.76180345600	13.26361365000			
21.69895678000	36.06933951000	0.54630453670	21.69895678000	3.76435440100	13.26445043000			
21.75856930000	36.09066068000	0.54315031290	21.75856930000	3.76344347600	13.26471445000			
21.81818182000	36.05298705000	0.54843377510	21.81818182000	3.75372968300	13.26574566000			
21.87779434000	36.00197503000	0.55628384080	21.87779434000	3.75430722500	13.26545703000			
21.93740686000	35.99969297000	0.55920634830	21.93740686000	3.76479998100	13.26371003000			
21.99701937000	36.00823718000	0.55577754380	21.99701937000	3.76351794000	13.26411546000			
22.05663189000	35.98262351000	0.55742717860	22.05663189000	3.76133452300	13.26505589000			
22.11624441000	36.02288811000	0.55049557620	22.11624441000	3.76561602800	13.26412012000			
22.17585693000	36.03762950000	0.54714593830	22.17585693000	3.76822434800	13.26342488000			
22.23546945000	36.03657370000	0.54816451130	22.23546945000	3.76555313300	13.26403298000			
22.29508197000	36.01282793000	0.55149189870	22.29508197000	3.76577227400	13.26370050000			
22.35469449000	35.98295389000	0.55525016470	22.35469449000	3.76757535300	13.26353275000			
22.41430700000	35.98997638000	0.55435501810	22.41430700000	3.76981060000	13.26350153000			
22.47391952000	36.02887335000	0.54986998430	22.47391952000	3.77249159500	13.26185989000			
22.53353204000	36.01187023000	0.55236060070	22.53353204000	3.77322586400	13.26263969000			
22.59314456000	36.01536167000	0.54963291610	22.59314456000	3.77141264500	13.26223480000			
22.65275708000	36.02634277000	0.55018524670	22.65275708000	3.77107136400	13.26188561000			
22.71236960000	36.04001648000	0.54757230290	22.71236960000	3.77385637300	13.26229125000			
22.77198212000	36.02808843000	0.55233209190	22.77198212000	3.77171839900	13.26200153000			
22.83159463000	35.98958597000	0.55971608020	22.83159463000	3.77187407700	13.26220049000			
22.89120715000	36.01029513000	0.55530158720	22.89120715000	3.77077380900	13.26347415000			
