GMfas			GMext		
t	x	y	t	x	y
0.000000000000	5.779622782000	1.362615471000	0.000000000000	26.385897390000	11.968238740000
0.023702860940	5.779937058000	1.362951212000	0.023702860940	26.385737690000	11.968017820000
0.047405721870	5.780553324000	1.363198654000	0.047405721870	26.385751110000	11.967918240000
0.071108582810	5.780502749000	1.363035806000	0.071108582810	26.385581460000	11.968046870000
0.094811443740	5.779306307000	1.363732557000	0.094811443740	26.385835250000	11.968024060000
0.118514304700	5.778610724000	1.363329029000	0.118514304700	26.385824450000	11.968091180000
0.142217165600	5.779417523000	1.363092984000	0.142217165600	26.385763250000	11.967933320000
0.165920026500	5.778766555000	1.363062195000	0.165920026500	26.386065700000	11.968097460000
0.189622887500	5.777793004000	1.362947030000	0.189622887500	26.385492650000	11.968082920000
0.213325748400	5.777402060000	1.362699091000	0.213325748400	26.385884340000	11.967942730000
0.237028609400	5.778421359000	1.362547486000	0.237028609400	26.385695040000	11.967996010000
0.260731470300	5.776631833000	1.363408827000	0.260731470300	26.385809430000	11.968020320000
0.284434331200	5.776652557000	1.363160091000	0.284434331200	26.385889760000	11.967693100000
0.308137192200	5.776654189000	1.362863782000	0.308137192200	26.385794390000	11.967882830000
0.331840053100	5.775749332000	1.362497590000	0.331840053100	26.385545440000	11.968019860000
0.355542914000	5.775265721000	1.362722636000	0.355542914000	26.385877150000	11.967848180000
0.379245775000	5.774421514000	1.362382402000	0.379245775000	26.385629340000	11.967873180000
0.402948635900	5.774963698000	1.362889287000	0.402948635900	26.385626550000	11.967991400000
0.426651496800	5.775184040000	1.363450006000	0.426651496800	26.385277720000	11.968055210000
0.450354357800	5.774249770000	1.363867613000	0.450354357800	26.385602470000	11.967995070000
0.474057218700	5.773637737000	1.363723343000	0.474057218700	26.385549850000	11.967841840000
0.497760079600	5.772680445000	1.363962521000	0.497760079600	26.385527080000	11.968154440000
0.521462940600	5.773632662000	1.363756329000	0.521462940600	26.385334280000	11.968023030000
0.545165801500	5.773770882000	1.364938859000	0.545165801500	26.385438840000	11.968038050000
0.568868662400	5.773112112000	1.364904613000	0.568868662400	26.385492730000	11.968081800000
0.592571523400	5.773887570000	1.364918708000	0.592571523400	26.385666140000	11.967989490000
0.616274384300	5.774086213000	1.364182646000	0.616274384300	26.385301620000	11.968087820000
0.639977245300	5.774626842000	1.364056515000	0.639977245300	26.385570930000	11.968063140000
0.663680106200	5.775044447000	1.363863468000	0.663680106200	26.385651500000	11.967775340000
0.687382967100	5.772000418000	1.362615529000	0.687382967100	26.385557800000	11.968178470000
0.711085828100	5.771558356000	1.362654370000	0.711085828100	26.385549100000	11.968015870000
0.734788689000	5.769606244000	1.362303877000	0.734788689000	26.385468960000	11.968103050000
0.758491549900	5.770791564000	1.362153358000	0.758491549900	26.385955870000	11.967929380000
0.782194410900	5.769528026000	1.360575101000	0.782194410900	26.385539510000	11.968158320000
0.805897271800	5.772008399000	1.357319892000	0.805897271800	26.385705120000	11.967981620000
0.829600132700	5.773823303000	1.355044033000	0.829600132700	26.385684340000	11.968148280000
0.853302993700	5.776963501000	1.353728009000	0.853302993700	26.385647610000	11.968009310000
0.877005854600	5.777468113000	1.353806086000	0.877005854600	26.385737350000	11.968107630000
0.900708715500	5.776500721000	1.355554034000	0.900708715500	26.385740650000	11.967715260000
0.924411576500	5.776666804000	1.356487265000	0.924411576500	26.385861770000	11.967858940000
0.948114437400	5.775526329000	1.360169861000	0.948114437400	26.385490810000	11.967896340000
0.971817298300	5.772467001000	1.362539315000	0.971817298300	26.385366270000	11.967940550000
0.995520159300	5.768814757000	1.364198231000	0.995520159300	26.385503920000	11.967826890000
1.019223020000	5.768925945000	1.364541914000	1.019223020000	26.385502560000	11.968119150000
1.042925881000	5.758019971000	1.366044024000	1.042925881000	26.385286020000	11.967923920000
1.066628742000	5.753175530000	1.366719876000	1.066628742000	26.384877160000	11.968069210000
1.090331603000	5.710482848000	1.373877165000	1.090331603000	26.385304050000	11.968329480000
1.114034464000	5.632563491000	1.385579506000	1.114034464000	26.385298030000	11.968344790000
1.137737325000	5.606701458000	1.386161342000	1.137737325000	26.384887690000	11.968347070000
1.161440186000	5.514750224000	1.401082593000	1.161440186000	26.385160400000	11.968712710000
1.185143047000	5.453107789000	1.408147318000	1.185143047000	26.385111740000	11.968932150000
1.208845908000	5.407104999000	1.420229238000	1.208845908000	26.384545220000	11.968966360000
1.232548769000	5.317026593000	1.437967717000	1.232548769000	26.385247710000	11.969691740000
1.256251630000	5.107899113000	1.479078617000	1.256251630000	26.384490360000	11.970758130000
1.279954491000	4.961543794000	1.499557339000	1.279954491000	26.385579110000	11.970909320000
1.303657351000	4.518176784000	1.595684969000	1.303657351000	26.386492920000	11.972396260000
1.327360212000	4.277327995000	1.644998548000	1.327360212000	26.384550370000	11.973815870000
1.351063073000	4.080947011000	1.687867489000	1.351063073000	26.386171300000	11.974403380000
1.374765934000	3.988804584000	1.700273482000	1.374765934000	26.385306090000	11.975838220000
1.398468795000	3.812519229000	1.728957166000	1.398468795000	26.384916450000	11.976933580000
1.422171656000	3.449072739000	1.818937136000	1.422171656000	26.385152210000	11.979531150000
1.445874517000	3.299809335000	1.843540382000	1.445874517000	26.384433000000	11.983662380000
1.469577378000	3.153428986000	1.872349950000	1.469577378000	26.383850970000	11.985831310000
1.493280239000	2.936658708000	1.906668960000	1.493280239000	26.383721430000	11.990870760000
1.516983100000	2.774809380000	1.933103535000	1.516983100000	26.382013610000	11.993624330000
1.540685961000	2.570503564000	1.958337639000	1.540685961000	26.381937980000	11.996238020000
1.564388822000	2.407974016000	1.969764622000	1.564388822000	26.380196770000	11.997869320000
1.588091683000	2.254308167000	1.984937735000	1.588091683000	26.380627410000	12.001059080000
1.611794544000	2.075079562000	2.004353456000	1.611794544000	26.380280780000	12.002480140000
1.635497405000	1.665556944000	2.070596682000	1.635497405000	26.397502210000	12.006194920000
1.659200265000	1.551249621000	2.091055920000	1.659200265000	26.398273010000	12.017729870000
1.682903126000	1.135495650000	2.165708064000	1.682903126000	26.397196100000	12.027924610000
1.706605987000	0.675407248000	2.266357448000	1.706605987000	26.394803630000	12.033599280000
1.730308848000	0.513207281300	2.303303591000	1.730308848000	26.393562180000	12.036569090000
1.754011709000	0.420347315400	2.317700713000	1.754011709000	26.392033050000	12.039023230000
1.777714570000	0.221612136300	2.344925686000	1.777714570000	26.393772150000	12.038834450000
1.801417431000	-0.085118382760	2.387005798000	1.801417431000	26.392869230000	12.041413220000
1.825120292000	-0.133812903200	2.388321257000	1.825120292000	26.392897710000	12.042399040000
1.848823153000	-0.241631592700	2.409692787000	1.848823153000	26.390633080000	12.043632120000
1.872526014000	-0.333819457300	2.428567065000	1.872526014000	26.390703540000	12.044766760000
1.896228875000	-0.460633906400	2.462097156000	1.896228875000	26.388529840000	12.045659190000
1.919931736000	-0.519068098600	2.479660112000	1.919931736000	26.386969290000	12.046819890000
1.943634597000	-0.558611998700	2.485927417000	1.943634597000	26.387792560000	12.046726440000
1.967337458000	-0.764750716400	2.520627694000	1.967337458000	26.386763110000	12.049426340000
1.991040319000	-0.966656276600	2.568969982000	1.991040319000	26.385529440000	12.050959500000
2.014743180000	-1.135785448000	2.614570480000	2.014743180000	26.385003760000	12.052601460000
2.038446040000	-1.208810349000	2.634002575000	2.038446040000	26.384447380000	12.054404780000
2.062148901000	-1.573233265000	2.744981152000	2.062148901000	26.382589980000	12.063589890000
2.085851762000	-1.711023644000	2.782477439000	2.085851762000	26.383778070000	12.067768920000
2.109554623000	-1.835844717000	2.814508106000	2.109554623000	26.382398430000	12.072806490000
2.133257484000	-1.880446031000	2.827602244000	2.133257484000	26.380384190000	12.070311650000
2.156960345000	-1.992640813000	2.874148369000	2.156960345000	26.381638390000	12.076566250000
2.180663206000	-2.126073092000	2.917441817000	2.180663206000	26.392506200000	12.086062640000
2.204366067000	-2.195069175000	2.937326005000	2.204366067000	26.391755610000	12.090274010000
2.228068928000	-2.363691095000	2.988387306000	2.228068928000	26.392126570000	12.099726630000
2.251771789000	-2.423943398000	3.021005159000	2.251771789000	26.390904040000	12.104967390000
2.275474650000	-2.465254331000	3.038523328000	2.275474650000	26.390024670000	12.108653430000
2.299177511000	-2.493206987000	3.053749495000	2.299177511000	26.390467020000	12.110805120000
2.322880372000	-2.541904130000	3.069792653000	2.322880372000	26.385610890000	12.113042820000
2.346583233000	-2.600538099000	3.087303291000	2.346583233000	26.389510770000	12.114141360000
2.370286094000	-2.714698167000	3.116465997000	2.370286094000	26.385436290000	12.116601260000
2.393988954000	-2.759513241000	3.132326042000	2.393988954000	26.387096100000	12.118576780000
2.417691815000	-2.951330898000	3.176562753000	2.417691815000	26.389939480000	12.122104010000
2.441394676000	-3.024567258000	3.195056128000	2.441394676000	26.389299490000	12.123889880000
2.465097537000	-3.188342415000	3.230761052000	2.465097537000	26.384406850000	12.127282590000
2.488800398000	-3.214013691000	3.234822334000	2.488800398000	26.386528890000	12.127321050000
2.512503259000	-3.310849024000	3.247754322000	2.512503259000	26.387224990000	12.129584530000
2.536206120000	-3.410789716000	3.260829317000	2.536206120000	26.390730200000	12.130855470000
2.559908981000	-3.537990954000	3.277650721000	2.559908981000	26.387772440000	12.132798350000
2.583611842000	-3.631574811000	3.291839168000	2.583611842000	26.391612800000	12.133694610000
2.607314703000	-3.777712200000	3.317163108000	2.607314703000	26.390093440000	12.137396480000
2.631017564000	-3.802963953000	3.325965313000	2.631017564000	26.390784520000	12.138974150000
2.654720425000	-3.913832095000	3.353101385000	2.654720425000	26.389805940000	12.142166040000
2.678423286000	-3.985847961000	3.354851827000	2.678423286000	26.390583260000	12.142744110000
2.702126147000	-4.114624622000	3.366556218000	2.702126147000	26.394080470000	12.145678990000
2.725829008000	-4.302067875000	3.394777337000	2.725829008000	26.393027600000	12.151125240000
2.749531868000	-4.376831416000	3.401829500000	2.749531868000	26.394581300000	12.152841030000
2.773234729000	-4.497810768000	3.414029034000	2.773234729000	26.407904490000	12.156664360000
2.796937590000	-4.620184537000	3.433771304000	2.796937590000	26.412110490000	12.165362120000
2.820640451000	-4.731155595000	3.451943157000	2.820640451000	26.411073300000	12.171619090000
2.844343312000	-4.849474505000	3.468115178000	2.844343312000	26.413321270000	12.176819890000
2.868046173000	-4.924809980000	3.478296004000	2.868046173000	26.413224580000	12.177569280000
2.891749034000	-5.174736531000	3.518340226000	2.891749034000	26.412707200000	12.184901800000
2.915451895000	-5.305889583000	3.543022358000	2.915451895000	26.415583320000	12.186623350000
2.939154756000	-5.433647348000	3.566468915000	2.939154756000	26.411503430000	12.190235950000
2.962857617000	-5.492664409000	3.577646428000	2.962857617000	26.412538400000	12.191312900000
2.986560478000	-5.787262858000	3.630388560000	2.986560478000	26.408158200000	12.196561180000
3.010263339000	-5.982455976000	3.675456807000	3.010263339000	26.407439630000	12.201193680000
3.033966200000	-6.061114801000	3.691944133000	3.033966200000	26.405829410000	12.204554520000
3.057669061000	-6.187532906000	3.716197508000	3.057669061000	26.404053740000	12.206416280000
3.081371922000	-6.411081646000	3.755058636000	3.081371922000	26.403690990000	12.214351590000
3.105074783000	-6.626170751000	3.782909316000	3.105074783000	26.403752460000	12.220525820000
3.128777643000	-6.758562973000	3.812349716000	3.128777643000	26.403659290000	12.224917050000
3.152480504000	-6.855780312000	3.828480371000	3.152480504000	26.404193280000	12.227952780000
3.176183365000	-7.020392827000	3.858292665000	3.176183365000	26.421926750000	12.232503950000
3.199886226000	-7.296270872000	3.905347572000	3.199886226000	26.421113110000	12.248325330000
3.223589087000	-7.388327867000	3.908765951000	3.223589087000	26.424559130000	12.251348940000
3.247291948000	-7.557352101000	3.923837162000	3.247291948000	26.424988620000	12.255923420000
3.270994809000	-7.668155537000	3.930526191000	3.270994809000	26.427504070000	12.257106920000
3.294697670000	-7.776772930000	3.944799656000	3.294697670000	26.427859550000	12.260170650000
3.318400531000	-7.893302258000	3.950158628000	3.318400531000	26.427193590000	12.263026850000
3.342103392000	-8.004770278000	3.963555242000	3.342103392000	26.427884240000	12.264649740000
3.365806253000	-8.126691573000	3.979516969000	3.365806253000	26.428168920000	12.267544050000
3.389509114000	-8.301377660000	3.988727197000	3.389509114000	26.428851240000	12.270146060000
3.413211975000	-8.380524071000	3.973928729000	3.413211975000	26.429823450000	12.271886210000
3.436914836000	-8.483460934000	3.978583889000	3.436914836000	26.427360910000	12.273571180000
3.460617697000	-8.704317996000	3.999919511000	3.460617697000	26.429159870000	12.277491040000
3.484320557000	-8.734992147000	4.000660094000	3.484320557000	26.428080970000	12.278327970000
3.508023418000	-8.747327589000	3.996605411000	3.508023418000	26.428582480000	12.279111250000
3.531726279000	-8.753098644000	3.975551208000	3.531726279000	26.429547490000	12.277376310000
3.555429140000	-8.819422638000	3.978477302000	3.555429140000	26.429684050000	12.278112620000
3.579132001000	-8.892546695000	3.986274583000	3.579132001000	26.429328200000	12.278576760000
3.602834862000	-8.911955270000	3.991331450000	3.602834862000	26.430465730000	12.278092490000
3.626537723000	-8.956343934000	3.989772064000	3.626537723000	26.427844330000	12.282937730000
3.650240584000	-9.007707359000	3.980676126000	3.650240584000	26.427931830000	12.281807020000
3.673943445000	-9.063949007000	3.977397720000	3.673943445000	26.429940800000	12.284078720000
3.697646306000	-9.131806988000	3.978871715000	3.697646306000	26.429374090000	12.283975080000
3.721349167000	-9.169855369000	3.984526235000	3.721349167000	26.432303700000	12.284061190000
3.745052028000	-9.248888901000	3.995965862000	3.745052028000	26.430249540000	12.285403860000
3.768754889000	-9.434493780000	3.997738227000	3.768754889000	26.434756560000	12.288392850000
3.792457750000	-9.480580377000	4.008598448000	3.792457750000	26.436222680000	12.289155540000
3.816160611000	-9.582184746000	4.021059202000	3.816160611000	26.436523690000	12.290312130000
3.839863472000	-9.660429887000	4.037452899000	3.839863472000	26.435828640000	12.293593590000
3.863566332000	-9.795934399000	4.045643242000	3.863566332000	26.436792270000	12.298747340000
3.887269193000	-9.908668706000	4.061183457000	3.887269193000	26.438623990000	12.301418310000
3.910972054000	-9.941683439000	4.069197663000	3.910972054000	26.436885430000	12.298583680000
3.934674915000	-9.954642290000	4.076135469000	3.934674915000	26.440337720000	12.296704580000
3.958377776000	-9.919069120000	4.080127695000	3.958377776000	26.436963090000	12.294492300000
3.982080637000	-9.933259212000	4.079181452000	3.982080637000	26.435288470000	12.294324600000
4.005783498000	-10.126136530000	4.100865700000	4.005783498000	26.437837570000	12.296894680000
4.029486359000	-10.213460210000	4.108762281000	4.029486359000	26.435189130000	12.298272240000
4.053189220000	-10.253181120000	4.108173297000	4.053189220000	26.434359270000	12.296086990000
4.076892081000	-10.382263180000	4.110583162000	4.076892081000	26.434953460000	12.300271510000
4.100594942000	-10.495858400000	4.113881934000	4.100594942000	26.435195100000	12.301621670000
4.124297803000	-10.588564070000	4.121941161000	4.124297803000	26.444577120000	12.301537100000
4.148000664000	-10.640579610000	4.125996742000	4.148000664000	26.442582540000	12.310964640000
4.171703525000	-10.671165080000	4.128553072000	4.171703525000	26.442381210000	12.315056440000
4.195406386000	-10.779321060000	4.132391430000	4.195406386000	26.443856000000	12.321078450000
4.219109246000	-10.856942480000	4.140611227000	4.219109246000	26.447015300000	12.324635760000
4.242812107000	-10.962943660000	4.154381586000	4.242812107000	26.448502170000	12.325162740000
4.266514968000	-10.981672580000	4.151200153000	4.266514968000	26.449849350000	12.326468970000
4.290217829000	-10.979551410000	4.150366487000	4.290217829000	26.451545150000	12.325004580000
4.313920690000	-11.021905400000	4.150126888000	4.313920690000	26.451462670000	12.326731110000
4.337623551000	-11.072660720000	4.158904568000	4.337623551000	26.451869000000	12.328191520000
4.361326412000	-11.066046940000	4.159212393000	4.361326412000	26.449701930000	12.329790290000
4.385029273000	-11.045395290000	4.158410823000	4.385029273000	26.451975270000	12.331039060000
4.408732134000	-11.050968640000	4.162373179000	4.408732134000	26.452518020000	12.331045780000
4.432434995000	-11.056412920000	4.167825066000	4.432434995000	26.450361560000	12.331761750000
4.456137856000	-11.067488630000	4.173533981000	4.456137856000	26.447738340000	12.332283020000
4.479840717000	-11.083732870000	4.175962747000	4.479840717000	26.448975470000	12.334942880000
4.503543578000	-11.095128290000	4.178414946000	4.503543578000	26.448055650000	12.335373840000
4.527246439000	-11.087768280000	4.178936018000	4.527246439000	26.446300960000	12.336187770000
4.550949300000	-11.071418600000	4.178498586000	4.550949300000	26.449026960000	12.335864960000
4.574652161000	-11.069512730000	4.177368791000	4.574652161000	26.444226010000	12.335743700000
4.598355021000	-11.071508850000	4.175884101000	4.598355021000	26.445757510000	12.336653570000
4.622057882000	-11.081667930000	4.179251780000	4.622057882000	26.444826620000	12.338010260000
4.645760743000	-11.065304700000	4.180001218000	4.645760743000	26.443667890000	12.338153750000
4.669463604000	-11.051534290000	4.177542602000	4.669463604000	26.443427660000	12.337086690000
4.693166465000	-11.025116760000	4.173718126000	4.693166465000	26.443663320000	12.338219390000
4.716869326000	-10.991725820000	4.171196233000	4.716869326000	26.443901740000	12.338547540000
4.740572187000	-10.985185300000	4.169791756000	4.740572187000	26.442387040000	12.338387570000
4.764275048000	-10.983119340000	4.170491289000	4.764275048000	26.442856280000	12.338705390000
4.787977909000	-10.979881540000	4.170823695000	4.787977909000	26.441981040000	12.339737420000
4.811680770000	-10.935477410000	4.162721437000	4.811680770000	26.442590160000	12.337751430000
4.835383631000	-10.896008380000	4.157050413000	4.835383631000	26.443864050000	12.337518910000
4.859086492000	-10.812593060000	4.151496782000	4.859086492000	26.442504930000	12.337328050000
4.882789353000	-10.725289060000	4.140449158000	4.882789353000	26.443794780000	12.338274670000
4.906492214000	-10.655452750000	4.130236811000	4.906492214000	26.443167000000	12.336920770000
4.930195075000	-10.598263790000	4.116161165000	4.930195075000	26.441993940000	12.336823720000
4.953897935000	-10.582750760000	4.110041964000	4.953897935000	26.443456940000	12.336010970000
4.977600796000	-10.604911360000	4.110363226000	4.977600796000	26.445436120000	12.335651840000
5.001303657000	-10.613198830000	4.111902647000	5.001303657000	26.442885130000	12.336496780000
5.025006518000	-10.617685380000	4.114157330000	5.025006518000	26.442815460000	12.335857120000
5.048709379000	-10.640505100000	4.111230039000	5.048709379000	26.442548390000	12.336857920000
5.072412240000	-10.700144380000	4.119558012000	5.072412240000	26.444334190000	12.337124070000
5.096115101000	-10.706185630000	4.126369100000	5.096115101000	26.443151010000	12.337087930000
5.119817962000	-10.636740160000	4.118679269000	5.119817962000	26.442780650000	12.336996510000
5.143520823000	-10.601911690000	4.110802641000	5.143520823000	26.443118930000	12.336632790000
5.167223684000	-10.601320160000	4.108368274000	5.167223684000	26.443948290000	12.336426250000
5.190926545000	-10.606964070000	4.108140190000	5.190926545000	26.441752280000	12.336480460000
5.214629406000	-10.585276410000	4.108785634000	5.214629406000	26.443719070000	12.335878810000
5.238332267000	-10.428476030000	4.083387638000	5.238332267000	26.443807690000	12.335242810000
5.262035128000	-10.371933800000	4.077195921000	5.262035128000	26.444929600000	12.335685700000
5.285737989000	-10.284172760000	4.060875636000	5.285737989000	26.444639580000	12.334188670000
5.309440850000	-10.215683540000	4.055839081000	5.309440850000	26.442074390000	12.334710860000
5.333143710000	-10.016044030000	4.027340727000	5.333143710000	26.441911890000	12.334477210000
5.356846571000	-9.964269404000	4.019622939000	5.356846571000	26.441501300000	12.333950070000
5.380549432000	-9.706633845000	3.958583509000	5.380549432000	26.440607080000	12.331730200000
5.404252293000	-9.628751817000	3.951436898000	5.404252293000	26.443328680000	12.330846570000
5.427955154000	-9.546047409000	3.943592753000	5.427955154000	26.441949750000	12.330609350000
5.451658015000	-9.453956476000	3.933689964000	5.451658015000	26.440631500000	12.329607180000
5.475360876000	-9.351412440000	3.917036118000	5.475360876000	26.441161710000	12.329400450000
5.499063737000	-9.238185106000	3.895710475000	5.499063737000	26.439012640000	12.328250690000
5.522766598000	-9.193486644000	3.891209740000	5.522766598000	26.441482370000	12.328006700000
5.546469459000	-9.169769631000	3.877921071000	5.546469459000	26.440667320000	12.326776660000
5.570172320000	-9.138534030000	3.874952085000	5.570172320000	26.440574650000	12.327162110000
5.593875181000	-9.038422564000	3.860761249000	5.593875181000	26.438963440000	12.323002620000
5.617578042000	-9.026553606000	3.861630594000	5.617578042000	26.438080750000	12.323772620000
5.641280903000	-8.993725501000	3.850457521000	5.641280903000	26.438694590000	12.323055590000
5.664983764000	-8.909624530000	3.827875858000	5.664983764000	26.435471580000	12.319255320000
5.688686624000	-8.896629777000	3.817635767000	5.688686624000	26.437241810000	12.321023280000
5.712389485000	-8.862731868000	3.810937702000	5.712389485000	26.436492470000	12.318725690000
5.736092346000	-8.838973640000	3.802085364000	5.736092346000	26.436295750000	12.317286010000
5.759795207000	-8.842330473000	3.794281709000	5.759795207000	26.436866260000	12.319509170000
5.783498068000	-8.841833491000	3.790476933000	5.783498068000	26.434671090000	12.317832940000
5.807200929000	-8.832734688000	3.787201461000	5.807200929000	26.435037900000	12.317582740000
5.830903790000	-8.827738761000	3.778365482000	5.830903790000	26.434963050000	12.317028370000
5.854606651000	-8.831695323000	3.779617571000	5.854606651000	26.434049660000	12.314656910000
5.878309512000	-8.837047634000	3.780154580000	5.878309512000	26.433662920000	12.315968620000
5.902012373000	-8.822266237000	3.779849025000	5.902012373000	26.434809410000	12.312839680000
5.925715234000	-8.801106018000	3.776778635000	5.925715234000	26.434885610000	12.312350230000
5.949418095000	-8.781722669000	3.774712078000	5.949418095000	26.436131400000	12.313201730000
5.973120956000	-8.765112065000	3.771922467000	5.973120956000	26.435326010000	12.313370570000
5.996823817000	-8.677340150000	3.751390742000	5.996823817000	26.433132750000	12.307160530000
6.020526678000	-8.567332700000	3.717719804000	6.020526678000	26.433443980000	12.308488950000
6.044229539000	-8.462165862000	3.695185543000	6.044229539000	26.433240400000	12.306567120000
6.067932399000	-8.249301696000	3.630905145000	6.067932399000	26.439131670000	12.297436640000
6.091635260000	-8.185131498000	3.617844428000	6.091635260000	26.438333260000	12.290652470000
6.115338121000	-8.047160771000	3.588388788000	6.115338121000	26.435709710000	12.283448030000
6.139040982000	-7.899813213000	3.557111282000	6.139040982000	26.434730600000	12.277294630000
6.162743843000	-7.709720174000	3.495691893000	6.162743843000	26.433179970000	12.276850930000
6.186446704000	-7.648494637000	3.480892980000	6.186446704000	26.431682150000	12.275488800000
6.210149565000	-7.430503242000	3.439554067000	6.210149565000	26.430827010000	12.268994240000
6.233852426000	-7.242700954000	3.404673127000	6.233852426000	26.428457400000	12.267712920000
6.257555287000	-7.009169389000	3.363550875000	6.257555287000	26.427310710000	12.265345730000
6.281258148000	-6.646872251000	3.286013074000	6.281258148000	26.426657040000	12.264306310000
6.304961009000	-6.125345258000	3.251136163000	6.304961009000	26.424257030000	12.261017620000
6.328663870000	-5.982125257000	3.252696749000	6.328663870000	26.424653160000	12.260222350000
6.352366731000	-5.676196686000	3.208145356000	6.352366731000	26.423315530000	12.259373520000
6.376069592000	-5.495405302000	3.182645941000	6.376069592000	26.424048460000	12.257193710000
6.399772453000	-5.350014544000	3.151907717000	6.399772453000	26.423756350000	12.255836240000
6.423475313000	-4.946672185000	3.116295109000	6.423475313000	26.421396160000	12.250074500000
6.447178174000	-4.704115548000	3.083936403000	6.447178174000	26.420084490000	12.248018770000
6.470881035000	-4.553077457000	3.053724467000	6.470881035000	26.420562700000	12.246964800000
6.494583896000	-4.250659576000	2.999022563000	6.494583896000	26.418168100000	12.237280040000
6.518286757000	-3.989497663000	2.953359091000	6.518286757000	26.423109360000	12.227336050000
6.541989618000	-3.431427039000	2.871952477000	6.541989618000	26.422578580000	12.209784100000
6.565692479000	-3.012929112000	2.789461064000	6.565692479000	26.420966070000	12.201691410000
6.589395340000	-2.504648430000	2.660957184000	6.589395340000	26.419818870000	12.195740870000
6.613098201000	-1.742976416000	2.491269851000	6.613098201000	26.416743980000	12.186359130000
6.636801062000	-1.399989327000	2.415228235000	6.636801062000	26.419241170000	12.181584000000
6.660503923000	-1.119400127000	2.372798040000	6.660503923000	26.418535060000	12.178193800000
6.684206784000	-0.693393438600	2.306255071000	6.684206784000	26.417859140000	12.174977060000
6.707909645000	-0.520013057500	2.274631538000	6.707909645000	26.416985880000	12.172616750000
6.731612506000	-0.290040133700	2.224630546000	6.731612506000	26.417545720000	12.164252510000
6.755315367000	-0.029916617480	2.159276495000	6.755315367000	26.415172430000	12.158698440000
6.779018228000	0.018943113180	2.154268213000	6.779018228000	26.415998500000	12.159937710000
6.802721088000	0.185338483300	2.137769616000	6.802721088000	26.414254590000	12.155973120000
6.826423949000	0.196436276700	2.134592857000	6.826423949000	26.414444890000	12.158489080000
6.850126810000	0.226423002400	2.129098357000	6.850126810000	26.414783560000	12.157747540000
6.873829671000	0.247742893300	2.128336742000	6.873829671000	26.413483450000	12.159119230000
6.897532532000	0.260068581000	2.132558059000	6.897532532000	26.414525720000	12.161638700000
6.921235393000	0.290510515000	2.134076193000	6.921235393000	26.414505070000	12.163113300000
6.944938254000	0.338641015500	2.137128388000	6.944938254000	26.414014180000	12.161994040000
6.968641115000	0.352593245900	2.134467322000	6.968641115000	26.414505760000	12.165680300000
6.992343976000	0.370119094100	2.148419104000	6.992343976000	26.414579890000	12.164042860000
