GMfas4BEST			GMext		
t	x	y	t	x	y
0.000000000000	12.095727770000	0.334613262500	0.000000000000	44.601452650000	13.607971230000
0.018361763460	12.096513520000	0.334377907000	0.018361763460	44.601309070000	13.607660260000
0.036723526930	12.096494460000	0.334495990700	0.036723526930	44.601491000000	13.607542650000
0.055085290390	12.096420980000	0.334328017100	0.055085290390	44.601562780000	13.607427530000
0.073447053860	12.096848780000	0.334409193200	0.073447053860	44.601022630000	13.607642090000
0.091808817320	12.095960040000	0.334439877400	0.091808817320	44.601469420000	13.607420000000
0.110170580800	12.096591910000	0.334470776500	0.110170580800	44.601887290000	13.607443680000
0.128532344200	12.095967290000	0.334345165200	0.128532344200	44.601451650000	13.607087520000
0.146894107700	12.096263130000	0.334462302700	0.146894107700	44.601169300000	13.607358310000
0.165255871200	12.096373300000	0.334445630500	0.165255871200	44.600684990000	13.607574420000
0.183617634600	12.096422560000	0.334418593800	0.183617634600	44.601202480000	13.607202010000
0.201979398100	12.096361860000	0.334460607900	0.201979398100	44.601722240000	13.607235650000
0.220341161600	12.097092000000	0.334379980000	0.220341161600	44.600878880000	13.607561470000
0.238702925000	12.096918630000	0.334388274600	0.238702925000	44.600703780000	13.607657300000
0.257064688500	12.097322780000	0.334516117900	0.257064688500	44.601147680000	13.607446050000
0.275426452000	12.097049970000	0.334283319300	0.275426452000	44.601674670000	13.607135270000
0.293788215400	12.097311300000	0.334413150900	0.293788215400	44.601625460000	13.607339930000
0.312149978900	12.097391890000	0.334375512600	0.312149978900	44.602494770000	13.607133130000
0.330511742300	12.097830610000	0.334569508800	0.330511742300	44.600961910000	13.607474890000
0.348873505800	12.096991390000	0.334431273600	0.348873505800	44.601595840000	13.607272820000
0.367235269300	12.097946030000	0.334490051300	0.367235269300	44.601627250000	13.607066960000
0.385597032700	12.097041600000	0.334441352700	0.385597032700	44.602582630000	13.606798500000
0.403958796200	12.097080120000	0.334670581800	0.403958796200	44.601107990000	13.607402360000
0.422320559700	12.096162110000	0.334648105100	0.422320559700	44.602114810000	13.607303210000
0.440682323100	12.096391370000	0.334518635600	0.440682323100	44.602012600000	13.607486640000
0.459044086600	12.095891040000	0.334447756000	0.459044086600	44.601872460000	13.606882340000
0.477405850100	12.095845310000	0.334273606800	0.477405850100	44.601505650000	13.607367950000
0.495767613500	12.095278420000	0.334461449500	0.495767613500	44.600939120000	13.607465170000
0.514129377000	12.095331120000	0.334201996500	0.514129377000	44.601247410000	13.607446670000
0.532491140400	12.096012210000	0.334249225700	0.532491140400	44.601202170000	13.607304580000
0.550852903900	12.095216350000	0.333980373300	0.550852903900	44.601481500000	13.607106740000
0.569214667400	12.096050670000	0.333877389900	0.569214667400	44.601899140000	13.607156160000
0.587576430800	12.096564460000	0.334101569400	0.587576430800	44.599640420000	13.607829180000
0.605938194300	12.097073260000	0.333835381100	0.605938194300	44.601294620000	13.607593160000
0.624299957800	12.097324130000	0.333688538300	0.624299957800	44.601139260000	13.607171710000
0.642661721200	12.096784950000	0.333782318200	0.642661721200	44.601908460000	13.607293030000
0.661023484700	12.096929300000	0.334149424700	0.661023484700	44.602289620000	13.606952010000
0.679385248200	12.097123600000	0.333920615800	0.679385248200	44.601212820000	13.607246890000
0.697747011600	12.097876150000	0.334217960400	0.697747011600	44.601832780000	13.606894380000
0.716108775100	12.097014370000	0.334037110000	0.716108775100	44.602569380000	13.607148420000
0.734470538600	12.096470200000	0.333689257900	0.734470538600	44.601383430000	13.607279820000
0.752832302000	12.097520230000	0.334326457100	0.752832302000	44.601372960000	13.607304860000
0.771194065500	12.097487030000	0.334263178100	0.771194065500	44.602064760000	13.607189470000
0.789555828900	12.097233930000	0.334116084400	0.789555828900	44.601590660000	13.607101780000
0.807917592400	12.097488920000	0.334108280400	0.807917592400	44.601399850000	13.607191150000
0.826279355900	12.096600260000	0.334358086000	0.826279355900	44.601617870000	13.607003210000
0.844641119300	12.097031220000	0.334085519800	0.844641119300	44.601881380000	13.607097610000
0.863002882800	12.097563570000	0.334402773000	0.863002882800	44.601491890000	13.607127010000
0.881364646300	12.097754180000	0.333959047500	0.881364646300	44.601323930000	13.607493430000
0.899726409700	12.098050550000	0.334257331900	0.899726409700	44.601458130000	13.607684690000
0.918088173200	12.098620670000	0.334266264300	0.918088173200	44.601968820000	13.606978500000
0.936449936700	12.097612350000	0.334137201600	0.936449936700	44.601239610000	13.607308900000
0.954811700100	12.097374770000	0.334378330300	0.954811700100	44.601784220000	13.606992880000
0.973173463600	12.097602750000	0.334365096000	0.973173463600	44.602134390000	13.606801940000
0.991535227000	12.097748660000	0.334150793200	0.991535227000	44.602244490000	13.607146090000
1.009896991000	12.096505950000	0.334745009100	1.009896991000	44.602165540000	13.607107130000
1.028258754000	12.095930320000	0.334606630800	1.028258754000	44.601414700000	13.607455780000
1.046620517000	12.095179250000	0.334108986600	1.046620517000	44.600725850000	13.607335420000
1.064982281000	12.095014880000	0.333982973500	1.064982281000	44.602034890000	13.607163750000
1.083344044000	12.094871670000	0.333749249800	1.083344044000	44.602097200000	13.607235960000
1.101705808000	12.094771990000	0.333647179600	1.101705808000	44.602167270000	13.607080030000
1.120067571000	12.095155120000	0.333714194000	1.120067571000	44.601435960000	13.607068440000
1.138429335000	12.095594910000	0.333818662300	1.138429335000	44.602294970000	13.607055460000
1.156791098000	12.095809620000	0.333493299700	1.156791098000	44.601608360000	13.607208010000
1.175152862000	12.096198610000	0.333671915800	1.175152862000	44.601507870000	13.607161000000
1.193514625000	12.096768480000	0.333798442600	1.193514625000	44.601728250000	13.607226520000
1.211876389000	12.097070900000	0.333786207600	1.211876389000	44.601978990000	13.607040510000
1.230238152000	12.097417660000	0.333795930200	1.230238152000	44.601071380000	13.607252670000
1.248599916000	12.097726450000	0.333931157800	1.248599916000	44.601375970000	13.607397010000
1.266961679000	12.097749200000	0.334002993900	1.266961679000	44.601535790000	13.606885590000
1.285323442000	12.098105400000	0.334045182000	1.285323442000	44.601560460000	13.607241740000
1.303685206000	12.098275530000	0.334327691800	1.303685206000	44.601247900000	13.607065860000
1.322046969000	12.097714010000	0.334319082500	1.322046969000	44.600757350000	13.607540630000
1.340408733000	12.097387430000	0.333805639800	1.340408733000	44.601793800000	13.607168960000
1.358770496000	12.097823500000	0.333633197800	1.358770496000	44.601999570000	13.607311010000
1.377132260000	12.096655230000	0.333615860800	1.377132260000	44.601962930000	13.607241300000
1.395494023000	12.096672320000	0.333317435300	1.395494023000	44.601471840000	13.607498430000
1.413855787000	12.094228650000	0.330553899100	1.413855787000	44.602420270000	13.607292600000
1.432217550000	12.087159650000	0.323711366400	1.432217550000	44.601692180000	13.607067980000
1.450579314000	12.077263160000	0.314648015400	1.450579314000	44.601716370000	13.607196610000
1.468941077000	11.981368570000	0.333410330600	1.468941077000	44.601049670000	13.607328240000
1.487302841000	11.935870530000	0.346605354500	1.487302841000	44.602240150000	13.607460630000
1.505664604000	11.800497800000	0.386025348600	1.505664604000	44.601283710000	13.608109890000
1.524026367000	11.414593760000	0.458366171000	1.524026367000	44.600777750000	13.609178410000
1.542388131000	11.348692370000	0.479414877400	1.542388131000	44.600493330000	13.609346670000
1.560749894000	10.877375300000	0.601445523100	1.560749894000	44.601098000000	13.610373550000
1.579111658000	10.442173530000	0.702717993100	1.579111658000	44.599742000000	13.610328190000
1.597473421000	10.209240310000	0.756751857400	1.597473421000	44.604070220000	13.610763070000
1.615835185000	10.119920690000	0.770885037500	1.615835185000	44.603453450000	13.612111260000
1.634196948000	9.592855096000	0.876580151100	1.634196948000	44.607688960000	13.611521910000
1.652558712000	8.986794628000	1.010564660000	1.652558712000	44.607714240000	13.611626550000
1.670920475000	8.452489753000	1.130119752000	1.670920475000	44.606996590000	13.612560150000
1.689282239000	8.413222231000	1.147490919000	1.689282239000	44.606252950000	13.614236410000
1.707644002000	8.074903840000	1.232009564000	1.707644002000	44.604579280000	13.613106550000
1.726005766000	7.841836550000	1.305297491000	1.726005766000	44.605538550000	13.614124090000
1.744367529000	7.785573238000	1.290998784000	1.744367529000	44.601380810000	13.612631600000
1.762729293000	7.754520759000	1.295870720000	1.762729293000	44.603595140000	13.613551300000
1.781091056000	7.609488786000	1.320160139000	1.781091056000	44.602011140000	13.612765870000
1.799452819000	7.477556757000	1.343385882000	1.799452819000	44.601238790000	13.613805010000
1.817814583000	7.356700537000	1.358733542000	1.817814583000	44.602185540000	13.613634050000
1.836176346000	7.262171158000	1.368116352000	1.836176346000	44.602542950000	13.614553820000
1.854538110000	7.221443680000	1.379324060000	1.854538110000	44.602994020000	13.613628810000
1.872899873000	7.039119766000	1.411098164000	1.872899873000	44.599172280000	13.613642060000
1.891261637000	6.964614838000	1.436551693000	1.891261637000	44.598966190000	13.615170950000
1.909623400000	6.928809309000	1.448909788000	1.909623400000	44.601175870000	13.614756850000
1.927985164000	6.875907795000	1.457151133000	1.927985164000	44.599574350000	13.614786520000
1.946346927000	6.833606475000	1.472827692000	1.946346927000	44.601837360000	13.616241900000
1.964708691000	6.795569186000	1.474714858000	1.964708691000	44.600728210000	13.615709960000
1.983070454000	6.767053802000	1.483252438000	1.983070454000	44.600683330000	13.616021800000
2.001432218000	6.723639062000	1.488318317000	2.001432218000	44.596929590000	13.616220420000
2.019793981000	6.703406281000	1.497016881000	2.019793981000	44.599682910000	13.614708000000
2.038155744000	6.622820347000	1.510308039000	2.038155744000	44.600490210000	13.614681190000
2.056517508000	6.518078131000	1.509622110000	2.056517508000	44.601553480000	13.614906050000
2.074879271000	6.416672718000	1.506144776000	2.074879271000	44.600270890000	13.613957670000
2.093241035000	6.301269424000	1.516136497000	2.093241035000	44.597530880000	13.614426800000
2.111602798000	6.244546081000	1.521249469000	2.111602798000	44.600979770000	13.611990150000
2.129964562000	6.154576657000	1.534354068000	2.129964562000	44.598746930000	13.612345140000
2.148326325000	6.011554848000	1.553468919000	2.148326325000	44.603380860000	13.611102910000
2.166688089000	5.840865388000	1.579075382000	2.166688089000	44.605848140000	13.610842070000
2.185049852000	5.722442941000	1.604115921000	2.185049852000	44.605373670000	13.611449540000
2.203411616000	5.433266138000	1.667034938000	2.203411616000	44.606085460000	13.609717940000
2.221773379000	5.234641962000	1.689280232000	2.221773379000	44.606952630000	13.609783590000
2.240135143000	4.994336544000	1.731340418000	2.240135143000	44.608961940000	13.607225660000
2.258496906000	4.693148907000	1.803251609000	2.258496906000	44.609023550000	13.608823300000
2.276858670000	4.408984576000	1.848261493000	2.276858670000	44.610296150000	13.607470710000
2.295220433000	4.384523017000	1.859023973000	2.295220433000	44.610747030000	13.607537890000
2.313582196000	3.963391227000	1.900846829000	2.313582196000	44.613959700000	13.607092480000
2.331943960000	3.625756525000	1.912721708000	2.331943960000	44.616089310000	13.606891100000
2.350305723000	3.446008034000	1.904374226000	2.350305723000	44.613506660000	13.606206490000
2.368667487000	3.335643479000	1.909733461000	2.368667487000	44.620341770000	13.605893370000
2.387029250000	3.176252937000	1.927152834000	2.387029250000	44.622602330000	13.603366130000
2.405391014000	3.029591882000	1.947989658000	2.405391014000	44.620344640000	13.604852660000
2.423752777000	2.866186802000	2.000632799000	2.423752777000	44.624100260000	13.602344790000
2.442114541000	2.755252263000	2.030696043000	2.442114541000	44.630048640000	13.602404210000
2.460476304000	2.726913261000	2.032584808000	2.460476304000	44.629249550000	13.601222030000
2.478838068000	2.668691808000	2.033276367000	2.478838068000	44.631788270000	13.599796190000
2.497199831000	2.541925459000	2.031643945000	2.497199831000	44.632748620000	13.598812000000
2.515561595000	2.384762676000	2.041441600000	2.515561595000	44.631184860000	13.599014010000
2.533923358000	2.257827778000	2.057852535000	2.533923358000	44.634833250000	13.598241390000
2.552285121000	2.177531131000	2.062803566000	2.552285121000	44.636332330000	13.597823110000
2.570646885000	2.018382540000	2.073262024000	2.570646885000	44.636703870000	13.598105080000
2.589008648000	1.892933586000	2.087607786000	2.589008648000	44.636694310000	13.598241320000
2.607370412000	1.825473276000	2.102818894000	2.607370412000	44.637906730000	13.597260020000
2.625732175000	1.805037530000	2.110486678000	2.625732175000	44.639998420000	13.596712450000
2.644093939000	1.818615906000	2.111644498000	2.644093939000	44.640116010000	13.597322500000
2.662455702000	1.871331501000	2.115848445000	2.662455702000	44.640738520000	13.596657730000
2.680817466000	1.982106416000	2.107442621000	2.680817466000	44.639445540000	13.596974710000
2.699179229000	2.019131440000	2.096627827000	2.699179229000	44.638863520000	13.598119580000
2.717540993000	2.009921510000	2.093785580000	2.717540993000	44.638757550000	13.598498460000
2.735902756000	1.960739193000	2.088792257000	2.735902756000	44.639285050000	13.597273780000
2.754264520000	1.929166571000	2.082945489000	2.754264520000	44.638528950000	13.597806320000
2.772626283000	1.935491413000	2.082053444000	2.772626283000	44.640354380000	13.596635430000
2.790988046000	1.969302785000	2.080790729000	2.790988046000	44.641383130000	13.596833020000
2.809349810000	1.986349492000	2.088160139000	2.809349810000	44.638155790000	13.598360930000
2.827711573000	1.976832192000	2.090385679000	2.827711573000	44.638994900000	13.597002090000
2.846073337000	1.906705286000	2.087753107000	2.846073337000	44.639648910000	13.597790350000
2.864435100000	1.759889343000	2.095903156000	2.864435100000	44.641139370000	13.596926480000
2.882796864000	1.628876020000	2.106436441000	2.882796864000	44.641533620000	13.596928860000
2.901158627000	1.604451413000	2.106581861000	2.901158627000	44.643746960000	13.596624700000
2.919520391000	1.553585413000	2.125915596000	2.919520391000	44.642651110000	13.597253660000
2.937882154000	1.499347142000	2.138712717000	2.937882154000	44.642117250000	13.596865450000
2.956243918000	1.407593033000	2.142249406000	2.956243918000	44.644002850000	13.596678530000
2.974605681000	1.215866086000	2.157632361000	2.974605681000	44.647200360000	13.594855180000
2.992967445000	1.186173916000	2.162958248000	2.992967445000	44.647180050000	13.596155830000
3.011329208000	1.030028692000	2.174948208000	3.011329208000	44.647656440000	13.596601980000
3.029690972000	0.902127936300	2.170354588000	3.029690972000	44.648832350000	13.596337120000
3.048052735000	0.855313244400	2.180017601000	3.048052735000	44.643505020000	13.598219600000
3.066414498000	0.823236372400	2.185893047000	3.066414498000	44.650984350000	13.596709750000
3.084776262000	0.763835783000	2.199277566000	3.084776262000	44.652235800000	13.594476280000
3.103138025000	0.649538985900	2.223211455000	3.103138025000	44.662371550000	13.592267970000
3.121499789000	0.477620621400	2.250752512000	3.121499789000	44.656030790000	13.594678740000
3.139861552000	0.318234678900	2.269798304000	3.139861552000	44.656254580000	13.595105260000
3.158223316000	0.279735967900	2.280299960000	3.158223316000	44.652113010000	13.596004910000
3.176585079000	0.245065402300	2.271992177000	3.176585079000	44.662010200000	13.595381120000
3.194946843000	0.217368485700	2.268279027000	3.194946843000	44.652784950000	13.596411200000
3.213308606000	0.149481166700	2.274748702000	3.213308606000	44.654841600000	13.596706930000
3.231670370000	0.019653712140	2.279713286000	3.231670370000	44.654331400000	13.596165640000
3.250032133000	-0.056797186360	2.281398505000	3.250032133000	44.658672900000	13.596275270000
3.268393897000	-0.175167835800	2.289698145000	3.268393897000	44.657689820000	13.598502110000
3.286755660000	-0.213623642300	2.291342906000	3.286755660000	44.651082400000	13.599698820000
3.305117423000	-0.192391674800	2.290615456000	3.305117423000	44.661208050000	13.595273900000
3.323479187000	-0.256926060500	2.304848134000	3.323479187000	44.650618370000	13.597298210000
3.341840950000	-0.333105587300	2.313849308000	3.341840950000	44.654866210000	13.598719180000
3.360202714000	-0.547020608800	2.345175018000	3.360202714000	44.657372390000	13.598188380000
3.378564477000	-0.714304535400	2.352750270000	3.378564477000	44.656217920000	13.598621040000
3.396926241000	-0.903810790800	2.372515120000	3.396926241000	44.658348860000	13.598490190000
3.415288004000	-1.106053770000	2.404414951000	3.415288004000	44.659893680000	13.596715250000
3.433649768000	-1.191085248000	2.410284273000	3.433649768000	44.664377220000	13.595379550000
3.452011531000	-1.336331911000	2.425347752000	3.452011531000	44.660762940000	13.597030810000
3.470373295000	-1.380052423000	2.430127485000	3.470373295000	44.668975720000	13.596898980000
3.488735058000	-1.423067018000	2.436840472000	3.488735058000	44.682648890000	13.595736280000
3.507096822000	-1.424269518000	2.435551444000	3.507096822000	44.679335660000	13.596540810000
3.525458585000	-1.423736485000	2.434033973000	3.525458585000	44.695663790000	13.594100510000
3.543820349000	-1.429988457000	2.434926444000	3.543820349000	44.689246070000	13.596301300000
3.562182112000	-1.438916847000	2.441511322000	3.562182112000	44.693107270000	13.595904070000
3.580543875000	-1.452518126000	2.442964135000	3.580543875000	44.698630670000	13.595936560000
3.598905639000	-1.542459108000	2.453304772000	3.598905639000	44.704768270000	13.593489390000
3.617267402000	-1.631807309000	2.460546350000	3.617267402000	44.702633340000	13.596334790000
3.635629166000	-1.654670353000	2.463484832000	3.635629166000	44.712924750000	13.592657920000
3.653990929000	-1.633579023000	2.468898721000	3.653990929000	44.716124140000	13.592753350000
3.672352693000	-1.612933235000	2.471907071000	3.672352693000	44.713949880000	13.594881360000
3.690714456000	-1.559464183000	2.464858980000	3.690714456000	44.714453590000	13.594632150000
3.709076220000	-1.509320711000	2.452506842000	3.709076220000	44.715056510000	13.594697950000
3.727437983000	-1.492954557000	2.440830394000	3.727437983000	44.715930950000	13.594756540000
3.745799747000	-1.395974253000	2.419386917000	3.745799747000	44.714754810000	13.595217210000
3.764161510000	-1.325057686000	2.408407658000	3.764161510000	44.716581770000	13.594587770000
3.782523274000	-1.192973000000	2.403845095000	3.782523274000	44.724140360000	13.594991860000
3.800885037000	-1.125036273000	2.398167806000	3.800885037000	44.721462780000	13.594510740000
3.819246800000	-1.133608035000	2.397082375000	3.819246800000	44.741379840000	13.592653300000
3.837608564000	-1.134163599000	2.390782156000	3.837608564000	44.739162430000	13.591692640000
3.855970327000	-1.115737222000	2.392129938000	3.855970327000	44.738918350000	13.591875770000
3.874332091000	-1.035724864000	2.389583740000	3.874332091000	44.740668460000	13.592500900000
3.892693854000	-0.971856173100	2.384657769000	3.892693854000	44.738375570000	13.591723020000
3.911055618000	-1.025014614000	2.391651158000	3.911055618000	44.736955890000	13.592595480000
3.929417381000	-1.109241415000	2.398165877000	3.929417381000	44.743208820000	13.593984370000
3.947779145000	-1.147505071000	2.401470737000	3.947779145000	44.752400080000	13.592974250000
3.966140908000	-1.181034735000	2.406320580000	3.966140908000	44.753677950000	13.592111910000
3.984502672000	-1.156239653000	2.406138303000	3.984502672000	44.759017450000	13.590166050000
4.002864435000	-1.127041124000	2.409288322000	4.002864435000	44.757382280000	13.592013250000
4.021226199000	-1.180149698000	2.412957505000	4.021226199000	44.753302300000	13.591904310000
4.039587962000	-1.262610141000	2.420807423000	4.039587962000	44.760641300000	13.591227390000
4.057949725000	-1.276718298000	2.424430882000	4.057949725000	44.760983470000	13.590571890000
4.076311489000	-1.310723501000	2.426530841000	4.076311489000	44.759642420000	13.590130500000
4.094673252000	-1.332228838000	2.428159274000	4.094673252000	44.762148210000	13.590025200000
4.113035016000	-1.343143222000	2.432301617000	4.113035016000	44.760946740000	13.591278780000
4.131396779000	-1.353821548000	2.433091158000	4.131396779000	44.757617890000	13.591229830000
4.149758543000	-1.449924685000	2.447264683000	4.149758543000	44.764198290000	13.590196850000
4.168120306000	-1.487411758000	2.445538883000	4.168120306000	44.766201030000	13.589533710000
4.186482070000	-1.475736485000	2.438875041000	4.186482070000	44.766671250000	13.590236390000
4.204843833000	-1.452603024000	2.437760186000	4.204843833000	44.763756090000	13.589858600000
4.223205597000	-1.427064060000	2.435914091000	4.223205597000	44.764628560000	13.590625490000
4.241567360000	-1.405325851000	2.433648771000	4.241567360000	44.762441380000	13.591424710000
4.259929124000	-1.473673023000	2.441480438000	4.259929124000	44.764607900000	13.590488700000
4.278290887000	-1.481623742000	2.442752644000	4.278290887000	44.761960510000	13.590888790000
4.296652651000	-1.485704449000	2.443459636000	4.296652651000	44.762875930000	13.592175720000
4.315014414000	-1.489464953000	2.446734129000	4.315014414000	44.762312740000	13.591598140000
4.333376177000	-1.497222048000	2.451380886000	4.333376177000	44.759006080000	13.591378140000
4.351737941000	-1.502293694000	2.451143081000	4.351737941000	44.763858790000	13.590699430000
4.370099704000	-1.544935907000	2.452405162000	4.370099704000	44.767582800000	13.590833030000
4.388461468000	-1.587953992000	2.457785524000	4.388461468000	44.764687480000	13.590327320000
4.406823231000	-1.584546685000	2.458443553000	4.406823231000	44.768472410000	13.590373950000
4.425184995000	-1.549717758000	2.457001675000	4.425184995000	44.763365990000	13.591172740000
4.443546758000	-1.568806803000	2.459000472000	4.443546758000	44.764199260000	13.590981350000
4.461908522000	-1.619613985000	2.463429949000	4.461908522000	44.766207790000	13.591972700000
4.480270285000	-1.649006344000	2.466701110000	4.480270285000	44.760997670000	13.591569160000
4.498632049000	-1.668324284000	2.469794659000	4.498632049000	44.762542380000	13.591809560000
4.516993812000	-1.672500114000	2.472536786000	4.516993812000	44.757003970000	13.592307620000
4.535355576000	-1.664103147000	2.472372506000	4.535355576000	44.755974190000	13.592866760000
4.553717339000	-1.656357981000	2.468164410000	4.553717339000	44.756457770000	13.590631220000
4.572079102000	-1.663172154000	2.466380047000	4.572079102000	44.757364110000	13.591336250000
4.590440866000	-1.750934091000	2.468460533000	4.590440866000	44.750870260000	13.591815730000
4.608802629000	-1.780275871000	2.468887573000	4.608802629000	44.753884710000	13.590702450000
4.627164393000	-1.799265714000	2.471654256000	4.627164393000	44.758361490000	13.589984540000
4.645526156000	-1.790843317000	2.471654502000	4.645526156000	44.754575900000	13.589785510000
4.663887920000	-1.788265254000	2.472091277000	4.663887920000	44.758783410000	13.590639910000
4.682249683000	-1.822885345000	2.472116330000	4.682249683000	44.760723480000	13.589479270000
4.700611447000	-1.851730865000	2.470250176000	4.700611447000	44.760508810000	13.587995760000
4.718973210000	-1.877662553000	2.469625044000	4.718973210000	44.761963120000	13.588176360000
4.737334974000	-1.868730869000	2.470853012000	4.737334974000	44.756794520000	13.588827020000
4.755696737000	-1.832092153000	2.470343790000	4.755696737000	44.761026440000	13.587659600000
4.774058501000	-1.837977554000	2.471330278000	4.774058501000	44.758641510000	13.588987950000
4.792420264000	-1.860073245000	2.469941337000	4.792420264000	44.761174860000	13.588184160000
4.810782028000	-1.866031602000	2.468581986000	4.810782028000	44.763054460000	13.588212610000
4.829143791000	-1.861500965000	2.470467030000	4.829143791000	44.762403460000	13.587330040000
4.847505554000	-1.831027405000	2.472727172000	4.847505554000	44.758843550000	13.589537820000
4.865867318000	-1.799218040000	2.469796024000	4.865867318000	44.760420100000	13.589754300000
4.884229081000	-1.764374930000	2.461382979000	4.884229081000	44.757290600000	13.589896980000
4.902590845000	-1.725708347000	2.454039574000	4.902590845000	44.759954630000	13.588311780000
4.920952608000	-1.711301420000	2.452895748000	4.920952608000	44.753581380000	13.589305630000
4.939314372000	-1.678142003000	2.447287651000	4.939314372000	44.755343240000	13.589143910000
4.957676135000	-1.690454451000	2.450342569000	4.957676135000	44.752759560000	13.589551690000
4.976037899000	-1.713672681000	2.453413320000	4.976037899000	44.758726540000	13.588395430000
4.994399662000	-1.725104815000	2.457476850000	4.994399662000	44.755322170000	13.588925890000
5.012761426000	-1.727174028000	2.458100893000	5.012761426000	44.757057560000	13.588599390000
5.031123189000	-1.708159221000	2.456856103000	5.031123189000	44.756472140000	13.589156630000
5.049484953000	-1.697675302000	2.456214903000	5.049484953000	44.756326080000	13.588557500000
5.067846716000	-1.756932850000	2.465287128000	5.067846716000	44.758665740000	13.588489630000
5.086208479000	-1.785982163000	2.468215223000	5.086208479000	44.753364470000	13.589185530000
5.104570243000	-1.791141932000	2.469523246000	5.104570243000	44.755892400000	13.589199600000
5.122932006000	-1.791010206000	2.472068792000	5.122932006000	44.756533910000	13.588996750000
5.141293770000	-1.784947189000	2.471911308000	5.141293770000	44.757359460000	13.588663930000
5.159655533000	-1.787731533000	2.470347015000	5.159655533000	44.756057740000	13.588702450000
5.178017297000	-1.820817788000	2.473115634000	5.178017297000	44.755664410000	13.589142720000
5.196379060000	-1.821965229000	2.473374276000	5.196379060000	44.759964300000	13.588953000000
5.214740824000	-1.805983715000	2.471800695000	5.214740824000	44.757215070000	13.589273750000
5.233102587000	-1.818969510000	2.473823467000	5.233102587000	44.756087400000	13.588892820000
5.251464351000	-1.815679304000	2.473749629000	5.251464351000	44.757717630000	13.588940730000
5.269826114000	-1.818552571000	2.472206068000	5.269826114000	44.758087720000	13.589367450000
5.288187878000	-1.831423485000	2.472608975000	5.288187878000	44.759899640000	13.588764570000
5.306549641000	-1.858143180000	2.474928795000	5.306549641000	44.759528940000	13.588082230000
5.324911404000	-1.797014090000	2.474286190000	5.324911404000	44.754703000000	13.590179830000
5.343273168000	-1.670880683000	2.461154669000	5.343273168000	44.753094890000	13.589302410000
5.361634931000	-1.492942171000	2.437282433000	5.361634931000	44.752747240000	13.590679870000
5.379996695000	-1.412407924000	2.428817716000	5.379996695000	44.754056850000	13.590279730000
5.398358458000	-1.243992949000	2.410810255000	5.398358458000	44.752995200000	13.591628640000
5.416720222000	-1.122727348000	2.404429443000	5.416720222000	44.739395810000	13.591411800000
5.435081985000	-0.978569583700	2.396032540000	5.435081985000	44.730954960000	13.592559400000
5.453443749000	-0.793343342500	2.380357824000	5.453443749000	44.726517200000	13.592541340000
5.471805512000	-0.726455119800	2.370361858000	5.471805512000	44.725707150000	13.592544580000
5.490167276000	-0.466154830200	2.333428070000	5.490167276000	44.715850220000	13.593542170000
5.508529039000	0.020557544250	2.298157328000	5.508529039000	44.699458390000	13.597847710000
5.526890803000	0.272537780800	2.259943658000	5.526890803000	44.687254790000	13.597824490000
5.545252566000	0.399497392400	2.249658315000	5.545252566000	44.693265190000	13.597360520000
5.563614330000	0.581046152900	2.214670606000	5.563614330000	44.691014950000	13.596918750000
5.581976093000	0.879934070300	2.174317547000	5.581976093000	44.693170450000	13.596888310000
5.600337856000	0.982338355800	2.165826815000	5.600337856000	44.691117790000	13.599031980000
5.618699620000	1.042605748000	2.175924561000	5.618699620000	44.683761380000	13.599770900000
5.637061383000	1.087500778000	2.175330303000	5.637061383000	44.684591590000	13.599294160000
5.655423147000	1.202807992000	2.183080066000	5.655423147000	44.680610130000	13.599889750000
5.673784910000	1.405636451000	2.216152117000	5.673784910000	44.684857480000	13.599826230000
5.692146674000	1.640245046000	2.218705098000	5.692146674000	44.679826740000	13.600072310000
5.710508437000	1.730850040000	2.220846204000	5.710508437000	44.677322690000	13.600257040000
5.728870201000	1.726378836000	2.218106892000	5.728870201000	44.672176840000	13.600936810000
5.747231964000	1.794669302000	2.207693632000	5.747231964000	44.674762790000	13.598026820000
5.765593728000	1.877880861000	2.234140148000	5.765593728000	44.675206410000	13.599153190000
5.783955491000	1.912621951000	2.251820847000	5.783955491000	44.667527600000	13.600306370000
5.802317255000	1.673952166000	2.391001870000	5.802317255000	44.671653790000	13.598710610000
5.820679018000	1.853550943000	2.357264698000	5.820679018000	44.669808380000	13.599221030000
5.839040781000	1.874174849000	2.313520600000	5.839040781000	44.670045320000	13.599100210000
5.857402545000	1.917980036000	2.312614003000	5.857402545000	44.671355390000	13.598374220000
5.875764308000	1.960940783000	2.324391340000	5.875764308000	44.670584220000	13.598679860000
5.894126072000	2.020232694000	2.328413758000	5.894126072000	44.671274140000	13.598480660000
5.912487835000	2.238233392000	2.311426926000	5.912487835000	44.666889280000	13.599979250000
5.930849599000	2.254669824000	2.333595360000	5.930849599000	44.663679870000	13.597274970000
5.949211362000	2.275692183000	2.352581289000	5.949211362000	44.661295610000	13.598700690000
5.967573126000	2.277635242000	2.357646593000	5.967573126000	44.660454780000	13.596870280000
5.985934889000	2.297532357000	2.363056424000	5.985934889000	44.660740350000	13.598592920000
6.004296653000	2.371311801000	2.359314233000	6.004296653000	44.652081760000	13.599491250000
6.022658416000	2.494987350000	2.362723449000	6.022658416000	44.650626320000	13.599187270000
6.041020180000	2.563467308000	2.402681951000	6.041020180000	44.648130310000	13.599663630000
6.059381943000	2.611590969000	2.412997599000	6.059381943000	44.646567910000	13.599621850000
6.077743707000	2.695224435000	2.399006275000	6.077743707000	44.647173380000	13.598298650000
6.096105470000	2.756149234000	2.385280070000	6.096105470000	44.648731720000	13.599355360000
6.114467233000	2.807634021000	2.373127175000	6.114467233000	44.645594220000	13.598864750000
			6.132828997000	44.644931700000	13.599107560000
			6.151190760000	44.644300100000	13.599140910000
			6.169552524000	44.638686570000	13.598089370000
			6.187914287000	44.644525080000	13.598448210000
			6.206276051000	44.639587010000	13.598406080000
			6.224637814000	44.642655010000	13.599595540000
			6.242999578000	44.643329750000	13.598690710000
			6.261361341000	44.640594490000	13.600001400000
			6.279723105000	44.639880230000	13.600915890000
			6.298084868000	44.640415260000	13.599356850000
			6.316446632000	44.637996370000	13.600239230000
			6.334808395000	44.637334460000	13.600515220000
			6.353170158000	44.640820050000	13.600582370000
			6.371531922000	44.637979730000	13.599899170000
			6.389893685000	44.637859240000	13.600992330000
			6.408255449000	44.639246810000	13.600475910000
			6.426617212000	44.638415440000	13.600688540000
			6.444978976000	44.645470670000	13.599482930000
			6.463340739000	44.637067690000	13.601656830000
			6.481702503000	44.641226740000	13.600532780000
			6.500064266000	44.636440450000	13.601666550000
			6.518426030000	44.640041720000	13.600793020000
			6.536787793000	44.634073740000	13.602534680000
			6.555149557000	44.637360870000	13.601818330000
			6.573511320000	44.630717760000	13.603021570000
			6.591873083000	44.633279070000	13.600700760000
			6.610234847000	44.628582020000	13.602572260000
			6.628596610000	44.628089600000	13.603588590000
			6.646958374000	44.635000300000	13.602431570000
			6.665320137000	44.628136520000	13.603925860000
			6.683681901000	44.633473020000	13.603091190000
			6.702043664000	44.630871580000	13.603517660000
			6.720405428000	44.630718380000	13.602954120000
			6.738767191000	44.628715680000	13.602651060000
			6.757128955000	44.630905250000	13.601755380000
			6.775490718000	44.630633450000	13.601853130000
			6.793852482000	44.632020680000	13.601751150000
			6.812214245000	44.632738310000	13.601077470000
			6.830576009000	44.628183390000	13.601562890000
			6.848937772000	44.627118000000	13.601582320000
			6.867299535000	44.630986360000	13.600851650000
			6.885661299000	44.631437120000	13.599309680000
			6.904023062000	44.628439520000	13.600822420000
			6.922384826000	44.632115940000	13.600082280000
			6.940746589000	44.631558880000	13.599588620000
			6.959108353000	44.633045980000	13.600657330000
			6.977470116000	44.632077170000	13.599509410000
