SOLfasBEST			SOLext		
t	x	y	t	x	y
0.000000000000	12.947368140000	8.694736653000	0.000000000000	25.599999440000	14.778947050000
0.018218254690	12.941496700000	8.695254597000	0.018218254690	25.599452170000	14.776899830000
0.036436509380	12.927978640000	8.698019335000	0.036436509380	25.597526840000	14.777475650000
0.054654764070	12.935757420000	8.697711452000	0.054654764070	25.596719530000	14.778920910000
0.072873018760	12.941970880000	8.701537023000	0.072873018760	25.594250870000	14.777744450000
0.091091273460	12.920841380000	8.697503284000	0.091091273460	25.599011530000	14.778559680000
0.109309528100	12.917954510000	8.688484973000	0.109309528100	25.598672190000	14.780213420000
0.127527782800	12.928094290000	8.687935395000	0.127527782800	25.607265980000	14.780339760000
0.145746037500	12.934070830000	8.686970190000	0.145746037500	25.608731380000	14.781867130000
0.163964292200	12.925130340000	8.689851268000	0.163964292200	25.602195590000	14.782547940000
0.182182546900	12.915488360000	8.690709312000	0.182182546900	25.609396840000	14.784854730000
0.200400801600	12.926739470000	8.690097765000	0.200400801600	25.607624480000	14.782449390000
0.218619056300	12.934758310000	8.691714723000	0.218619056300	25.609935030000	14.782879080000
0.236837311000	12.932925340000	8.692064608000	0.236837311000	25.606637090000	14.782637570000
0.255055565700	12.934962980000	8.692894754000	0.255055565700	25.608099130000	14.783063000000
0.273273820400	12.938346460000	8.692545920000	0.273273820400	25.608814680000	14.782835390000
0.291492075100	12.936649140000	8.693374609000	0.291492075100	25.607728050000	14.783209470000
0.309710329800	12.939014110000	8.692652277000	0.309710329800	25.606438260000	14.782293150000
0.327928584400	12.942771270000	8.693022528000	0.327928584400	25.607333660000	14.782774500000
0.346146839100	12.940063680000	8.693344546000	0.346146839100	25.605712100000	14.782409550000
0.364365093800	12.942735710000	8.693414059000	0.364365093800	25.606599100000	14.781595080000
0.382583348500	12.943524320000	8.693987304000	0.382583348500	25.606976600000	14.781176900000
0.400801603200	12.942859230000	8.693898083000	0.400801603200	25.605106460000	14.781139380000
0.419019857900	12.946589800000	8.694310184000	0.419019857900	25.604951070000	14.780796290000
0.437238112600	12.944128680000	8.693784757000	0.437238112600	25.603542920000	14.779829690000
0.455456367300	12.945909310000	8.694080028000	0.455456367300	25.605430710000	14.780886780000
0.473674622000	12.946492300000	8.694545514000	0.473674622000	25.603690650000	14.780354700000
0.491892876700	12.946560020000	8.695147791000	0.491892876700	25.603284320000	14.780192080000
0.510111131400	12.943816900000	8.694523416000	0.510111131400	25.605456960000	14.779794790000
0.528329386000	12.945280670000	8.694136728000	0.528329386000	25.603488040000	14.779713590000
0.546547640700	12.944751620000	8.694379767000	0.546547640700	25.603641210000	14.779824450000
0.564765895400	12.945054820000	8.694363437000	0.564765895400	25.604452610000	14.778441350000
0.582984150100	12.946173440000	8.694192362000	0.582984150100	25.605132020000	14.778784990000
0.601202404800	12.945730320000	8.694605830000	0.601202404800	25.605037610000	14.779785510000
0.619420659500	12.945502060000	8.695021466000	0.619420659500	25.602718080000	14.777995780000
0.637638914200	12.946064830000	8.694356445000	0.637638914200	25.603605420000	14.778161160000
0.655857168900	12.948043560000	8.695038373000	0.655857168900	25.601377870000	14.778272970000
0.674075423600	12.945726020000	8.694157967000	0.674075423600	25.602889070000	14.778694280000
0.692293678300	12.946768330000	8.693859209000	0.692293678300	25.604575120000	14.778250390000
0.710511933000	12.946001810000	8.694313253000	0.710511933000	25.604482770000	14.778808840000
0.728730187600	12.946749340000	8.694360973000	0.728730187600	25.604405650000	14.778789090000
0.746948442300	12.943819670000	8.694129180000	0.746948442300	25.603534500000	14.777924560000
0.765166697000	12.946046410000	8.693789246000	0.765166697000	25.603622290000	14.777937520000
0.783384951700	12.947077600000	8.695025737000	0.783384951700	25.602286040000	14.778203830000
0.801603206400	12.946230070000	8.694209527000	0.801603206400	25.602319780000	14.778088350000
0.819821461100	12.947892820000	8.694605150000	0.819821461100	25.603866850000	14.777811570000
0.838039715800	12.945480310000	8.694263193000	0.838039715800	25.602864930000	14.778026020000
0.856257970500	12.946663170000	8.694229761000	0.856257970500	25.603589880000	14.777338210000
0.874476225200	12.947423400000	8.694648315000	0.874476225200	25.603939760000	14.777899990000
0.892694479900	12.947332220000	8.693990309000	0.892694479900	25.602866400000	14.777701830000
0.910912734600	12.946088390000	8.694204436000	0.910912734600	25.603846660000	14.777941750000
0.929130989300	12.949175930000	8.694479282000	0.929130989300	25.602685320000	14.777283370000
0.947349243900	12.946216170000	8.693820407000	0.947349243900	25.601602750000	14.778283860000
0.965567498600	12.947018780000	8.694551412000	0.965567498600	25.603931610000	14.778023160000
0.983785753300	12.946692060000	8.694789981000	0.983785753300	25.603570470000	14.777719350000
1.002004008000	12.946459690000	8.694332596000	1.002004008000	25.601860070000	14.777664210000
1.020222263000	12.948900150000	8.693969607000	1.020222263000	25.602621250000	14.777405960000
1.038440517000	12.947227640000	8.694407915000	1.038440517000	25.602713260000	14.778232130000
1.056658772000	12.948504590000	8.694518880000	1.056658772000	25.602560950000	14.777630150000
1.074877027000	12.946727550000	8.694065356000	1.074877027000	25.604490370000	14.777563300000
1.093095281000	12.947193580000	8.694019597000	1.093095281000	25.602586790000	14.777998970000
1.111313536000	12.947518710000	8.694018341000	1.111313536000	25.601668350000	14.777153640000
1.129531791000	12.948220110000	8.694495385000	1.129531791000	25.601667190000	14.777920800000
1.147750046000	12.946396450000	8.693510773000	1.147750046000	25.602068570000	14.777470330000
1.165968300000	12.948190220000	8.694688631000	1.165968300000	25.601745960000	14.777239850000
1.184186555000	12.948439140000	8.694083220000	1.184186555000	25.602325960000	14.777644230000
1.202404810000	12.947190170000	8.694604998000	1.202404810000	25.601334140000	14.778076080000
1.220623064000	12.947535360000	8.694365024000	1.220623064000	25.602339920000	14.778181900000
1.238841319000	12.948398530000	8.694001301000	1.238841319000	25.602582590000	14.777122210000
1.257059574000	12.947053870000	8.694117107000	1.257059574000	25.603320720000	14.777350620000
1.275277828000	12.948401800000	8.694184763000	1.275277828000	25.603575440000	14.777846310000
1.293496083000	12.945182320000	8.694886446000	1.293496083000	25.602860240000	14.777641460000
1.311714338000	12.932419560000	8.698263939000	1.311714338000	25.602543950000	14.777330990000
1.329932592000	12.925257570000	8.700413379000	1.329932592000	25.603092450000	14.777438390000
1.348150847000	12.902301790000	8.703027995000	1.348150847000	25.604612660000	14.776961530000
1.366369102000	12.855417380000	8.706273387000	1.366369102000	25.600552000000	14.777383570000
1.384587357000	12.774069810000	8.708710047000	1.384587357000	25.592616900000	14.777164570000
1.402805611000	12.658332540000	8.718922123000	1.402805611000	25.583842460000	14.776574610000
1.421023866000	12.645606770000	8.706193686000	1.421023866000	25.586394290000	14.776026410000
1.439242121000	12.546812030000	8.694009844000	1.439242121000	25.588279820000	14.776745510000
1.457460375000	12.491787810000	8.696089980000	1.457460375000	25.576779290000	14.777786050000
1.475678630000	12.377682660000	8.690006243000	1.475678630000	25.570327820000	14.777640360000
1.493896885000	12.327486590000	8.693136209000	1.493896885000	25.569736040000	14.776163810000
1.512115139000	12.185530620000	8.694217226000	1.512115139000	25.569739560000	14.776839960000
1.530333394000	12.052649780000	8.710059965000	1.530333394000	25.571831390000	14.777094720000
1.548551649000	12.057742930000	8.704955153000	1.548551649000	25.574447860000	14.778082000000
1.566769903000	11.968199600000	8.715945172000	1.566769903000	25.570815790000	14.777077710000
1.584988158000	11.914175760000	8.713177049000	1.584988158000	25.570487240000	14.777380060000
1.603206413000	11.812591690000	8.721952841000	1.603206413000	25.567715900000	14.778588220000
1.621424668000	11.713679980000	8.717029992000	1.621424668000	25.569743440000	14.778761710000
1.639642922000	11.602691990000	8.711067266000	1.639642922000	25.569309710000	14.779902390000
1.657861177000	11.562167810000	8.700330433000	1.657861177000	25.566274260000	14.778324550000
1.676079432000	11.360614260000	8.709729401000	1.676079432000	25.570652410000	14.782411900000
1.694297686000	11.245399010000	8.711968690000	1.694297686000	25.570527660000	14.783285380000
1.712515941000	11.209939490000	8.709496915000	1.712515941000	25.573518950000	14.782320810000
1.730734196000	11.137687370000	8.715130078000	1.730734196000	25.571149900000	14.783131120000
1.748952450000	11.043654880000	8.713626842000	1.748952450000	25.572502260000	14.783605830000
1.767170705000	10.983462970000	8.709064375000	1.767170705000	25.574941600000	14.783147320000
1.785388960000	10.926412990000	8.708028026000	1.785388960000	25.574232200000	14.783739350000
1.803607214000	10.899614760000	8.706840054000	1.803607214000	25.573924960000	14.783990940000
1.821825469000	10.864222710000	8.702942512000	1.821825469000	25.578012120000	14.783238430000
1.840043724000	10.802515580000	8.707375321000	1.840043724000	25.571344510000	14.783894070000
1.858261979000	10.764720740000	8.708389743000	1.858261979000	25.571041500000	14.784100270000
1.876480233000	10.677377720000	8.707911787000	1.876480233000	25.562656350000	14.784332970000
1.894698488000	10.678775820000	8.702507674000	1.894698488000	25.566449760000	14.782709340000
1.912916743000	10.588908010000	8.707259942000	1.912916743000	25.568741170000	14.782923460000
1.931134997000	10.518960570000	8.705441515000	1.931134997000	25.568567070000	14.782339000000
1.949353252000	10.427476730000	8.711891955000	1.949353252000	25.563506080000	14.783321020000
1.967571507000	10.337218020000	8.710188398000	1.967571507000	25.563554430000	14.782454250000
1.985789761000	10.290482290000	8.700014084000	1.985789761000	25.563207130000	14.782704980000
2.004008016000	10.176921500000	8.700677261000	2.004008016000	25.569161520000	14.780192280000
2.022226271000	10.054104250000	8.698283383000	2.022226271000	25.571198970000	14.780138320000
2.040444525000	9.938414819000	8.695423804000	2.040444525000	25.563212350000	14.780382070000
2.058662780000	9.887196803000	8.693586294000	2.058662780000	25.565083350000	14.779518440000
2.076881035000	9.755085106000	8.694182131000	2.076881035000	25.571644460000	14.780139860000
2.095099289000	9.642624846000	8.696015299000	2.095099289000	25.565099350000	14.781199960000
2.113317544000	9.505870707000	8.688054899000	2.113317544000	25.561085110000	14.781201040000
2.131535799000	9.456552517000	8.686133941000	2.131535799000	25.558190230000	14.782179610000
2.149754054000	9.342617982000	8.690112974000	2.149754054000	25.556782650000	14.783170740000
2.167972308000	9.207122545000	8.684127730000	2.167972308000	25.563243590000	14.784801850000
2.186190563000	9.087263890000	8.678693173000	2.186190563000	25.570257140000	14.785190260000
2.204408818000	9.046113306000	8.679952564000	2.204408818000	25.568189620000	14.783687480000
2.222627072000	8.948983591000	8.670026780000	2.222627072000	25.572943060000	14.782441020000
2.240845327000	8.849859633000	8.661394471000	2.240845327000	25.569424370000	14.781638000000
2.259063582000	8.726633015000	8.661089797000	2.259063582000	25.570201610000	14.781114870000
2.277281836000	8.699535601000	8.664009254000	2.277281836000	25.568620580000	14.780057470000
2.295500091000	8.603202325000	8.668914803000	2.295500091000	25.567421220000	14.775839140000
2.313718346000	8.530734714000	8.663108601000	2.313718346000	25.565666400000	14.774243580000
2.331936600000	8.489471408000	8.661355041000	2.331936600000	25.561154850000	14.775373580000
2.350154855000	8.484410321000	8.662926802000	2.350154855000	25.553107740000	14.776672780000
2.368373110000	8.425742345000	8.669174493000	2.368373110000	25.553999360000	14.777573710000
2.386591365000	8.350708225000	8.672153815000	2.386591365000	25.548539210000	14.779574990000
2.404809619000	8.277799379000	8.670519144000	2.404809619000	25.536844240000	14.781075130000
2.423027874000	8.244159015000	8.670794948000	2.423027874000	25.542904900000	14.779010100000
2.441246129000	8.206226013000	8.674216739000	2.441246129000	25.533712560000	14.780240130000
2.459464383000	8.180096213000	8.676869201000	2.459464383000	25.512549500000	14.781632090000
2.477682638000	8.088892385000	8.678520748000	2.477682638000	25.508258660000	14.780850120000
2.495900893000	7.985067767000	8.679213209000	2.495900893000	25.510155040000	14.780297560000
2.514119147000	7.943718497000	8.679722345000	2.514119147000	25.508412410000	14.780552830000
2.532337402000	7.841554663000	8.676645436000	2.532337402000	25.505361630000	14.779970810000
2.550555657000	7.777437885000	8.681963184000	2.550555657000	25.502788070000	14.780095950000
2.568773911000	7.709480999000	8.680948105000	2.568773911000	25.506921010000	14.779174320000
2.586992166000	7.674064870000	8.682259179000	2.586992166000	25.507530500000	14.779892300000
2.605210421000	7.580651858000	8.676393968000	2.605210421000	25.509550890000	14.779170150000
2.623428676000	7.535158990000	8.676836122000	2.623428676000	25.509276570000	14.778402890000
2.641646930000	7.501737638000	8.675217516000	2.641646930000	25.511857130000	14.775453410000
2.659865185000	7.465629805000	8.678708209000	2.659865185000	25.513204700000	14.775531770000
2.678083440000	7.431843275000	8.680752510000	2.678083440000	25.529254600000	14.775689540000
2.696301694000	7.441314104000	8.681239227000	2.696301694000	25.535158280000	14.773729400000
2.714519949000	7.515730568000	8.682071409000	2.714519949000	25.536734300000	14.772367880000
2.732738204000	7.557164218000	8.685871321000	2.732738204000	25.535126520000	14.774571670000
2.750956458000	7.553386718000	8.687041605000	2.750956458000	25.532593780000	14.774632820000
2.769174713000	7.507943986000	8.690941474000	2.769174713000	25.541237110000	14.772817240000
2.787392968000	7.399459146000	8.693157805000	2.787392968000	25.543711050000	14.772536580000
2.805611222000	7.351989601000	8.691932698000	2.805611222000	25.534235620000	14.773389720000
2.823829477000	7.263720196000	8.693313495000	2.823829477000	25.533122830000	14.773637680000
2.842047732000	7.230361676000	8.689701029000	2.842047732000	25.531455830000	14.772990950000
2.860265987000	7.200727428000	8.684167545000	2.860265987000	25.526304720000	14.773412460000
2.878484241000	7.166479557000	8.684629246000	2.878484241000	25.522943930000	14.773969210000
2.896702496000	7.107891325000	8.684702321000	2.896702496000	25.525440120000	14.772009740000
2.914920751000	7.034051231000	8.685172558000	2.914920751000	25.532436180000	14.771625980000
2.933139005000	6.993021357000	8.682901007000	2.933139005000	25.533234140000	14.772540720000
2.951357260000	6.962940585000	8.681549961000	2.951357260000	25.522898590000	14.773164710000
2.969575515000	6.942520645000	8.683726818000	2.969575515000	25.526790740000	14.774137010000
2.987793769000	6.866571201000	8.686903138000	2.987793769000	25.521883570000	14.774283410000
3.006012024000	6.740127127000	8.684344652000	3.006012024000	25.529882870000	14.775506490000
3.024230279000	6.613858662000	8.682538786000	3.024230279000	25.532506850000	14.776234330000
3.042448533000	6.559200668000	8.682999591000	3.042448533000	25.532517090000	14.777970970000
3.060666788000	6.458088707000	8.678750859000	3.060666788000	25.536640550000	14.779382230000
3.078885043000	6.341955947000	8.676153754000	3.078885043000	25.547345940000	14.778439280000
3.097103298000	6.232411351000	8.671913235000	3.097103298000	25.547696260000	14.774312830000
3.115321552000	6.172305792000	8.677526165000	3.115321552000	25.548380550000	14.776491920000
3.133539807000	6.060541887000	8.666817387000	3.133539807000	25.547260900000	14.775816090000
3.151758062000	5.987143152000	8.667641885000	3.151758062000	25.537765740000	14.772917070000
3.169976316000	5.964674217000	8.665981066000	3.169976316000	25.540635380000	14.770262710000
3.188194571000	5.965376364000	8.672070020000	3.188194571000	25.535876680000	14.772269550000
3.206412826000	5.959975071000	8.676803365000	3.206412826000	25.536073370000	14.775858120000
3.224631080000	5.896182607000	8.675611564000	3.224631080000	25.528597440000	14.777415680000
3.242849335000	5.818858932000	8.679560856000	3.242849335000	25.530077850000	14.778939170000
3.261067590000	5.780248898000	8.679233974000	3.261067590000	25.528983400000	14.780759090000
3.279285844000	5.729947207000	8.681321051000	3.279285844000	25.530828510000	14.780132060000
3.297504099000	5.669444450000	8.674871896000	3.297504099000	25.523500760000	14.773704480000
3.315722354000	5.589537609000	8.677575766000	3.315722354000	25.522399610000	14.776772720000
3.333940608000	5.562126254000	8.678582826000	3.333940608000	25.517515870000	14.777694580000
3.352158863000	5.505110834000	8.679668153000	3.352158863000	25.511271970000	14.777720020000
3.370377118000	5.427092325000	8.680167105000	3.370377118000	25.510537010000	14.774374450000
3.388595373000	5.367156183000	8.680354749000	3.388595373000	25.509329740000	14.774290130000
3.406813627000	5.279882438000	8.677869340000	3.406813627000	25.514699790000	14.774480650000
3.425031882000	5.224986056000	8.677829803000	3.425031882000	25.514366680000	14.775700370000
3.443250137000	5.138292741000	8.684358378000	3.443250137000	25.517598330000	14.774879460000
3.461468391000	5.071428283000	8.682353596000	3.461468391000	25.522279960000	14.776287020000
3.479686646000	5.034631687000	8.680401859000	3.479686646000	25.527921910000	14.775844930000
3.497904901000	5.011610958000	8.682435154000	3.497904901000	25.526373180000	14.776782460000
3.516123155000	4.981466211000	8.686293623000	3.516123155000	25.509598190000	14.773571650000
3.534341410000	4.917567496000	8.684299782000	3.534341410000	25.512791370000	14.774143960000
3.552559665000	4.837177271000	8.687605524000	3.552559665000	25.509742150000	14.775439640000
3.570777919000	4.812610160000	8.692308941000	3.570777919000	25.509436050000	14.776237260000
3.588996174000	4.745297205000	8.693181103000	3.588996174000	25.510561140000	14.777214810000
3.607214429000	4.721282210000	8.690666707000	3.607214429000	25.509492140000	14.776726800000
3.625432684000	4.701217922000	8.690423976000	3.625432684000	25.511157380000	14.777500680000
3.643650938000	4.680713424000	8.693592234000	3.643650938000	25.510518190000	14.777206810000
3.661869193000	4.665922364000	8.694922734000	3.661869193000	25.510515600000	14.777324320000
3.680087448000	4.616703391000	8.691170880000	3.680087448000	25.505154020000	14.779726770000
3.698305702000	4.601460040000	8.690977396000	3.698305702000	25.510272330000	14.780439260000
3.716523957000	4.623321457000	8.691113224000	3.716523957000	25.502966980000	14.780968350000
3.734742212000	4.620176114000	8.690813129000	3.734742212000	25.503236670000	14.779309310000
3.752960466000	4.596242453000	8.691894485000	3.752960466000	25.506506060000	14.780330140000
3.771178721000	4.550631130000	8.690622950000	3.771178721000	25.507951150000	14.783107320000
3.789396976000	4.536521534000	8.687839017000	3.789396976000	25.505974900000	14.780452260000
3.807615230000	4.553896023000	8.686096867000	3.807615230000	25.505587400000	14.780489950000
3.825833485000	4.587656509000	8.687061062000	3.825833485000	25.502853560000	14.781078250000
3.844051740000	4.563392055000	8.685903707000	3.844051740000	25.505215410000	14.781815090000
3.862269995000	4.502845470000	8.685285733000	3.862269995000	25.506441360000	14.783166250000
3.880488249000	4.471904905000	8.687870507000	3.880488249000	25.504323440000	14.782767650000
3.898706504000	4.447957969000	8.689243155000	3.898706504000	25.505430810000	14.782621350000
3.916924759000	4.465611452000	8.688711820000	3.916924759000	25.502351520000	14.783259550000
3.935143013000	4.452683474000	8.687654576000	3.935143013000	25.499017660000	14.784305030000
3.953361268000	4.407478411000	8.686002556000	3.953361268000	25.498795190000	14.784844690000
3.971579523000	4.382788868000	8.684673747000	3.971579523000	25.498044280000	14.784210300000
3.989797777000	4.376712237000	8.685067573000	3.989797777000	25.496589250000	14.785427450000
4.008016032000	4.400106949000	8.684621264000	4.008016032000	25.495987750000	14.784821110000
4.026234287000	4.408906270000	8.686824347000	4.026234287000	25.494038180000	14.784758360000
4.044452541000	4.392200392000	8.686295395000	4.044452541000	25.492222020000	14.784301680000
4.062670796000	4.357411739000	8.684031819000	4.062670796000	25.495450180000	14.784771730000
4.080889051000	4.323493178000	8.685837043000	4.080889051000	25.489619720000	14.785212850000
4.099107306000	4.317815518000	8.687330185000	4.099107306000	25.491573880000	14.785447130000
4.117325560000	4.327508498000	8.685993808000	4.117325560000	25.488652780000	14.785281710000
4.135543815000	4.318810563000	8.686290789000	4.135543815000	25.491359500000	14.783733750000
4.153762070000	4.303883408000	8.686866283000	4.153762070000	25.493304670000	14.783074100000
4.171980324000	4.282732955000	8.684111533000	4.171980324000	25.485120330000	14.782978530000
4.190198579000	4.271173069000	8.687878320000	4.190198579000	25.486078210000	14.784712230000
4.208416834000	4.274435492000	8.687448633000	4.208416834000	25.487776750000	14.784205730000
4.226635088000	4.267126708000	8.689137152000	4.226635088000	25.485510340000	14.785608920000
4.244853343000	4.247524705000	8.689736752000	4.244853343000	25.489855420000	14.785060120000
4.263071598000	4.254646795000	8.690537060000	4.263071598000	25.489828480000	14.786700040000
4.281289852000	4.253406936000	8.690829944000	4.281289852000	25.488846250000	14.784335550000
4.299508107000	4.257086544000	8.693038867000	4.299508107000	25.492365520000	14.785026110000
4.317726362000	4.256426951000	8.692864995000	4.317726362000	25.484429250000	14.784355340000
4.335944617000	4.236529542000	8.692163858000	4.335944617000	25.482962090000	14.784407240000
4.354162871000	4.235968160000	8.692764178000	4.354162871000	25.484244830000	14.784072530000
4.372381126000	4.239040640000	8.693054702000	4.372381126000	25.487386240000	14.784491910000
4.390599381000	4.232751588000	8.692915400000	4.390599381000	25.490061810000	14.784285940000
4.408817635000	4.227803607000	8.693621080000	4.408817635000	25.490484090000	14.785295140000
4.427035890000	4.221945559000	8.695075900000	4.427035890000	25.484963910000	14.784502930000
4.445254145000	4.221481528000	8.694503964000	4.445254145000	25.490029490000	14.785669780000
4.463472399000	4.225968537000	8.693837943000	4.463472399000	25.491079180000	14.784153000000
4.481690654000	4.219478701000	8.692633340000	4.481690654000	25.494519070000	14.785935410000
4.499908909000	4.218449379000	8.692532569000	4.499908909000	25.494247460000	14.785417290000
4.518127163000	4.207053971000	8.692111056000	4.518127163000	25.500263720000	14.784392280000
4.536345418000	4.184335087000	8.691574912000	4.536345418000	25.501685810000	14.786712220000
4.554563673000	4.180093237000	8.694348528000	4.554563673000	25.501308650000	14.787454450000
4.572781927000	4.140575178000	8.694308609000	4.572781927000	25.498020310000	14.786105640000
4.591000182000	4.098089296000	8.694754507000	4.591000182000	25.496256490000	14.785702460000
4.609218437000	4.078754255000	8.697376885000	4.609218437000	25.497119170000	14.786045330000
4.627436692000	4.043338667000	8.698138663000	4.627436692000	25.492439620000	14.784126330000
4.645654946000	4.024616289000	8.699618364000	4.645654946000	25.493990150000	14.786747230000
4.663873201000	4.029189845000	8.698998023000	4.663873201000	25.496858770000	14.787458490000
4.682091456000	4.026449433000	8.698341067000	4.682091456000	25.494982700000	14.787641670000
4.700309710000	4.021212535000	8.698249231000	4.700309710000	25.497733230000	14.787938960000
4.718527965000	4.015499838000	8.695870435000	4.718527965000	25.495599900000	14.788569950000
4.736746220000	4.016790729000	8.695158377000	4.736746220000	25.495983170000	14.788602600000
4.754964474000	4.021449710000	8.696132506000	4.754964474000	25.498184920000	14.789523070000
4.773182729000	4.024503107000	8.695407247000	4.773182729000	25.498518490000	14.789714030000
4.791400984000	4.021052719000	8.694678054000	4.791400984000	25.497137400000	14.789987250000
4.809619238000	4.020042445000	8.693925664000	4.809619238000	25.502350300000	14.786927520000
4.827837493000	4.023597543000	8.694031571000	4.827837493000	25.498791990000	14.787352070000
4.846055748000	4.024627926000	8.694217689000	4.846055748000	25.502595260000	14.786737720000
4.864274003000	4.027987195000	8.694199148000	4.864274003000	25.503140210000	14.788571530000
4.882492257000	4.026691935000	8.693654572000	4.882492257000	25.502071640000	14.787367050000
4.900710512000	4.027482085000	8.692378347000	4.900710512000	25.504881600000	14.786207760000
4.918928767000	4.018564609000	8.691695781000	4.918928767000	25.504861440000	14.787277330000
4.937147021000	4.019922845000	8.694203938000	4.937147021000	25.505202590000	14.785218850000
4.955365276000	4.016134885000	8.692961978000	4.955365276000	25.505930660000	14.785269400000
4.973583531000	4.015753253000	8.693429827000	4.973583531000	25.505683670000	14.785654160000
4.991801785000	4.007741873000	8.692562153000	4.991801785000	25.502079940000	14.785132580000
5.010020040000	3.961603803000	8.695311092000	5.010020040000	25.499289530000	14.785457580000
5.028238295000	3.933109892000	8.695858701000	5.028238295000	25.500207410000	14.785471110000
5.046456549000	3.940689547000	8.696503542000	5.046456549000	25.499638830000	14.785202490000
5.064674804000	3.958352407000	8.696780287000	5.064674804000	25.502378250000	14.784049610000
5.082893059000	3.949672890000	8.696074502000	5.082893059000	25.505535280000	14.785433860000
5.101111314000	3.941864862000	8.695877274000	5.101111314000	25.505103750000	14.784396060000
5.119329568000	3.937392508000	8.696549048000	5.119329568000	25.505290000000	14.785409350000
5.137547823000	3.937948359000	8.695939048000	5.137547823000	25.504563940000	14.785329520000
5.155766078000	3.941623913000	8.695416925000	5.155766078000	25.507803400000	14.784500340000
5.173984332000	3.946252010000	8.695724870000	5.173984332000	25.505018360000	14.785217590000
5.192202587000	3.937645240000	8.696050841000	5.192202587000	25.506286970000	14.784356780000
5.210420842000	3.940778805000	8.695697515000	5.210420842000	25.513028580000	14.784449380000
5.228639096000	3.936571112000	8.694476169000	5.228639096000	25.512310720000	14.784788180000
5.246857351000	3.941817216000	8.694480759000	5.246857351000	25.512685250000	14.784506210000
5.265075606000	3.940682714000	8.695160431000	5.265075606000	25.514995320000	14.784193830000
5.283293860000	3.938953976000	8.693668237000	5.283293860000	25.514655770000	14.783216350000
5.301512115000	3.938591802000	8.694386178000	5.301512115000	25.515315140000	14.783335320000
5.319730370000	3.934748655000	8.693239303000	5.319730370000	25.515169190000	14.782900920000
5.337948625000	3.922679008000	8.692615440000	5.337948625000	25.514321700000	14.784085950000
5.356166879000	3.908521016000	8.695878431000	5.356166879000	25.514221200000	14.783315140000
5.374385134000	3.887098264000	8.694487938000	5.374385134000	25.515050610000	14.783454170000
5.392603389000	3.875342038000	8.693510148000	5.392603389000	25.514397980000	14.782911720000
5.410821643000	3.865263839000	8.692092983000	5.410821643000	25.515835430000	14.783561610000
5.429039898000	3.863173888000	8.691895460000	5.429039898000	25.513229720000	14.782983040000
5.447258153000	3.861878024000	8.692017894000	5.447258153000	25.515222780000	14.783390740000
5.465476407000	3.869547873000	8.691590164000	5.465476407000	25.515699180000	14.782358710000
5.483694662000	3.875570972000	8.693047080000	5.483694662000	25.514860450000	14.783228390000
5.501912917000	3.876538275000	8.693080055000	5.501912917000	25.514024390000	14.783512280000
5.520131171000	3.873298760000	8.693474444000	5.520131171000	25.517463310000	14.783666900000
5.538349426000	3.872768943000	8.693291242000	5.538349426000	25.516162820000	14.784746910000
5.556567681000	3.870699414000	8.692420537000	5.556567681000	25.518075030000	14.784722090000
5.574785936000	3.878848664000	8.694000146000	5.574785936000	25.518327910000	14.784111660000
5.593004190000	3.871906374000	8.692913363000	5.593004190000	25.518269690000	14.784456460000
5.611222445000	3.866960895000	8.690993969000	5.611222445000	25.517757170000	14.784533130000
5.629440700000	3.867159536000	8.692412848000	5.629440700000	25.515987420000	14.784340630000
5.647658954000	3.874029812000	8.693642538000	5.647658954000	25.519130630000	14.784158150000
5.665877209000	3.877635447000	8.692770621000	5.665877209000	25.516619950000	14.784352970000
5.684095464000	3.876095002000	8.694268991000	5.684095464000	25.517674230000	14.783661890000
5.702313718000	3.875528987000	8.693477974000	5.702313718000	25.520479570000	14.784157750000
5.720531973000	3.877735352000	8.694124789000	5.720531973000	25.517074630000	14.783925990000
5.738750228000	3.874736439000	8.693173640000	5.738750228000	25.518419200000	14.783570790000
5.756968482000	3.875729147000	8.692974034000	5.756968482000	25.517666850000	14.783936740000
5.775186737000	3.876833353000	8.693592265000	5.775186737000	25.516294150000	14.783985750000
5.793404992000	3.879372496000	8.693919343000	5.793404992000	25.520488150000	14.784112260000
5.811623246000	3.880584231000	8.694837114000	5.811623246000	25.517530100000	14.783622750000
5.829841501000	3.873602760000	8.692799061000	5.829841501000	25.518258320000	14.783516620000
5.848059756000	3.874882281000	8.693372049000	5.848059756000	25.519041580000	14.783571400000
5.866278011000	3.874173117000	8.693999026000	5.866278011000	25.519908840000	14.784162460000
5.884496265000	3.877215203000	8.693876204000	5.884496265000	25.517833120000	14.783626260000
5.902714520000	3.878631095000	8.693204335000	5.902714520000	25.518279320000	14.783819310000
5.920932775000	3.873995548000	8.692630481000	5.920932775000	25.519862110000	14.783836200000
5.939151029000	3.869078648000	8.691467712000	5.939151029000	25.519318780000	14.783221260000
5.957369284000	3.879790792000	8.693934581000	5.957369284000	25.519555660000	14.783486940000
5.975587539000	3.886717033000	8.693295272000	5.975587539000	25.519160630000	14.783188150000
5.993805793000	3.898214394000	8.691853979000	5.993805793000	25.520142940000	14.782351320000
6.012024048000	3.925846989000	8.689599436000	6.012024048000	25.523325520000	14.782582780000
6.030242303000	3.954844146000	8.688670150000	6.030242303000	25.525381520000	14.782717510000
6.048460557000	3.987603977000	8.685492823000	6.048460557000	25.522377540000	14.782072660000
6.066678812000	4.034720649000	8.685106891000	6.066678812000	25.526713170000	14.782935030000
6.084897067000	4.206474213000	8.685802657000	6.084897067000	25.526037160000	14.783231000000
6.103115322000	4.318754906000	8.688693713000	6.103115322000	25.526945730000	14.783458460000
6.121333576000	4.472373539000	8.688322455000	6.121333576000	25.526483800000	14.784951650000
6.139551831000	4.598572086000	8.689558922000	6.139551831000	25.526705840000	14.785037800000
6.157770086000	4.702193919000	8.696801829000	6.157770086000	25.526847190000	14.784953210000
6.175988340000	4.773264044000	8.697458999000	6.175988340000	25.528268330000	14.784165920000
6.194206595000	5.002197301000	8.709278590000	6.194206595000	25.521090230000	14.784034450000
6.212424850000	5.267309873000	8.707409595000	6.212424850000	25.517277860000	14.783771850000
6.230643104000	5.446307478000	8.708585180000	6.230643104000	25.512278250000	14.783195710000
6.248861359000	5.495423984000	8.711386170000	6.248861359000	25.514771400000	14.784185430000
6.267079614000	5.565816429000	8.710489015000	6.267079614000	25.517666610000	14.782845390000
6.285297868000	5.756020284000	8.706147320000	6.285297868000	25.512368800000	14.783071750000
6.303516123000	6.155188938000	8.701836408000	6.303516123000	25.516580540000	14.782442520000
6.321734378000	6.385465307000	8.711335110000	6.321734378000	25.521871880000	14.780424650000
6.339952633000	6.422560485000	8.709473657000	6.339952633000	25.517584410000	14.779998620000
6.358170887000	6.419953472000	8.706947340000	6.358170887000	25.515407330000	14.780651120000
6.376389142000	6.501034343000	8.714142725000	6.376389142000	25.517198830000	14.779717660000
6.394607397000	6.778975610000	8.707157314000	6.394607397000	25.515977830000	14.780289720000
6.412825651000	7.011603360000	8.705649463000	6.412825651000	25.514151320000	14.778558040000
6.431043906000	7.281090356000	8.728590458000	6.431043906000	25.507885750000	14.776372480000
6.449262161000	7.310867925000	8.729583551000	6.449262161000	25.503782930000	14.776430470000
6.467480415000	7.274955404000	8.716559524000	6.467480415000	25.504071800000	14.775811400000
6.485698670000	7.412420779000	8.709837532000	6.485698670000	25.507525770000	14.775494190000
6.503916925000	7.700049259000	8.718804475000	6.503916925000	25.510850520000	14.771696170000
6.522135179000	7.991661943000	8.745241261000	6.522135179000	25.519198780000	14.769394690000
6.540353434000	8.029134849000	8.769390871000	6.540353434000	25.517457820000	14.768587500000
6.558571689000	7.995557905000	8.772048288000	6.558571689000	25.515718440000	14.769479160000
6.576789944000	7.986388561000	8.772416743000	6.576789944000	25.511259270000	14.770910850000
6.595008198000	8.101140673000	8.771536486000	6.595008198000	25.515557390000	14.768681760000
6.613226453000	8.417253114000	8.767447925000	6.613226453000	25.531864630000	14.770047940000
6.631444708000	8.558444253000	8.760467130000	6.631444708000	25.538880650000	14.769860030000
6.649662962000	8.727100637000	8.780134324000	6.649662962000	25.543124550000	14.772763880000
6.667881217000	8.744798903000	8.784783396000	6.667881217000	25.538909390000	14.771981290000
6.686099472000	8.750910910000	8.786621040000	6.686099472000	25.540427420000	14.771606620000
6.704317726000	8.881298168000	8.785326033000	6.704317726000	25.560251340000	14.768887890000
6.722535981000	8.981346871000	8.778590248000	6.722535981000	25.566823140000	14.770505870000
6.740754236000	9.245658969000	8.781619680000	6.740754236000	25.569811160000	14.769521730000
6.758972490000	9.521969625000	8.794558457000	6.758972490000	25.573342130000	14.769156160000
6.777190745000	9.593082728000	8.776308713000	6.777190745000	25.584034100000	14.768067580000
6.795409000000	9.572729208000	8.768143616000	6.795409000000	25.583683200000	14.769659470000
6.813627255000	9.598294013000	8.766579673000	6.813627255000	25.590447380000	14.768516970000
6.831845509000	9.697531534000	8.762379453000	6.831845509000	25.592808420000	14.768217390000
6.850063764000	9.894477454000	8.767129302000	6.850063764000	25.590718400000	14.770324520000
6.868282019000	10.026335800000	8.761034879000	6.868282019000	25.584928520000	14.771485760000
6.886500273000	10.041793770000	8.760188248000	6.886500273000	25.581867380000	14.770993510000
6.904718528000	10.055026000000	8.754381234000	6.904718528000	25.584890060000	14.770886540000
6.922936783000	10.040003490000	8.755721064000	6.922936783000	25.587806610000	14.768740120000
6.941155037000	10.141215150000	8.759717118000	6.941155037000	25.591001780000	14.768582410000
6.959373292000	10.203909800000	8.755966056000	6.959373292000	25.589989160000	14.769807930000
6.977591547000	10.314679980000	8.755547583000	6.977591547000	25.602722840000	14.768050330000
