CALbump			CALext		
t	x	y	t	x	y
0.000000000000	0.819264006200	8.727669617000	0.000000000000	-11.486415760000	14.512676680000
0.018378298900	0.818367417900	8.726016216000	0.018378298900	-11.488169680000	14.512051120000
0.036756597810	0.818690049500	8.725593578000	0.036756597810	-11.486789380000	14.511828560000
0.055134896710	0.818730556600	8.727576412000	0.055134896710	-11.487174990000	14.511878570000
0.073513195620	0.817556456900	8.729401530000	0.073513195620	-11.486530070000	14.512113660000
0.091891494520	0.818406656400	8.728742926000	0.091891494520	-11.488565600000	14.511498400000
0.110269793400	0.817245068100	8.728274243000	0.110269793400	-11.485849010000	14.512062250000
0.128648092300	0.815814736400	8.729427327000	0.128648092300	-11.488356900000	14.512214350000
0.147026391200	0.814590525600	8.731396013000	0.147026391200	-11.486879800000	14.512101630000
0.165404690100	0.816165593600	8.729045100000	0.165404690100	-11.486561110000	14.512060760000
0.183782989000	0.815376606900	8.727492423000	0.183782989000	-11.487034320000	14.511949640000
0.202161288000	0.815494323500	8.726049241000	0.202161288000	-11.486911340000	14.511855320000
0.220539586900	0.816978899100	8.726019868000	0.220539586900	-11.489214180000	14.512203730000
0.238917885800	0.816185654000	8.727095636000	0.238917885800	-11.485829710000	14.511759370000
0.257296184700	0.816424298200	8.726787648000	0.257296184700	-11.486538270000	14.511943020000
0.275674483600	0.816915950900	8.726667729000	0.275674483600	-11.487158930000	14.511547470000
0.294052782500	0.819719217000	8.727122339000	0.294052782500	-11.488451700000	14.511822950000
0.312431081400	0.819389178800	8.728165407000	0.312431081400	-11.489540180000	14.512369170000
0.330809380300	0.817486130700	8.729170736000	0.330809380300	-11.486895800000	14.512269590000
0.349187679200	0.819370652700	8.728519247000	0.349187679200	-11.489018980000	14.512342280000
0.367565978100	0.818573187300	8.728104113000	0.367565978100	-11.486616990000	14.511857230000
0.385944277000	0.819749162900	8.729543044000	0.385944277000	-11.488008720000	14.512794040000
0.404322575900	0.818044626500	8.731000427000	0.404322575900	-11.488104420000	14.512381030000
0.422700874800	0.818794774200	8.731468592000	0.422700874800	-11.487551170000	14.511960650000
0.441079173700	0.819105796200	8.731210729000	0.441079173700	-11.487830540000	14.511912630000
0.459457472600	0.821670119600	8.731129359000	0.459457472600	-11.486997180000	14.511774670000
0.477835771500	0.820777713700	8.730969903000	0.477835771500	-11.486780870000	14.511956460000
0.496214070400	0.819945116600	8.730338775000	0.496214070400	-11.488081720000	14.512206330000
0.514592369300	0.820941325400	8.730106865000	0.514592369300	-11.487993380000	14.511757650000
0.532970668200	0.819855045500	8.729372416000	0.532970668200	-11.485234560000	14.512132030000
0.551348967100	0.821984923900	8.730352297000	0.551348967100	-11.486977310000	14.511883990000
0.569727266000	0.822320107000	8.730064330000	0.569727266000	-11.487871210000	14.512325550000
0.588105564900	0.823032522600	8.729346938000	0.588105564900	-11.488110680000	14.512123160000
0.606483863900	0.822287149300	8.728718912000	0.606483863900	-11.486022320000	14.512096460000
0.624862162800	0.821958827300	8.728468648000	0.624862162800	-11.486087380000	14.512164700000
0.643240461700	0.822184442200	8.728688296000	0.643240461700	-11.486492690000	14.511993800000
0.661618760600	0.821460238900	8.729648365000	0.661618760600	-11.488321940000	14.512341140000
0.679997059500	0.821222610200	8.729670616000	0.679997059500	-11.486323800000	14.512318030000
0.698375358400	0.820894677000	8.729377048000	0.698375358400	-11.489271480000	14.512513840000
0.716753657300	0.822750643700	8.730610720000	0.716753657300	-11.487607700000	14.512372920000
0.735131956200	0.824597692300	8.733912074000	0.735131956200	-11.487451420000	14.512599990000
0.753510255100	0.825849936300	8.733667558000	0.753510255100	-11.486336910000	14.512315600000
0.771888554000	0.824825649100	8.731865902000	0.771888554000	-11.487690840000	14.512605730000
0.790266852900	0.823121651000	8.730164642000	0.790266852900	-11.486113960000	14.511830970000
0.808645151800	0.825129347400	8.731398277000	0.808645151800	-11.486461120000	14.511915830000
0.827023450700	0.824212192600	8.730901665000	0.827023450700	-11.486650400000	14.512100830000
0.845401749600	0.822313463100	8.728524618000	0.845401749600	-11.487183050000	14.511937980000
0.863780048500	0.819996163900	8.726101706000	0.863780048500	-11.485630270000	14.512022830000
0.882158347400	0.819575739600	8.725475009000	0.882158347400	-11.487331870000	14.512746190000
0.900536646300	0.821962061400	8.726106216000	0.900536646300	-11.487611240000	14.512445520000
0.918914945200	0.824311524000	8.726401772000	0.918914945200	-11.486241660000	14.512203770000
0.937293244100	0.827634476800	8.727061500000	0.937293244100	-11.486662010000	14.512326080000
0.955671543000	0.830003805500	8.727614347000	0.955671543000	-11.487130150000	14.511182840000
0.974049841900	0.832650545400	8.729188018000	0.974049841900	-11.486138940000	14.511297030000
0.992428140900	0.833544143300	8.729590745000	0.992428140900	-11.486697630000	14.511598100000
1.010806440000	0.837742310800	8.728837352000	1.010806440000	-11.487363850000	14.511946740000
1.029184739000	0.832347022000	8.724786956000	1.029184739000	-11.485893080000	14.510735270000
1.047563038000	0.815683367500	8.711070257000	1.047563038000	-11.487076910000	14.511930760000
1.065941336000	0.806878110200	8.690786986000	1.065941336000	-11.486558900000	14.512950940000
1.084319635000	0.828342738500	8.657995295000	1.084319635000	-11.486867770000	14.512436370000
1.102697934000	0.800913939700	8.635898700000	1.102697934000	-11.487778090000	14.512975940000
1.121076233000	0.814730016200	8.591515110000	1.121076233000	-11.487044820000	14.512050220000
1.139454532000	0.799872656100	8.577460336000	1.139454532000	-11.487773220000	14.514069010000
1.157832831000	0.760530941700	8.554923736000	1.157832831000	-11.487206360000	14.513844840000
1.176211130000	0.795864293300	8.508519858000	1.176211130000	-11.487667380000	14.514169820000
1.194589429000	0.713258847400	8.487131752000	1.194589429000	-11.485311500000	14.513548200000
1.212967728000	0.731370870700	8.441685636000	1.212967728000	-11.486371490000	14.514600250000
1.231346027000	0.685647258300	8.430309451000	1.231346027000	-11.481163980000	14.514675930000
1.249724326000	0.621988593600	8.400186989000	1.249724326000	-11.486018590000	14.515813120000
1.268102624000	0.615478777300	8.356598096000	1.268102624000	-11.487627220000	14.514911970000
1.286480923000	0.531546667600	8.337166494000	1.286480923000	-11.487831020000	14.512877030000
1.304859222000	0.532066029500	8.294387706000	1.304859222000	-11.486022340000	14.512208030000
1.323237521000	0.518000509600	8.279181595000	1.323237521000	-11.486543010000	14.512745430000
1.341615820000	0.509176302600	8.227077279000	1.341615820000	-11.486075260000	14.513280490000
1.359994119000	0.405002789200	8.197325880000	1.359994119000	-11.484260460000	14.511254660000
1.378372418000	0.384360796100	8.154514003000	1.378372418000	-11.488715610000	14.511659720000
1.396750717000	0.350510043400	8.118657573000	1.396750717000	-11.481103750000	14.508239890000
1.415129016000	0.343620859400	8.104663947000	1.415129016000	-11.482604550000	14.510492360000
1.433507315000	0.350580996400	8.076703000000	1.433507315000	-11.483883750000	14.507244290000
1.451885613000	0.327844647300	8.058354578000	1.451885613000	-11.484183730000	14.506153050000
1.470263912000	0.293711809600	8.041024770000	1.470263912000	-11.482524400000	14.504457090000
1.488642211000	0.283129151300	8.030753012000	1.488642211000	-11.479610990000	14.504882350000
1.507020510000	0.308377861400	8.006625849000	1.507020510000	-11.478328150000	14.505079720000
1.525398809000	0.285015516200	7.989518652000	1.525398809000	-11.473303210000	14.505128730000
1.543777108000	0.275452189900	7.977030390000	1.543777108000	-11.471898800000	14.502811190000
1.562155407000	0.271211833400	7.967997030000	1.562155407000	-11.471109090000	14.503452230000
1.580533706000	0.267608855500	7.963913638000	1.580533706000	-11.470071160000	14.503255070000
1.598912005000	0.239894563000	7.959033586000	1.598912005000	-11.468279490000	14.501477550000
1.617290304000	0.218429712000	7.946025627000	1.617290304000	-11.466623810000	14.501017830000
1.635668603000	0.221938942800	7.919899600000	1.635668603000	-11.466643670000	14.501586940000
1.654046901000	0.212439424700	7.907664835000	1.654046901000	-11.465763630000	14.501611330000
1.672425200000	0.168232368000	7.894707958000	1.672425200000	-11.464205550000	14.502277120000
1.690803499000	0.103140931400	7.882368378000	1.690803499000	-11.465789940000	14.501192240000
1.709181798000	0.051976439030	7.869738959000	1.709181798000	-11.465357440000	14.501307490000
1.727560097000	0.053367975380	7.864001654000	1.727560097000	-11.462283330000	14.503043080000
1.745938396000	0.014620730030	7.840749609000	1.745938396000	-11.460640970000	14.502598910000
1.764316695000	-0.050131154830	7.827963090000	1.764316695000	-11.459641200000	14.503148270000
1.782694994000	-0.099507010990	7.819669879000	1.782694994000	-11.456608560000	14.502093160000
1.801073293000	-0.103013683800	7.816023650000	1.801073293000	-11.455712140000	14.503304220000
1.819451592000	-0.134056195600	7.806107547000	1.819451592000	-11.454648810000	14.503738280000
1.837829890000	-0.213135492000	7.797274003000	1.837829890000	-11.452075980000	14.503519790000
1.856208189000	-0.248664056300	7.795538159000	1.856208189000	-11.450362000000	14.503363920000
1.874586488000	-0.273389354800	7.783765002000	1.874586488000	-11.457604750000	14.504336430000
1.892964787000	-0.353821547300	7.763482755000	1.892964787000	-11.457548070000	14.504272770000
1.911343086000	-0.427503068900	7.754695580000	1.911343086000	-11.457956850000	14.505203510000
1.929721385000	-0.519591885800	7.746967437000	1.929721385000	-11.461197480000	14.505057240000
1.948099684000	-0.555882027200	7.743780561000	1.948099684000	-11.461454920000	14.504771190000
1.966477983000	-0.705093102000	7.718020631000	1.966477983000	-11.458182190000	14.505567710000
1.984856282000	-0.709045918100	7.710962042000	1.984856282000	-11.462480740000	14.504780600000
2.003234581000	-0.750746235900	7.690711014000	2.003234581000	-11.458893420000	14.505438380000
2.021612880000	-0.784674855900	7.680541134000	2.021612880000	-11.463686470000	14.503341100000
2.039991178000	-0.823043531800	7.677501319000	2.039991178000	-11.463584810000	14.505818260000
2.058369477000	-0.868947354600	7.670354918000	2.058369477000	-11.463447750000	14.504367680000
2.076747776000	-0.912618860700	7.664800645000	2.076747776000	-11.471129950000	14.504484390000
2.095126075000	-0.943589413200	7.658303999000	2.095126075000	-11.469013600000	14.505214240000
2.113504374000	-0.944238532000	7.652873302000	2.113504374000	-11.464145570000	14.506564710000
2.131882673000	-0.963427382700	7.654313718000	2.131882673000	-11.463857540000	14.506836670000
2.150260972000	-0.991564185900	7.650754099000	2.150260972000	-11.471051950000	14.507105280000
2.168639271000	-1.009604836000	7.655110476000	2.168639271000	-11.466557680000	14.506650550000
2.187017570000	-0.987378804300	7.656160195000	2.187017570000	-11.468022940000	14.506099430000
2.205395869000	-0.977324764500	7.650457399000	2.205395869000	-11.466623940000	14.505985900000
2.223774167000	-0.977074328200	7.655536779000	2.223774167000	-11.468140030000	14.505762990000
2.242152466000	-0.994205452200	7.648367741000	2.242152466000	-11.464716150000	14.506051150000
2.260530765000	-1.007194795000	7.650305841000	2.260530765000	-11.471582990000	14.502855610000
2.278909064000	-1.015183080000	7.645893026000	2.278909064000	-11.469730840000	14.506893680000
2.297287363000	-1.028085741000	7.635247776000	2.297287363000	-11.476864350000	14.506099640000
2.315665662000	-1.062785139000	7.619060645000	2.315665662000	-11.470071160000	14.508295170000
2.334043961000	-1.131071256000	7.605503074000	2.334043961000	-11.469921800000	14.506904560000
2.352422260000	-1.171680566000	7.598621706000	2.352422260000	-11.471917100000	14.506258290000
2.370800559000	-1.199511382000	7.593637500000	2.370800559000	-11.468760780000	14.505747750000
2.389178858000	-1.207909286000	7.581753728000	2.389178858000	-11.465572560000	14.507551900000
2.407557157000	-1.215830236000	7.573701090000	2.407557157000	-11.465962000000	14.507728060000
2.425935455000	-1.227223131000	7.553886984000	2.425935455000	-11.466225440000	14.507518160000
2.444313754000	-1.231608665000	7.536917260000	2.444313754000	-11.467180100000	14.507271480000
2.462692053000	-1.238069776000	7.527784091000	2.462692053000	-11.467067470000	14.505956880000
2.481070352000	-1.231894986000	7.524518491000	2.481070352000	-11.471879910000	14.504573320000
2.499448651000	-1.229104395000	7.522293054000	2.499448651000	-11.467529650000	14.505405980000
2.517826950000	-1.211302662000	7.520667075000	2.517826950000	-11.465834970000	14.505441280000
2.536205249000	-1.195107157000	7.518625904000	2.536205249000	-11.466035950000	14.505214940000
2.554583548000	-1.192905240000	7.515076173000	2.554583548000	-11.465443840000	14.504796820000
2.572961847000	-1.196115295000	7.513436407000	2.572961847000	-11.469952360000	14.506759860000
2.591340146000	-1.195978274000	7.508214359000	2.591340146000	-11.466959480000	14.504004810000
2.609718444000	-1.190776808000	7.503906240000	2.609718444000	-11.472837900000	14.501818600000
2.628096743000	-1.193875884000	7.508950639000	2.628096743000	-11.470714960000	14.504483580000
2.646475042000	-1.203286947000	7.505383972000	2.646475042000	-11.468791500000	14.502347350000
2.664853341000	-1.211776195000	7.496083529000	2.664853341000	-11.470809550000	14.503335200000
2.683231640000	-1.225568457000	7.482963626000	2.683231640000	-11.470412970000	14.502416480000
2.701609939000	-1.227650290000	7.466277641000	2.701609939000	-11.469759590000	14.502770110000
2.719988238000	-1.227247741000	7.461760466000	2.719988238000	-11.469897110000	14.501902720000
2.738366537000	-1.239815881000	7.455856336000	2.738366537000	-11.469125630000	14.502465380000
2.756744836000	-1.248258619000	7.449726645000	2.756744836000	-11.468351330000	14.502032480000
2.775123135000	-1.252893811000	7.447759459000	2.775123135000	-11.467663070000	14.501776770000
2.793501434000	-1.269520568000	7.443681309000	2.793501434000	-11.469000220000	14.502056510000
2.811879732000	-1.292165912000	7.434198880000	2.811879732000	-11.468404450000	14.501475330000
2.830258031000	-1.298905592000	7.418244982000	2.830258031000	-11.468703760000	14.501498660000
2.848636330000	-1.302818426000	7.394870546000	2.848636330000	-11.470754120000	14.500397160000
2.867014629000	-1.305034248000	7.385675581000	2.867014629000	-11.471179590000	14.499856180000
2.885392928000	-1.333621854000	7.377141539000	2.885392928000	-11.468685500000	14.499706850000
2.903771227000	-1.364706376000	7.373023292000	2.903771227000	-11.472283810000	14.499119680000
2.922149526000	-1.363869508000	7.371503599000	2.922149526000	-11.471556130000	14.498475400000
2.940527825000	-1.357999454000	7.369411158000	2.940527825000	-11.469351780000	14.498308240000
2.958906124000	-1.365663179000	7.365143197000	2.958906124000	-11.469635470000	14.497564610000
2.977284423000	-1.378387493000	7.359979782000	2.977284423000	-11.467859800000	14.498121970000
2.995662721000	-1.370417392000	7.352490664000	2.995662721000	-11.470373420000	14.499281190000
3.014041020000	-1.367317546000	7.353779007000	3.014041020000	-11.470655280000	14.498477890000
3.032419319000	-1.373094292000	7.347645928000	3.032419319000	-11.472957590000	14.498105440000
3.050797618000	-1.361228672000	7.344839426000	3.050797618000	-11.469872870000	14.498513600000
3.069175917000	-1.384439066000	7.330044373000	3.069175917000	-11.471872890000	14.499475090000
3.087554216000	-1.382182152000	7.317150398000	3.087554216000	-11.472024850000	14.498826830000
3.105932515000	-1.412787659000	7.306205621000	3.105932515000	-11.471801950000	14.499100170000
3.124310814000	-1.453114241000	7.299678806000	3.124310814000	-11.471172370000	14.499549420000
3.142689113000	-1.448105534000	7.285598843000	3.142689113000	-11.472324810000	14.499966550000
3.161067412000	-1.438122394000	7.270148692000	3.161067412000	-11.474130330000	14.499095170000
3.179445711000	-1.503762049000	7.254182898000	3.179445711000	-11.476350410000	14.498396660000
3.197824009000	-1.500267712000	7.235564825000	3.197824009000	-11.476233690000	14.498987650000
3.216202308000	-1.465198502000	7.227323166000	3.216202308000	-11.477077380000	14.497569760000
3.234580607000	-1.400402438000	7.224082203000	3.234580607000	-11.475290850000	14.497664880000
3.252958906000	-1.365087073000	7.225902609000	3.252958906000	-11.475692810000	14.497067840000
3.271337205000	-1.348508831000	7.224233914000	3.271337205000	-11.476427730000	14.496678740000
3.289715504000	-1.314625834000	7.217504219000	3.289715504000	-11.477293780000	14.496915660000
3.308093803000	-1.266964225000	7.214779549000	3.308093803000	-11.473226070000	14.498029840000
3.326472102000	-1.263193185000	7.216126669000	3.326472102000	-11.475139570000	14.497418360000
3.344850401000	-1.241631085000	7.214100000000	3.344850401000	-11.472869630000	14.498080970000
3.363228700000	-1.234092354000	7.218245891000	3.363228700000	-11.476130540000	14.497270640000
3.381606998000	-1.257038990000	7.217433688000	3.381606998000	-11.474888650000	14.499044400000
3.399985297000	-1.209815187000	7.221727403000	3.399985297000	-11.474951020000	14.498006870000
3.418363596000	-1.219759340000	7.224104586000	3.418363596000	-11.474220200000	14.498990180000
3.436741895000	-1.223779679000	7.224893281000	3.436741895000	-11.475296790000	14.498050250000
3.455120194000	-1.215911332000	7.223366039000	3.455120194000	-11.473211180000	14.498958430000
3.473498493000	-1.202489523000	7.221732755000	3.473498493000	-11.476553590000	14.498823890000
3.491876792000	-1.192885892000	7.222209184000	3.491876792000	-11.475226410000	14.498483690000
3.510255091000	-1.190046401000	7.222333992000	3.510255091000	-11.475318730000	14.498910350000
3.528633390000	-1.197703232000	7.222733502000	3.528633390000	-11.478157020000	14.497785020000
3.547011689000	-1.193390505000	7.224047852000	3.547011689000	-11.475056190000	14.498401840000
3.565389988000	-1.181403449000	7.223354833000	3.565389988000	-11.476384900000	14.498283940000
3.583768286000	-1.187846095000	7.224299487000	3.583768286000	-11.474930090000	14.498130780000
3.602146585000	-1.193706061000	7.225272138000	3.602146585000	-11.474948090000	14.500151500000
3.620524884000	-1.188389207000	7.225341603000	3.620524884000	-11.474591200000	14.499348910000
3.638903183000	-1.193508075000	7.225941741000	3.638903183000	-11.477024190000	14.498183360000
3.657281482000	-1.194108541000	7.226335842000	3.657281482000	-11.474958010000	14.499217210000
3.675659781000	-1.197298354000	7.225906132000	3.675659781000	-11.475387470000	14.499245350000
3.694038080000	-1.205789964000	7.226584544000	3.694038080000	-11.475149690000	14.498804710000
3.712416379000	-1.197217268000	7.226534458000	3.712416379000	-11.475477020000	14.498725490000
3.730794678000	-1.190721246000	7.226799623000	3.730794678000	-11.473201400000	14.498492480000
3.749172977000	-1.210314454000	7.228538278000	3.749172977000	-11.475153880000	14.500960030000
3.767551275000	-1.213426240000	7.228915013000	3.767551275000	-11.476474660000	14.498666200000
3.785929574000	-1.208634156000	7.227727282000	3.785929574000	-11.474928760000	14.498711400000
3.804307873000	-1.210251684000	7.227393478000	3.804307873000	-11.475396780000	14.499463850000
3.822686172000	-1.216897293000	7.229275191000	3.822686172000	-11.476466150000	14.499689540000
3.841064471000	-1.209537994000	7.228733563000	3.841064471000	-11.474569140000	14.501183030000
3.859442770000	-1.188292168000	7.227379085000	3.859442770000	-11.476567460000	14.499899270000
3.877821069000	-1.167097263000	7.230429597000	3.877821069000	-11.475714170000	14.498803910000
3.896199368000	-1.171916863000	7.231669109000	3.896199368000	-11.475753150000	14.499275870000
3.914577667000	-1.183845172000	7.231504385000	3.914577667000	-11.474434390000	14.501399840000
3.932955966000	-1.197388939000	7.230285975000	3.932955966000	-11.474843560000	14.500864270000
3.951334265000	-1.184441111000	7.228140582000	3.951334265000	-11.477916820000	14.499314070000
3.969712563000	-1.179631193000	7.229376249000	3.969712563000	-11.475194510000	14.500653960000
3.988090862000	-1.182482556000	7.230468296000	3.988090862000	-11.473809900000	14.501233500000
4.006469161000	-1.188381754000	7.230262059000	4.006469161000	-11.472892670000	14.501235870000
4.024847460000	-1.200391398000	7.231023784000	4.024847460000	-11.474110470000	14.501920830000
4.043225759000	-1.202180471000	7.232393636000	4.043225759000	-11.473953040000	14.501875350000
4.061604058000	-1.202857495000	7.232211822000	4.061604058000	-11.473545790000	14.501826870000
4.079982357000	-1.204954494000	7.230929052000	4.079982357000	-11.476327540000	14.502083850000
4.098360656000	-1.201533548000	7.229462894000	4.098360656000	-11.474458170000	14.501200760000
4.116738955000	-1.193138824000	7.229386141000	4.116738955000	-11.471805120000	14.501793150000
4.135117254000	-1.193362968000	7.231765871000	4.135117254000	-11.474772270000	14.501519760000
4.153495552000	-1.194460214000	7.231333586000	4.153495552000	-11.473183740000	14.501868940000
4.171873851000	-1.195548465000	7.229049233000	4.171873851000	-11.472818050000	14.502204420000
4.190252150000	-1.194108412000	7.227768663000	4.190252150000	-11.474640030000	14.501729230000
4.208630449000	-1.192473593000	7.227313043000	4.208630449000	-11.473202660000	14.502406270000
4.227008748000	-1.187725096000	7.228975120000	4.227008748000	-11.470836810000	14.500444390000
4.245387047000	-1.188314302000	7.228842153000	4.245387047000	-11.474760960000	14.499901690000
4.263765346000	-1.194800123000	7.228056383000	4.263765346000	-11.472286970000	14.500826360000
4.282143645000	-1.198035552000	7.229424563000	4.282143645000	-11.473746790000	14.499320040000
4.300521944000	-1.199249172000	7.230043902000	4.300521944000	-11.473414240000	14.499225370000
4.318900243000	-1.210918451000	7.231474895000	4.318900243000	-11.476366890000	14.499261720000
4.337278541000	-1.200893305000	7.228991708000	4.337278541000	-11.476344690000	14.499172690000
4.355656840000	-1.192990061000	7.227854409000	4.355656840000	-11.474235910000	14.499093580000
4.374035139000	-1.191875847000	7.227845432000	4.374035139000	-11.473860750000	14.500085980000
4.392413438000	-1.202965145000	7.228762452000	4.392413438000	-11.474509930000	14.500778400000
4.410791737000	-1.204226956000	7.228213749000	4.410791737000	-11.471098000000	14.500037280000
4.429170036000	-1.192222929000	7.228867071000	4.429170036000	-11.474936370000	14.500258460000
4.447548335000	-1.173470366000	7.227638113000	4.447548335000	-11.473645560000	14.500627180000
4.465926634000	-1.180764513000	7.230186299000	4.465926634000	-11.473390980000	14.500598140000
4.484304933000	-1.199205608000	7.231324246000	4.484304933000	-11.473146100000	14.500581050000
4.502683232000	-1.202901384000	7.231643638000	4.502683232000	-11.470545290000	14.499874770000
4.521061531000	-1.196284133000	7.233685200000	4.521061531000	-11.468581970000	14.499139350000
4.539439829000	-1.121251903000	7.236798098000	4.539439829000	-11.474238580000	14.499413660000
4.557818128000	-1.090074961000	7.246386091000	4.557818128000	-11.473068240000	14.499505760000
4.576196427000	-1.080923616000	7.246560103000	4.576196427000	-11.472073180000	14.499588010000
4.594574726000	-1.085536268000	7.258947722000	4.594574726000	-11.472693630000	14.500148900000
4.612953025000	-1.049563494000	7.276153025000	4.612953025000	-11.469242240000	14.499670700000
4.631331324000	-1.026043137000	7.290332890000	4.631331324000	-11.469267880000	14.500649930000
4.649709623000	-0.942912776200	7.294951557000	4.649709623000	-11.471196600000	14.500040960000
4.668087922000	-0.922299477300	7.294857480000	4.668087922000	-11.470602740000	14.500904980000
4.686466221000	-0.938379815600	7.305719840000	4.686466221000	-11.470840630000	14.500102010000
4.704844520000	-1.006454742000	7.315822553000	4.704844520000	-11.466281700000	14.500960100000
4.723222818000	-0.997327887600	7.318260675000	4.723222818000	-11.465729950000	14.500060240000
4.741601117000	-0.977634587400	7.315967168000	4.741601117000	-11.466838450000	14.498173330000
4.759979416000	-0.987717606200	7.327046721000	4.759979416000	-11.466822230000	14.500700010000
4.778357715000	-1.080177634000	7.362865196000	4.778357715000	-11.469450190000	14.500619290000
4.796736014000	-1.227537320000	7.388115423000	4.796736014000	-11.468507480000	14.501462970000
4.815114313000	-1.273769562000	7.392398329000	4.815114313000	-11.467445150000	14.502339210000
4.833492612000	-1.300800843000	7.401692736000	4.833492612000	-11.468082940000	14.500215650000
4.851870911000	-1.284923075000	7.406255464000	4.851870911000	-11.463729590000	14.499793540000
4.870249210000	-1.289357162000	7.429484342000	4.870249210000	-11.466311760000	14.499562480000
4.888627509000	-1.301373665000	7.436338504000	4.888627509000	-11.465064840000	14.499824920000
4.907005808000	-1.306083594000	7.443593425000	4.907005808000	-11.464231460000	14.499726540000
4.925384106000	-1.280320699000	7.453968527000	4.925384106000	-11.463547780000	14.498581600000
4.943762405000	-1.276665454000	7.458119897000	4.943762405000	-11.464378320000	14.500543830000
4.962140704000	-1.273970133000	7.462805326000	4.962140704000	-11.464797760000	14.497562910000
4.980519003000	-1.276953336000	7.464947332000	4.980519003000	-11.468017950000	14.500089940000
4.998897302000	-1.292036616000	7.467771858000	4.998897302000	-11.467765200000	14.500844560000
5.017275601000	-1.301193769000	7.469031664000	5.017275601000	-11.471788650000	14.500603120000
5.035653900000	-1.294202631000	7.467768811000	5.035653900000	-11.471983150000	14.500584600000
5.054032199000	-1.283239392000	7.469296362000	5.054032199000	-11.470617830000	14.500730200000
5.072410498000	-1.281384355000	7.466043684000	5.072410498000	-11.466500790000	14.501530780000
5.090788797000	-1.282351441000	7.462236322000	5.090788797000	-11.465746490000	14.501254540000
5.109167095000	-1.268794121000	7.458569804000	5.109167095000	-11.465213100000	14.501099980000
5.127545394000	-1.264903962000	7.459428837000	5.127545394000	-11.464329540000	14.500936160000
5.145923693000	-1.266168982000	7.467589754000	5.145923693000	-11.466640060000	14.501796190000
5.164301992000	-1.262708067000	7.466517281000	5.164301992000	-11.461902120000	14.499450930000
5.182680291000	-1.252026745000	7.463000044000	5.182680291000	-11.464986350000	14.500846060000
5.201058590000	-1.165583697000	7.461203130000	5.201058590000	-11.462184280000	14.501485270000
5.219436889000	-1.141997954000	7.457764859000	5.219436889000	-11.458577600000	14.502826070000
5.237815188000	-1.131080127000	7.459080053000	5.237815188000	-11.460962750000	14.503011330000
5.256193487000	-1.116532874000	7.461618288000	5.256193487000	-11.461358060000	14.503488230000
5.274571786000	-1.098663603000	7.460695798000	5.274571786000	-11.462838910000	14.502430420000
5.292950085000	-0.983204911200	7.457134152000	5.292950085000	-11.463274410000	14.501416140000
5.311328383000	-0.859582073500	7.449270725000	5.311328383000	-11.462809250000	14.499747560000
5.329706682000	-0.680464140300	7.443494649000	5.329706682000	-11.460366630000	14.499471580000
5.348084981000	-0.647129219200	7.460801844000	5.348084981000	-11.463154770000	14.503114470000
5.366463280000	-0.620222586500	7.458285506000	5.366463280000	-11.458500740000	14.504253240000
5.384841579000	-0.600485711400	7.456856146000	5.384841579000	-11.461283840000	14.506528220000
5.403219878000	-0.606270528700	7.468478654000	5.403219878000	-11.458683250000	14.506751200000
5.421598177000	-0.512882756000	7.495058931000	5.421598177000	-11.455901630000	14.512400810000
5.439976476000	-0.418148715500	7.521963355000	5.439976476000	-11.458197850000	14.514165980000
5.458354775000	-0.398778095400	7.531106189000	5.458354775000	-11.461420640000	14.514921560000
5.476733074000	-0.388127870400	7.532014761000	5.476733074000	-11.461490360000	14.516152220000
5.495111372000	-0.366972638100	7.529965933000	5.495111372000	-11.453218570000	14.518938970000
5.513489671000	-0.370158010800	7.530300085000	5.513489671000	-11.453015640000	14.517762390000
5.531867970000	-0.349347137100	7.541753658000	5.531867970000	-11.454748820000	14.517388100000
5.550246269000	-0.237850770000	7.577593965000	5.550246269000	-11.455783810000	14.517439500000
5.568624568000	-0.209213212600	7.596821700000	5.568624568000	-11.462973470000	14.517012310000
5.587002867000	-0.195977718000	7.605584219000	5.587002867000	-11.468815010000	14.516962590000
5.605381166000	-0.195953073300	7.608948151000	5.605381166000	-11.463321770000	14.516457750000
5.623759465000	-0.165842546000	7.622334565000	5.623759465000	-11.463001070000	14.516695820000
5.642137764000	-0.088200680210	7.657401309000	5.642137764000	-11.469892110000	14.517051810000
5.660516063000	-0.051277415490	7.678049881000	5.660516063000	-11.471727600000	14.518334530000
5.678894362000	-0.046549122810	7.682853184000	5.678894362000	-11.466582640000	14.518385130000
5.697272660000	-0.038988156800	7.692571082000	5.697272660000	-11.465601680000	14.518376900000
5.715650959000	-0.026763266100	7.702723651000	5.715650959000	-11.466213600000	14.518322210000
5.734029258000	-0.010947747620	7.711708072000	5.734029258000	-11.466580790000	14.517937270000
5.752407557000	-0.003221444421	7.711137361000	5.752407557000	-11.464865980000	14.517990650000
5.770785856000	0.070736207700	7.720690203000	5.770785856000	-11.467265090000	14.517490210000
5.789164155000	0.087431745660	7.736904326000	5.789164155000	-11.465119300000	14.516731060000
5.807542454000	0.090141277180	7.746000148000	5.807542454000	-11.462894260000	14.516401990000
5.825920753000	0.092645757210	7.745068459000	5.825920753000	-11.470994510000	14.516536900000
5.844299052000	0.094324918160	7.749031557000	5.844299052000	-11.471265600000	14.516269750000
5.862677351000	0.092168088110	7.756096992000	5.862677351000	-11.468818110000	14.516009360000
5.881055649000	0.083898466150	7.761110470000	5.881055649000	-11.466158570000	14.514937460000
5.899433948000	0.085432870630	7.761075865000	5.899433948000	-11.466797080000	14.514974010000
5.917812247000	0.081994109060	7.762484738000	5.917812247000	-11.464807870000	14.514020020000
5.936190546000	0.079437377390	7.767770398000	5.936190546000	-11.466777410000	14.514453950000
5.954568845000	0.130932354600	7.798899922000	5.954568845000	-11.461812620000	14.514442750000
5.972947144000	0.141267484600	7.811218682000	5.972947144000	-11.460263410000	14.514583810000
5.991325443000	0.147550268600	7.815548103000	5.991325443000	-11.463392280000	14.514995720000
6.009703742000	0.144652451200	7.815484886000	6.009703742000	-11.463512830000	14.514601230000
6.028082041000	0.141661559900	7.820744476000	6.028082041000	-11.459515400000	14.514119910000
6.046460340000	0.146084780300	7.824462605000	6.046460340000	-11.460710460000	14.514223660000
6.064838639000	0.147173842400	7.828642240000	6.064838639000	-11.462452470000	14.513394480000
6.083216937000	0.148887681000	7.831115721000	6.083216937000	-11.458119500000	14.514669690000
6.101595236000	0.137097549500	7.833378717000	6.101595236000	-11.458785940000	14.514415380000
6.119973535000	0.116237358100	7.837377941000	6.119973535000	-11.454770850000	14.515248930000
6.138351834000	0.116510793800	7.845451118000	6.138351834000	-11.454352100000	14.514379770000
6.156730133000	0.124522318900	7.846391167000	6.156730133000	-11.459803090000	14.515478410000
6.175108432000	0.128415053400	7.846024058000	6.175108432000	-11.457158530000	14.515250460000
6.193486731000	0.121995384600	7.848594642000	6.193486731000	-11.455062150000	14.515676490000
6.211865030000	0.150645356200	7.866058426000	6.211865030000	-11.457271850000	14.515516540000
6.230243329000	0.149163354600	7.886103338000	6.230243329000	-11.454271710000	14.515714380000
6.248621628000	0.149342285900	7.896343833000	6.248621628000	-11.456398850000	14.515648220000
6.266999926000	0.146333195900	7.901842279000	6.266999926000	-11.458029730000	14.515427840000
6.285378225000	0.141058469000	7.905460625000	6.285378225000	-11.454793610000	14.514229870000
6.303756524000	0.138367074400	7.908427721000	6.303756524000	-11.451577960000	14.515362160000
6.322134823000	0.139260616100	7.907585302000	6.322134823000	-11.455591890000	14.515985690000
6.340513122000	0.138066160200	7.906983066000	6.340513122000	-11.454071110000	14.515621720000
6.358891421000	0.131186277000	7.911405690000	6.358891421000	-11.452633720000	14.516225590000
6.377269720000	0.133593161600	7.922165897000	6.377269720000	-11.452864500000	14.516188370000
6.395648019000	0.133633405400	7.924862867000	6.395648019000	-11.454383660000	14.515040780000
6.414026318000	0.134801910900	7.935396696000	6.414026318000	-11.455661220000	14.515264980000
6.432404617000	0.135395629300	7.934566556000	6.432404617000	-11.449574560000	14.514551470000
6.450782916000	0.139256619300	7.931499977000	6.450782916000	-11.453363430000	14.514610780000
6.469161214000	0.185926647000	7.954762908000	6.469161214000	-11.452598640000	14.515075590000
6.487539513000	0.204426070400	7.967229544000	6.487539513000	-11.451962820000	14.514977020000
6.505917812000	0.228257224700	7.970794418000	6.505917812000	-11.453359320000	14.516036130000
6.524296111000	0.227252629000	7.969903405000	6.524296111000	-11.453475150000	14.516313830000
6.542674410000	0.219004400600	7.970367632000	6.542674410000	-11.450456660000	14.516203650000
6.561052709000	0.212270457000	7.971560421000	6.561052709000	-11.452688020000	14.516963240000
6.579431008000	0.189937227200	7.972699060000	6.579431008000	-11.455867590000	14.516114860000
6.597809307000	0.159227368000	7.973572875000	6.597809307000	-11.454681620000	14.516467240000
6.616187606000	0.143244374100	7.976842235000	6.616187606000	-11.454402560000	14.515533240000
6.634565905000	0.138496018200	7.977828616000	6.634565905000	-11.453947750000	14.515291270000
6.652944203000	0.133979046100	7.978260667000	6.652944203000	-11.453968330000	14.516499160000
6.671322502000	0.140981124400	7.979764191000	6.671322502000	-11.456501510000	14.515958510000
6.689700801000	0.153066240200	7.983199049000	6.689700801000	-11.452964200000	14.516208110000
6.708079100000	0.152636205000	7.986718139000	6.708079100000	-11.455647230000	14.515628740000
6.726457399000	0.161600412800	7.992141396000	6.726457399000	-11.453705420000	14.515934450000
6.744835698000	0.177324979500	7.993369927000	6.744835698000	-11.453987800000	14.515892500000
6.763213997000	0.211418550500	7.994461424000	6.763213997000	-11.450011610000	14.515589370000
6.781592296000	0.225694660300	8.002858849000	6.781592296000	-11.453963810000	14.517617320000
6.799970595000	0.224392876900	8.007445321000	6.799970595000	-11.454566170000	14.517568700000
6.818348894000	0.312708156900	8.022996929000	6.818348894000	-11.453939930000	14.516937300000
6.836727193000	0.331083665900	8.032236623000	6.836727193000	-11.454961500000	14.518139690000
6.855105491000	0.333239363300	8.044870004000	6.855105491000	-11.453803660000	14.517898260000
6.873483790000	0.338097184200	8.048774704000	6.873483790000	-11.451237520000	14.517555380000
6.891862089000	0.340495523800	8.054328763000	6.891862089000	-11.452689080000	14.517487410000
6.910240388000	0.329545982200	8.055459651000	6.910240388000	-11.450569380000	14.517327000000
